-1.968700000000000117e+01 1.267973565664673438e+13
-1.937450000000000117e+01 1.262761325052389062e+13
-1.906200000000000117e+01 1.257876908480811523e+13
-1.874950000000000117e+01 1.253320315949940625e+13
-1.843700000000000117e+01 1.249091547459776172e+13
-1.812450000000000117e+01 1.245190603010318359e+13
-1.781200000000000117e+01 1.241617482601567188e+13
-1.749950000000000117e+01 1.238372186233522656e+13
-1.718700000000000117e+01 1.235454713906184766e+13
-1.687450000000000117e+01 1.232865065619553125e+13
-1.656200000000000117e+01 1.230603241373628516e+13
-1.624950000000000117e+01 1.228669241168410547e+13
-1.593700000000000117e+01 1.227063065003899219e+13
-1.562450000000000117e+01 1.225784712880094336e+13
-1.531200000000000117e+01 1.224834184796996094e+13
-1.499950000000000117e+01 1.224211480754604688e+13
-1.468700000000000117e+01 1.223916600752919531e+13
-1.437450000000000117e+01 1.223949544791941211e+13
-1.406200000000000117e+01 1.224310312871669531e+13
-1.374950000000000117e+01 1.224998904992104492e+13
-1.343700000000000117e+01 1.226015321153246094e+13
-1.312450000000000117e+01 1.227359561355094531e+13
-1.281200000000000117e+01 1.229031625597649219e+13
-1.249950000000000117e+01 1.231031513880910547e+13
-1.218700000000000117e+01 1.233359226204878711e+13
-1.187450000000000117e+01 1.236014762569553516e+13
-1.156200000000000117e+01 1.238998122974934766e+13
-1.124950000000000117e+01 1.242309307421022656e+13
-1.093700000000000117e+01 1.245948315907817383e+13
-1.062450000000000117e+01 1.249915148435318555e+13
-1.031200000000000117e+01 1.254209805003526562e+13
-9.999500000000001165e+00 1.258832285612441016e+13
-9.687000000000001165e+00 1.263782590262066797e+13
-9.374500000000001165e+00 1.268482524493351562e+13
-9.062000000000001165e+00 1.274276672901674219e+13
-8.749500000000001165e+00 1.282631891385505078e+13
-8.437000000000001165e+00 1.293000685573000586e+13
-8.124500000000001165e+00 1.304598014110194141e+13
-7.812000000000001165e+00 1.317387183722569922e+13
-7.499500000000001165e+00 1.330743622916083789e+13
-7.187000000000001165e+00 1.344622552362358398e+13
-6.874500000000001165e+00 1.359144666941973047e+13
-6.562000000000001165e+00 1.372190274506055469e+13
-6.249500000000001165e+00 1.380954074462235156e+13
-5.937000000000001165e+00 1.386447227329823828e+13
-5.624500000000001165e+00 1.389659002989124219e+13
-5.312000000000001165e+00 1.391529317593634766e+13
-4.999500000000001165e+00 1.394643299021032422e+13
-4.687000000000001165e+00 1.399947060049834961e+13
-4.374500000000001165e+00 1.406310968728182422e+13
-4.062000000000001165e+00 1.413760916511025781e+13
-3.749500000000001165e+00 1.420397479826935156e+13
-3.437000000000001165e+00 1.426129857052941992e+13
-3.124500000000001165e+00 1.431637488093611523e+13
-2.812000000000001165e+00 1.437062584441901953e+13
-2.499500000000001165e+00 1.441181863180866992e+13
-2.187000000000001165e+00 1.444172462823498047e+13
-1.874500000000001165e+00 1.446270986215642383e+13
-1.562000000000001165e+00 1.449725667019159375e+13
-1.249500000000001165e+00 1.454069067716629492e+13
-9.370000000000011653e-01 1.459527121040413672e+13
-6.245000000000011653e-01 1.464798672959475195e+13
-3.120000000000011653e-01 1.469922583451585938e+13
4.999999999988347099e-04 1.475563489991947656e+13
3.129999999999988347e-01 1.482633952553153516e+13
6.254999999999988347e-01 1.291356824484744141e+13
9.379999999999988347e-01 1.559318848382619531e+13
1.250499999999998835e+00 2.175157882309181250e+13
1.562999999999998835e+00 3.000989315366954688e+13
1.875499999999998835e+00 3.869352214321298438e+13
2.187999999999998835e+00 4.578857209573428125e+13
2.500499999999998835e+00 4.890143050877864062e+13
2.812999999999998835e+00 5.414182399959117188e+13
3.125499999999998835e+00 5.987501072846578125e+13
3.437999999999998835e+00 6.612290454422301562e+13
3.750499999999998835e+00 7.290741929568340625e+13
4.062999999999998835e+00 8.025046883166750000e+13
4.375499999999998835e+00 8.817396700099578125e+13
4.687999999999998835e+00 9.669982765248884375e+13
5.000499999999998835e+00 1.058499646349671875e+14
5.312999999999998835e+00 1.156462917972514062e+14
5.625499999999998835e+00 1.261117246626236719e+14
5.937999999999998835e+00 1.372716829405204844e+14
6.250499999999998835e+00 1.491435729446846875e+14
6.562999999999998835e+00 1.617277725230105938e+14
6.875499999999998835e+00 1.750046260341584688e+14
7.187999999999998835e+00 1.889374493709400312e+14
7.500499999999998835e+00 2.034815450304733125e+14
7.812999999999998835e+00 2.185947196960305625e+14
8.125499999999998835e+00 2.342357817253459688e+14
8.437999999999998835e+00 2.503635394761534688e+14
8.750499999999998835e+00 2.669368013061870938e+14
9.062999999999998835e+00 2.839143755731808750e+14
9.375499999999998835e+00 3.012550706348687500e+14
9.687999999999998835e+00 3.189176948489848125e+14
1.000049999999999883e+01 3.368610565732630000e+14
1.031299999999999883e+01 3.550439641654375000e+14
1.062549999999999883e+01 3.734252259832421875e+14
1.093799999999999883e+01 3.919636503844111250e+14
1.125049999999999883e+01 4.106180457266783125e+14
1.156299999999999883e+01 4.293472203677778125e+14
1.187549999999999883e+01 4.481099826654436250e+14
1.218799999999999883e+01 4.668651409774096250e+14
1.250049999999999883e+01 4.855715036614101250e+14
1.281299999999999883e+01 5.041878790751788125e+14
1.312549999999999883e+01 5.226730755764500000e+14
1.343799999999999883e+01 5.409859015229575000e+14
1.375049999999999883e+01 5.590851652724353750e+14
1.406299999999999883e+01 5.769287405896740000e+14
1.437549999999999883e+01 5.944721647571045000e+14
1.468799999999999883e+01 6.116784518007073750e+14
1.500049999999999883e+01 6.285265038265065000e+14
1.531299999999999883e+01 6.450139147993998750e+14
1.562549999999999883e+01 6.611541667643287500e+14
1.593799999999999883e+01 6.769682185097837500e+14
1.625049999999999883e+01 6.924746923418967500e+14
1.656299999999999883e+01 7.076912759738553750e+14
1.687549999999999883e+01 7.226356571188472500e+14
1.718799999999999883e+01 7.373255234900602500e+14
1.750049999999999883e+01 7.517785628006825000e+14
1.781299999999999883e+01 7.660124627639016250e+14
1.812549999999999883e+01 7.800449110929055000e+14
1.843799999999999883e+01 7.938935955008820000e+14
1.875049999999999883e+01 8.075762037010187500e+14
1.906299999999999883e+01 8.211104234065036250e+14
1.937549999999999883e+01 8.345139423305245000e+14
1.968799999999999883e+01 8.478044481862695000e+14
2.000049999999999883e+01 8.609996286869257500e+14
2.031299999999999883e+01 8.741171715456817500e+14
2.062549999999999883e+01 8.871747644757250000e+14
2.093799999999999883e+01 9.001900951902435000e+14
2.125049999999999883e+01 9.131808514024250000e+14
2.156299999999999883e+01 9.261647208254570000e+14
2.187549999999999883e+01 9.391593911725277500e+14
2.218799999999999883e+01 9.521825501568248750e+14
2.250049999999999883e+01 9.652518854915365000e+14
2.281299999999999883e+01 9.783855494423570000e+14
2.312549999999999883e+01 9.916028556562490000e+14
2.343799999999999883e+01 1.004919401360118875e+15
2.375049999999999883e+01 1.018342886388253125e+15
2.406299999999999883e+01 1.031871719524797750e+15
2.437549999999999883e+01 1.045496412161279250e+15
2.468799999999999883e+01 1.059203759269168000e+15
2.500049999999999883e+01 1.072981717201201375e+15
2.531299999999999883e+01 1.086818706862624500e+15
2.562549999999999883e+01 1.100703149158682500e+15
2.593799999999999883e+01 1.114623464994620000e+15
2.625049999999999883e+01 1.128568075275681500e+15
2.656299999999999883e+01 1.142525400907112500e+15
2.687549999999999883e+01 1.156483862794157000e+15
2.718799999999999883e+01 1.170431881842061000e+15
2.750049999999999883e+01 1.184357878956068250e+15
2.781299999999999883e+01 1.198250275041424250e+15
2.812549999999999883e+01 1.212097491003373500e+15
2.843799999999999883e+01 1.225887947747160750e+15
2.875049999999999883e+01 1.239610066178031000e+15
2.906299999999999883e+01 1.253252267201229500e+15
2.937549999999999883e+01 1.266802971722000500e+15
2.968799999999999883e+01 1.280250600645589500e+15
3.000049999999999883e+01 1.293583574877240750e+15
3.031299999999999883e+01 1.306790315322199000e+15
3.062549999999999883e+01 1.319859242885709500e+15
3.093799999999999883e+01 1.332778778473017250e+15
3.125049999999999883e+01 1.345537040020195000e+15
3.156299999999999883e+01 1.358121388040387500e+15
3.187549999999999883e+01 1.370521606800111750e+15
3.218800000000000239e+01 1.382732631041800000e+15
3.250050000000000239e+01 1.394755454891316000e+15
3.281300000000000239e+01 1.406596222950439000e+15
3.312550000000000239e+01 1.418263503574321000e+15
3.343800000000000239e+01 1.429765107695184500e+15
3.375050000000000239e+01 1.441108543276080750e+15
3.406300000000000239e+01 1.452301318280061000e+15
3.437550000000000239e+01 1.463350940670177250e+15
3.468800000000000239e+01 1.474264918409480000e+15
3.500050000000000239e+01 1.485050759461021000e+15
3.531300000000000239e+01 1.495715971787851250e+15
3.562550000000000239e+01 1.506268063353022500e+15
3.593800000000000239e+01 1.516714542119585500e+15
3.625050000000000239e+01 1.527062916050592500e+15
3.656300000000000239e+01 1.537320693109093500e+15
3.687550000000000239e+01 1.547495381258140750e+15
3.718800000000000239e+01 1.557594488460785500e+15
3.750050000000000239e+01 1.567625522680078500e+15
3.781300000000000239e+01 1.577595991879071500e+15
3.812550000000000239e+01 1.587513404020816000e+15
3.843800000000000239e+01 1.597385267068363000e+15
3.875050000000000239e+01 1.607219088984763500e+15
3.906300000000000239e+01 1.617022377733069500e+15
3.937550000000000239e+01 1.626802641276332000e+15
3.968800000000000239e+01 1.636567581923517000e+15
4.000050000000000239e+01 1.646325387848378500e+15
4.031300000000000239e+01 1.656082692457350000e+15
4.062550000000000239e+01 1.665842825276313000e+15
4.093800000000000239e+01 1.675605228912850000e+15
4.125050000000000239e+01 1.685366042093991000e+15
4.156300000000000239e+01 1.695119848779446000e+15
4.187550000000000239e+01 1.704861718793712500e+15
4.218800000000000239e+01 1.714586916307203000e+15
4.250050000000000239e+01 1.724290705490330250e+15
4.281300000000000239e+01 1.733968350513506000e+15
4.312550000000000239e+01 1.743615115547143750e+15
4.343800000000000239e+01 1.753226264761655000e+15
4.375050000000000239e+01 1.762797062327453000e+15
4.406300000000000239e+01 1.772322772414949000e+15
4.437550000000000239e+01 1.781798659194557500e+15
4.468800000000000239e+01 1.791219986836689000e+15
4.500050000000000239e+01 1.800582019511757000e+15
4.531300000000000239e+01 1.809880021390174000e+15
4.562550000000000239e+01 1.819109256642351500e+15
4.593800000000000239e+01 1.828264989438703000e+15
4.625050000000000239e+01 1.837342483949641000e+15
4.656300000000000239e+01 1.846337004345577000e+15
4.687550000000000239e+01 1.855243814796924250e+15
4.718800000000000239e+01 1.864058179474095250e+15
4.750050000000000239e+01 1.872775362547501750e+15
4.781300000000000239e+01 1.881390628187557000e+15
4.812550000000000239e+01 1.889899169102657500e+15
4.843800000000000239e+01 1.898295999346161500e+15
4.875050000000000239e+01 1.906576704667551000e+15
4.906300000000000239e+01 1.914738085670573500e+15
4.937550000000000239e+01 1.922778372199285250e+15
4.968800000000000239e+01 1.930697008952008000e+15
5.000050000000000239e+01 1.938494012323187000e+15
5.031300000000000239e+01 1.946169220052229750e+15
5.062550000000000239e+01 1.953722398416527000e+15
5.093800000000000239e+01 1.961153313693469750e+15
5.125050000000000239e+01 1.968461732160450000e+15
5.156300000000000239e+01 1.975647420094858500e+15
5.187550000000000239e+01 1.982710143774087000e+15
5.218800000000000239e+01 1.989649669475526000e+15
5.250050000000000239e+01 1.996465647099400000e+15
5.281300000000000239e+01 2.003157435603014500e+15
5.312550000000000239e+01 2.009725324961013750e+15
5.343800000000000239e+01 2.016171583559886500e+15
5.375050000000000239e+01 2.022500807329467500e+15
5.406300000000000239e+01 2.028719570611436750e+15
5.437550000000000239e+01 2.034835378764811500e+15
5.468800000000000239e+01 2.040855446205692250e+15
5.500050000000000239e+01 2.046786870973011000e+15
5.531300000000000239e+01 2.052636751105700000e+15
5.562550000000000239e+01 2.058412184642692750e+15
5.593800000000000239e+01 2.064120269622920750e+15
5.625050000000000239e+01 2.069768104085316250e+15
5.656300000000000239e+01 2.075362786068812500e+15
5.687550000000000239e+01 2.080911761885752000e+15
5.718800000000000239e+01 2.086423348532005000e+15
5.750050000000000239e+01 2.091903076816155750e+15
5.781300000000000239e+01 2.097350556898807250e+15
5.812550000000000239e+01 2.102758433472348750e+15
5.843800000000000239e+01 2.108113430581189000e+15
5.875050000000000239e+01 2.113399486082451000e+15
5.906300000000000239e+01 2.118601408516783750e+15
5.937550000000000239e+01 2.123704354698248250e+15
5.968800000000000239e+01 2.128693481440904250e+15
6.000050000000000239e+01 2.133553945558812750e+15
6.031300000000000239e+01 2.138270903866032750e+15
6.062550000000000239e+01 2.142829513176625500e+15
6.093800000000000239e+01 2.147214930304651000e+15
6.125050000000000239e+01 2.151412312064169250e+15
6.156300000000000239e+01 2.155406815269241000e+15
6.187550000000000239e+01 2.159183596733925750e+15
6.218800000000000239e+01 2.162727813272284750e+15
6.250050000000000239e+01 2.166024621698377250e+15
6.281300000000000239e+01 2.169059178826264250e+15
6.312550000000000239e+01 2.171816641470006000e+15
6.343800000000000239e+01 2.174282166443662250e+15
6.375050000000000239e+01 2.176440910561294000e+15
6.406300000000000239e+01 2.178278030636960500e+15
6.437550000000000239e+01 2.179778683484722750e+15
6.468800000000000239e+01 2.180928025918640750e+15
6.500050000000000239e+01 2.181711214752774500e+15
6.531300000000000239e+01 2.182113027267441750e+15
6.562550000000000239e+01 2.182117291908600750e+15
6.593800000000000239e+01 2.181710873392156000e+15
6.625050000000000239e+01 2.180887088507650000e+15
6.656300000000000239e+01 2.179646844719491000e+15
6.687550000000000239e+01 2.177997501565723250e+15
6.718800000000000239e+01 2.175949454854338500e+15
6.750050000000000239e+01 2.173512151558969500e+15
6.781300000000000239e+01 2.170694659119506000e+15
6.812550000000000239e+01 2.167506044975837750e+15
6.843800000000000239e+01 2.163955376567854000e+15
6.875050000000000239e+01 2.160051721335445000e+15
6.906300000000000239e+01 2.155804146718500000e+15
6.937550000000000239e+01 2.151221720156909000e+15
6.968800000000000239e+01 2.146313509090561500e+15
7.000050000000000239e+01 2.141088580959347000e+15
7.031300000000000239e+01 2.135556003203155250e+15
7.062550000000000239e+01 2.129724843261876250e+15
7.093800000000000239e+01 2.123604168575399500e+15
7.125050000000000239e+01 2.117203046583614500e+15
7.156300000000000239e+01 2.110530544726411000e+15
7.187550000000000239e+01 2.103595730443679000e+15
7.218800000000000239e+01 2.096407671175307750e+15
7.250050000000000239e+01 2.088975434361186500e+15
7.281300000000000239e+01 2.081308087441206250e+15
7.312550000000000239e+01 2.073414697855255500e+15
7.343800000000000239e+01 2.065304333043224500e+15
7.375050000000000239e+01 2.056986060445002500e+15
7.406300000000000239e+01 2.048468947500480000e+15
7.437550000000000239e+01 2.039762061649545750e+15
7.468800000000000239e+01 2.030874470332089500e+15
7.500050000000000239e+01 2.021815240988001500e+15
7.531300000000000239e+01 2.012593441057171000e+15
7.562550000000000239e+01 2.003218137979488000e+15
7.593800000000000239e+01 1.993698399194842000e+15
7.625050000000000239e+01 1.984043292143122750e+15
7.656300000000000239e+01 1.974261884264219500e+15
7.687550000000000239e+01 1.964363242998022250e+15
7.718800000000000239e+01 1.954356435784420500e+15
7.750050000000000239e+01 1.944250530063304000e+15
7.781300000000000239e+01 1.934054593274562750e+15
7.812550000000000239e+01 1.923777692858086500e+15
7.843800000000000239e+01 1.913428896253764000e+15
7.875050000000000239e+01 1.903017270901486000e+15
7.906300000000000239e+01 1.892551884241141500e+15
7.937550000000000239e+01 1.882041803712620500e+15
7.968800000000000239e+01 1.871496096755812000e+15
8.000050000000000239e+01 1.860923830810607000e+15
8.031300000000000239e+01 1.850334073316894000e+15
8.062550000000000239e+01 1.839735891714562500e+15
8.093800000000000239e+01 1.829138353443503500e+15
8.125050000000000239e+01 1.818550525943606000e+15
8.156300000000000239e+01 1.807981476654759000e+15
8.187550000000000239e+01 1.797440273016853000e+15
8.218800000000000239e+01 1.786935982469777500e+15
8.250050000000000239e+01 1.776477760477133250e+15
8.281300000000000239e+01 1.766074982561801500e+15
8.312550000000000239e+01 1.755736320056968750e+15
8.343800000000000239e+01 1.745468947892726750e+15
8.375050000000000239e+01 1.735278280524936000e+15
8.406300000000000239e+01 1.725168236006360750e+15
8.437550000000000239e+01 1.715142028200072500e+15
8.468800000000000239e+01 1.705203091028422500e+15
8.500050000000000239e+01 1.695354946437472500e+15
8.531300000000000239e+01 1.685601116373284250e+15
8.562550000000000239e+01 1.675945122781920500e+15
8.593800000000000239e+01 1.666390487609443500e+15
8.625050000000000239e+01 1.656940732801915000e+15
8.656300000000000239e+01 1.647599380305397000e+15
8.687550000000000239e+01 1.638369952065952500e+15
8.718800000000000239e+01 1.629255970029643000e+15
8.750050000000000239e+01 1.620260956142530750e+15
8.781300000000000239e+01 1.611388432350678500e+15
8.812550000000000239e+01 1.602641920600147500e+15
8.843800000000000239e+01 1.594024942837000250e+15
8.875050000000000239e+01 1.585541021007299500e+15
8.906300000000000239e+01 1.577193677057106750e+15
8.937550000000000239e+01 1.568986432932484500e+15
8.968800000000000239e+01 1.560922810579495000e+15
9.000050000000000239e+01 1.553006331944199750e+15
9.031300000000000239e+01 1.545240518972661500e+15
9.062550000000000239e+01 1.537628893610942500e+15
9.093800000000000239e+01 1.530174977805105000e+15
9.125050000000000239e+01 1.522882420445878000e+15
9.156300000000000239e+01 1.515755187785658500e+15
9.187550000000000239e+01 1.508796230519506500e+15
9.218800000000000239e+01 1.502006341283142500e+15
9.250050000000000239e+01 1.495383773818944000e+15
9.281300000000000239e+01 1.488924623809948500e+15
9.312550000000000239e+01 1.482623971381857500e+15
9.343800000000000239e+01 1.476477214022039000e+15
9.375050000000000239e+01 1.470479876162529000e+15
9.406300000000000239e+01 1.464627482235363250e+15
9.437550000000000239e+01 1.458915556672577000e+15
9.468800000000000239e+01 1.453339623906206500e+15
9.500050000000000239e+01 1.447895208368287250e+15
9.531300000000000239e+01 1.442577834490855000e+15
9.562550000000000239e+01 1.437383026705945250e+15
9.593800000000000239e+01 1.432306309445594000e+15
9.625050000000000239e+01 1.427343207141836500e+15
9.656300000000000239e+01 1.422489244226708500e+15
9.687550000000000239e+01 1.417739945132246500e+15
9.718800000000000239e+01 1.413090834290485250e+15
9.750050000000000239e+01 1.408537436133460500e+15
9.781300000000000239e+01 1.404075275093208750e+15
9.812550000000000239e+01 1.399699875601765000e+15
9.843800000000000239e+01 1.395406762091165000e+15
9.875050000000000239e+01 1.391191458993444500e+15
9.906300000000000239e+01 1.387049490740639500e+15
9.937550000000000239e+01 1.382976381764785500e+15
9.968800000000000239e+01 1.378967598860988500e+15
1.000005000000000024e+02 1.375018464732031000e+15
1.003130000000000024e+02 1.371124763176132000e+15
1.006255000000000024e+02 1.367283257819310000e+15
1.009380000000000024e+02 1.363491865026174000e+15
1.012505000000000024e+02 1.359749480989133500e+15
1.015630000000000024e+02 1.356055462996033500e+15
1.018755000000000024e+02 1.352409024242396000e+15
1.021880000000000024e+02 1.348809320286812500e+15
1.025005000000000024e+02 1.345255506687876000e+15
1.028130000000000024e+02 1.341746739004178500e+15
1.031255000000000024e+02 1.338282172794311500e+15
1.034380000000000024e+02 1.334860963616868000e+15
1.037505000000000024e+02 1.331482267030439000e+15
1.040630000000000024e+02 1.328145238593617500e+15
1.043755000000000024e+02 1.324849033864995750e+15
1.046880000000000024e+02 1.321592808403165500e+15
1.050005000000000024e+02 1.318375717766719000e+15
1.053130000000000024e+02 1.315196917514248000e+15
1.056255000000000024e+02 1.312055563204345500e+15
1.059380000000000024e+02 1.308950810395603000e+15
1.062505000000000024e+02 1.305881814646612750e+15
1.065630000000000024e+02 1.302847731515966750e+15
1.068755000000000024e+02 1.299847716562257750e+15
1.071880000000000024e+02 1.296880925344077500e+15
1.075005000000000024e+02 1.293946513420018000e+15
1.078130000000000024e+02 1.291043636348672000e+15
1.081255000000000024e+02 1.288171449688630500e+15
1.084380000000000024e+02 1.285329108998486750e+15
1.087505000000000024e+02 1.282515769836832500e+15
1.090630000000000024e+02 1.279730587762259500e+15
1.093755000000000024e+02 1.276972718333360500e+15
1.096880000000000024e+02 1.274241317108727000e+15
1.100005000000000024e+02 1.271535539646952000e+15
1.103130000000000024e+02 1.268854541506627000e+15
1.106255000000000024e+02 1.266197478246344500e+15
1.109380000000000024e+02 1.263563505424696500e+15
1.112505000000000024e+02 1.260951778600275000e+15
1.115630000000000024e+02 1.258361453331672500e+15
1.118755000000000024e+02 1.255791685177480500e+15
1.121880000000000024e+02 1.253241629696292000e+15
1.125005000000000024e+02 1.250710442446698250e+15
1.128130000000000024e+02 1.248197278987292000e+15
1.131255000000000024e+02 1.245701294876665000e+15
1.134380000000000024e+02 1.243221645673409750e+15
1.137505000000000024e+02 1.240757486936118500e+15
1.140630000000000024e+02 1.238307974223383000e+15
1.143755000000000024e+02 1.235872263093796000e+15
1.146880000000000024e+02 1.233449509105948500e+15
1.150005000000000024e+02 1.231038867818433500e+15
1.153130000000000024e+02 1.228639494789843250e+15
1.156255000000000024e+02 1.226250545578769500e+15
1.159380000000000024e+02 1.223871175743804750e+15
1.162505000000000024e+02 1.221500540843540500e+15
1.165630000000000024e+02 1.219137783189506500e+15
1.168755000000000024e+02 1.216782011975574500e+15
1.171880000000000024e+02 1.214432442372120000e+15
1.175005000000000024e+02 1.212088514749587750e+15
1.178130000000000024e+02 1.209749934419681750e+15
1.181255000000000024e+02 1.207416631894175500e+15
1.184380000000000024e+02 1.205088643661345000e+15
1.187505000000000024e+02 1.202765973091810750e+15
1.190630000000000024e+02 1.200448610309129000e+15
1.193755000000000024e+02 1.198136545436856000e+15
1.196880000000000024e+02 1.195829768598548750e+15
1.200005000000000024e+02 1.193528269917764000e+15
1.203130000000000024e+02 1.191232039518057750e+15
1.206255000000000024e+02 1.188941067522987000e+15
1.209380000000000024e+02 1.186655344056108250e+15
1.212505000000000024e+02 1.184374859240977750e+15
1.215630000000000024e+02 1.182099603201153000e+15
1.218755000000000024e+02 1.179829566060189500e+15
1.221880000000000024e+02 1.177564737941644750e+15
1.225005000000000024e+02 1.175305108969075000e+15
1.228130000000000024e+02 1.173050669266036500e+15
1.231255000000000024e+02 1.170801408956086250e+15
1.234380000000000024e+02 1.168557318162781000e+15
1.237505000000000024e+02 1.166318387009676750e+15
1.240630000000000024e+02 1.164084605620330750e+15
1.243755000000000024e+02 1.161855964118299000e+15
1.246880000000000024e+02 1.159632452627138250e+15
1.250005000000000024e+02 1.157414061270405500e+15
1.253130000000000024e+02 1.155200780171657000e+15
1.256255000000000024e+02 1.152992599454449000e+15
1.259380000000000024e+02 1.150789509242338750e+15
1.262505000000000024e+02 1.148591499658882500e+15
1.265630000000000024e+02 1.146398560827637000e+15
1.268755000000000024e+02 1.144210682872158500e+15
1.271880000000000024e+02 1.142027855916004000e+15
1.275005000000000024e+02 1.139850070082730000e+15
1.278130000000000024e+02 1.137677315495892750e+15
1.281254999999999882e+02 1.135509582279049500e+15
1.284379999999999882e+02 1.133346860555756500e+15
1.287504999999999882e+02 1.131189140449570000e+15
1.290629999999999882e+02 1.129036412084047000e+15
1.293754999999999882e+02 1.126888665582744000e+15
1.296879999999999882e+02 1.124745891069217500e+15
1.300004999999999882e+02 1.122608078667024125e+15
1.303129999999999882e+02 1.120475218499720750e+15
1.306254999999999882e+02 1.118347300690863500e+15
1.309379999999999882e+02 1.116224315364009000e+15
1.312504999999999882e+02 1.114106252642714500e+15
1.315629999999999882e+02 1.111993102650536000e+15
1.318754999999999882e+02 1.109884855511030250e+15
1.321879999999999882e+02 1.107781501347753625e+15
1.325004999999999882e+02 1.105683030284263000e+15
1.328129999999999882e+02 1.103589432444114625e+15
1.331254999999999882e+02 1.101500697950865500e+15
1.334379999999999882e+02 1.099416816928072250e+15
1.337504999999999882e+02 1.097337779499291125e+15
1.340629999999999882e+02 1.095263575788078875e+15
1.343754999999999882e+02 1.093194195917992000e+15
1.346879999999999882e+02 1.091129630012587250e+15
1.350004999999999882e+02 1.089069868195421250e+15
1.353129999999999882e+02 1.087014900590050375e+15
1.356254999999999882e+02 1.084964717320031125e+15
1.359379999999999882e+02 1.082919308508920375e+15
1.362504999999999882e+02 1.080878664280274500e+15
1.365629999999999882e+02 1.078842774757650500e+15
1.368754999999999882e+02 1.076811630064604750e+15
1.371879999999999882e+02 1.074785220324693500e+15
1.375004999999999882e+02 1.072763535661473750e+15
1.378129999999999882e+02 1.070746566198502000e+15
1.381254999999999882e+02 1.068734302059334500e+15
1.384379999999999882e+02 1.066726733367528375e+15
1.387504999999999882e+02 1.064723850246640250e+15
1.390629999999999882e+02 1.062725642820226125e+15
1.393754999999999882e+02 1.060732101211843125e+15
1.396879999999999882e+02 1.058743215545047500e+15
1.400004999999999882e+02 1.056758975943395875e+15
1.403129999999999882e+02 1.054779372530445000e+15
1.406254999999999882e+02 1.052804395429751500e+15
1.409379999999999882e+02 1.050834034764871875e+15
1.412504999999999882e+02 1.048868280659362750e+15
1.415629999999999882e+02 1.046907123236780500e+15
1.418754999999999882e+02 1.044950552620682000e+15
1.421879999999999882e+02 1.042998558934623875e+15
1.425004999999999882e+02 1.041051132302162750e+15
1.428129999999999882e+02 1.039108262846854750e+15
1.431254999999999882e+02 1.037169940692256875e+15
1.434379999999999882e+02 1.035236155961925625e+15
1.437504999999999882e+02 1.033306898779417500e+15
1.440629999999999882e+02 1.031382159268289125e+15
1.443754999999999882e+02 1.029461927552097250e+15
1.446879999999999882e+02 1.027546193754398250e+15
1.450004999999999882e+02 1.025634947998749000e+15
1.453129999999999882e+02 1.023728180408705625e+15
1.456254999999999882e+02 1.021825881107825375e+15
1.459379999999999882e+02 1.019928040219664250e+15
1.462504999999999882e+02 1.018034647867779000e+15
1.465629999999999882e+02 1.016145694175726375e+15
1.468754999999999882e+02 1.014261169267063000e+15
1.471879999999999882e+02 1.012381063265345250e+15
1.475004999999999882e+02 1.010505366294129750e+15
1.478129999999999882e+02 1.008634068476973250e+15
1.481254999999999882e+02 1.006767159937432250e+15
1.484379999999999882e+02 1.004904630799063125e+15
1.487504999999999882e+02 1.003046471185423000e+15
1.490629999999999882e+02 1.001192671220067875e+15
1.493754999999999882e+02 9.993432210265547500e+14
1.496879999999999882e+02 9.974981107284400000e+14
1.500004999999999882e+02 9.956573304492803750e+14
1.503129999999999882e+02 9.938208703126322500e+14
1.506254999999999882e+02 9.919887204420523750e+14
1.509379999999999882e+02 9.901608709610973750e+14
1.512504999999999882e+02 9.883373119933238750e+14
1.515629999999999882e+02 9.865180336622883750e+14
1.518754999999999882e+02 9.847030260915475000e+14
1.521879999999999882e+02 9.828922794046576250e+14
1.525004999999999882e+02 9.810857837251757500e+14
1.528129999999999882e+02 9.792835291766580000e+14
1.531254999999999882e+02 9.774855058826612500e+14
1.534379999999999882e+02 9.756917039667420000e+14
1.537504999999999882e+02 9.739021135524571250e+14
1.540629999999999882e+02 9.721167247633627500e+14
1.543754999999999882e+02 9.703355277230158750e+14
1.546879999999999882e+02 9.685585125549730000e+14
1.550004999999999882e+02 9.667856693827905000e+14
1.553129999999999882e+02 9.650169883300252500e+14
1.556254999999999882e+02 9.632524595202335000e+14
1.559379999999999882e+02 9.614920730769720000e+14
1.562504999999999882e+02 9.597358191237975000e+14
1.565629999999999882e+02 9.579836877842665000e+14
1.568754999999999882e+02 9.562356691819355000e+14
1.571879999999999882e+02 9.544917534403612500e+14
1.575004999999999882e+02 9.527519306831002500e+14
1.578129999999999882e+02 9.510161910337090000e+14
1.581254999999999882e+02 9.492845246157442500e+14
1.584379999999999882e+02 9.475569215527622500e+14
1.587504999999999882e+02 9.458333719683201250e+14
1.590629999999999882e+02 9.441138659859741250e+14
1.593754999999999882e+02 9.423983937292810000e+14
1.596879999999999882e+02 9.406869453217972500e+14
1.600004999999999882e+02 9.389795108870795000e+14
1.603129999999999882e+02 9.372760805486845000e+14
1.606254999999999882e+02 9.355766444301682500e+14
1.609379999999999882e+02 9.338811926550880000e+14
1.612504999999999882e+02 9.321897153470000000e+14
1.615629999999999882e+02 9.305022026294611250e+14
1.618754999999999882e+02 9.288186446260277500e+14
1.621879999999999882e+02 9.271390314602563750e+14
1.625004999999999882e+02 9.254633532557038750e+14
1.628129999999999882e+02 9.237916001359265000e+14
1.631254999999999882e+02 9.221237622244810000e+14
1.634379999999999882e+02 9.204598296449242500e+14
1.637504999999999882e+02 9.187997925208122500e+14
1.640629999999999882e+02 9.171436409757021250e+14
1.643754999999999882e+02 9.154913651331502500e+14
1.646879999999999882e+02 9.138429551167133750e+14
1.650004999999999882e+02 9.121984010499477500e+14
1.653129999999999882e+02 9.105576930564102500e+14
1.656254999999999882e+02 9.089208212596572500e+14
1.659379999999999882e+02 9.072877757832457500e+14
1.662504999999999882e+02 9.056585467507320000e+14
1.665629999999999882e+02 9.040331242856725000e+14
1.668754999999999882e+02 9.024114985116240000e+14
1.671879999999999882e+02 9.007936595521433750e+14
1.675004999999999882e+02 8.991795975307867500e+14
1.678129999999999882e+02 8.975693025711110000e+14
1.681254999999999882e+02 8.959627647966723750e+14
1.684379999999999882e+02 8.943599743310277500e+14
1.687504999999999882e+02 8.927609212977336250e+14
1.690629999999999882e+02 8.911655958203468750e+14
1.693754999999999882e+02 8.895739880224240000e+14
1.696879999999999882e+02 8.879860880275212500e+14
1.700004999999999882e+02 8.864018859591955000e+14
1.703129999999999882e+02 8.848213719410032500e+14
1.706254999999999882e+02 8.832445360965010000e+14
1.709379999999999882e+02 8.816713685492455000e+14
1.712504999999999882e+02 8.801018594227932500e+14
1.715629999999999882e+02 8.785359988407010000e+14
1.718754999999999882e+02 8.769737769265251250e+14
1.721879999999999882e+02 8.754151838038225000e+14
1.725004999999999882e+02 8.738602095961493750e+14
1.728129999999999882e+02 8.723088444270622500e+14
1.731254999999999882e+02 8.707610784201182500e+14
1.734379999999999882e+02 8.692169016988735000e+14
1.737504999999999882e+02 8.676763043868850000e+14
1.740629999999999882e+02 8.661392766077091250e+14
1.743754999999999882e+02 8.646058084849023750e+14
1.746879999999999882e+02 8.630758901420215000e+14
1.750004999999999882e+02 8.615495117026230000e+14
1.753129999999999882e+02 8.600266632902632500e+14
1.756254999999999882e+02 8.585073350284993750e+14
1.759379999999999882e+02 8.569915170408875000e+14
1.762504999999999882e+02 8.554791994509845000e+14
1.765629999999999882e+02 8.539703723823467500e+14
1.768754999999999882e+02 8.524650259585308750e+14
1.771879999999999882e+02 8.509631503030936250e+14
1.775004999999999882e+02 8.494647355395915000e+14
1.778129999999999882e+02 8.479697717915811250e+14
1.781254999999999882e+02 8.464782491826190000e+14
1.784379999999999882e+02 8.449901578362620000e+14
1.787504999999999882e+02 8.435054878760662500e+14
1.790629999999999882e+02 8.420242294255887500e+14
1.793754999999999882e+02 8.405463726083857500e+14
1.796879999999999882e+02 8.390719075480140000e+14
1.800004999999999882e+02 8.376008243680301250e+14
1.803129999999999882e+02 8.361331131919907500e+14
1.806254999999999882e+02 8.346687641434525000e+14
1.809379999999999882e+02 8.332077673459718750e+14
1.812504999999999882e+02 8.317501129231055000e+14
1.815629999999999882e+02 8.302957909984098750e+14
1.818754999999999882e+02 8.288447916954416250e+14
1.821879999999999882e+02 8.273971051377573750e+14
1.825004999999999882e+02 8.259527214489137500e+14
1.828129999999999882e+02 8.245116307524675000e+14
1.831254999999999882e+02 8.230738231719747500e+14
1.834379999999999882e+02 8.216392888309927500e+14
1.837504999999999882e+02 8.202080178530773750e+14
1.840629999999999882e+02 8.187800003617856250e+14
1.843754999999999882e+02 8.173552264806740000e+14
1.846879999999999882e+02 8.159336863332992500e+14
1.850004999999999882e+02 8.145153700432177500e+14
1.853129999999999882e+02 8.131002677339860000e+14
1.856254999999999882e+02 8.116883695291610000e+14
1.859379999999999882e+02 8.102796655522990000e+14
1.862504999999999882e+02 8.088741459269567500e+14
1.865629999999999882e+02 8.074718007766907500e+14
1.868754999999999882e+02 8.060726202250577500e+14
1.871879999999999882e+02 8.046765943956141250e+14
1.875004999999999882e+02 8.032837134119166250e+14
1.878129999999999882e+02 8.018939673975216250e+14
1.881254999999999882e+02 8.005073464759860000e+14
1.884379999999999882e+02 7.991238407708662500e+14
1.887504999999999882e+02 7.977434404057188750e+14
1.890629999999999882e+02 7.963661355041005000e+14
1.893754999999999882e+02 7.949919161895678750e+14
1.896879999999999882e+02 7.936207725856772500e+14
1.900004999999999882e+02 7.922526948159855000e+14
1.903129999999999882e+02 7.908876730040492500e+14
1.906254999999999882e+02 7.895256972734250000e+14
1.909379999999999882e+02 7.881667577476692500e+14
1.912504999999999882e+02 7.868108445503387500e+14
1.915629999999999882e+02 7.854579478049898750e+14
1.918754999999999882e+02 7.841080576351792500e+14
1.921879999999999882e+02 7.827611641644635000e+14
1.925004999999999882e+02 7.814172575163997500e+14
1.928129999999999882e+02 7.800763278145438750e+14
1.931254999999999882e+02 7.787383651824527500e+14
1.934379999999999882e+02 7.774033597436830000e+14
1.937504999999999882e+02 7.760713016217911250e+14
1.940629999999999882e+02 7.747421809403337500e+14
1.943754999999999882e+02 7.734159878228672500e+14
1.946879999999999882e+02 7.720927123929485000e+14
1.950004999999999882e+02 7.707723447741342500e+14
1.953129999999999882e+02 7.694548750899807500e+14
1.956254999999999882e+02 7.681402934640446250e+14
1.959379999999999882e+02 7.668285900198825000e+14
1.962504999999999882e+02 7.655197548810512500e+14
1.965629999999999882e+02 7.642137781711070000e+14
1.968754999999999882e+02 7.629106500136066250e+14
1.971879999999999882e+02 7.616103605321067500e+14
1.975004999999999882e+02 7.603128998501637500e+14
1.978129999999999882e+02 7.590182580913345000e+14
1.981254999999999882e+02 7.577264253791755000e+14
1.984379999999999882e+02 7.564373918372432500e+14
1.987504999999999882e+02 7.551511475890941250e+14
1.990629999999999882e+02 7.538676827582850000e+14
1.993754999999999882e+02 7.525869874683726250e+14
1.996879999999999882e+02 7.513090518429132500e+14
2.000004999999999882e+02 7.500338660054637500e+14
2.003129999999999882e+02 7.487614200795805000e+14
2.006254999999999882e+02 7.474917041888202500e+14
2.009379999999999882e+02 7.462247084567395000e+14
2.012504999999999882e+02 7.449604230068947500e+14
2.015629999999999882e+02 7.436988379628427500e+14
2.018754999999999882e+02 7.424399434481400000e+14
2.021879999999999882e+02 7.411837295863431250e+14
2.025004999999999882e+02 7.399301865010087500e+14
2.028129999999999882e+02 7.386793043156937500e+14
2.031254999999999882e+02 7.374310731539542500e+14
2.034379999999999882e+02 7.361854831393468750e+14
2.037504999999999882e+02 7.349425243954282500e+14
2.040629999999999882e+02 7.337021870457552500e+14
2.043754999999999882e+02 7.324644612138840000e+14
2.046879999999999882e+02 7.312293370233717500e+14
2.050004999999999882e+02 7.299968045977745000e+14
2.053129999999999882e+02 7.287668540606492500e+14
2.056254999999999882e+02 7.275394755355520000e+14
2.059379999999999882e+02 7.263146591460398750e+14
2.062504999999999882e+02 7.250923950156693750e+14
2.065629999999999882e+02 7.238726732679971250e+14
2.068754999999999882e+02 7.226554840265796250e+14
2.071879999999999882e+02 7.214408174149735000e+14
2.075004999999999882e+02 7.202286635567352500e+14
2.078129999999999882e+02 7.190190125754217500e+14
2.081254999999999882e+02 7.178118545945890000e+14
2.084379999999999882e+02 7.166071797377942500e+14
2.087504999999999882e+02 7.154049781285935000e+14
2.090629999999999882e+02 7.142052398905440000e+14
2.093754999999999882e+02 7.130079551472020000e+14
2.096879999999999882e+02 7.118131140221238750e+14
2.100004999999999882e+02 7.106207066388665000e+14
2.103129999999999882e+02 7.094307231209865000e+14
2.106254999999999882e+02 7.082431535920402500e+14
2.109379999999999882e+02 7.070579881755845000e+14
2.112504999999999882e+02 7.058752169951757500e+14
2.115629999999999882e+02 7.046948301743707500e+14
2.118754999999999882e+02 7.035168178367257500e+14
2.121879999999999882e+02 7.023411701057978750e+14
2.125004999999999882e+02 7.011678771051432500e+14
2.128129999999999882e+02 6.999969289583187500e+14
2.131254999999999882e+02 6.988283157888807500e+14
2.134379999999999882e+02 6.976620277203857500e+14
2.137504999999999882e+02 6.964980548763907500e+14
2.140629999999999882e+02 6.953363873804520000e+14
2.143754999999999882e+02 6.941770153561262500e+14
2.146879999999999882e+02 6.930199289269702500e+14
2.150004999999999882e+02 6.918651182165402500e+14
2.153129999999999882e+02 6.907125733483930000e+14
2.156254999999999882e+02 6.895622844460851250e+14
2.159379999999999882e+02 6.884142416331732500e+14
2.162504999999999882e+02 6.872684350332137500e+14
2.165629999999999882e+02 6.861248547697635000e+14
2.168754999999999882e+02 6.849834909663787500e+14
2.171879999999999882e+02 6.838443337466163750e+14
2.175004999999999882e+02 6.827073732340330000e+14
2.178129999999999882e+02 6.815725995521850000e+14
2.181254999999999882e+02 6.804400028246290000e+14
2.184379999999999882e+02 6.793095731749217500e+14
2.187504999999999882e+02 6.781813007266197500e+14
2.190629999999999882e+02 6.770551756032795000e+14
2.193754999999999882e+02 6.759311879284577500e+14
2.196879999999999882e+02 6.748093278257110000e+14
2.200004999999999882e+02 6.736895854185960000e+14
2.203129999999999882e+02 6.725719508306692500e+14
2.206254999999999882e+02 6.714564141854872500e+14
2.209379999999999882e+02 6.703429656066065000e+14
2.212504999999999882e+02 6.692315952175837500e+14
2.215629999999999882e+02 6.681222931419755000e+14
2.218754999999999882e+02 6.670150495033387500e+14
2.221879999999999882e+02 6.659098544252295000e+14
2.225004999999999882e+02 6.648066980312047500e+14
2.228129999999999882e+02 6.637055704448208750e+14
2.231254999999999882e+02 6.626064617896345000e+14
2.234379999999999882e+02 6.615093621892022500e+14
2.237504999999999882e+02 6.604142617670807500e+14
2.240629999999999882e+02 6.593211506468266250e+14
2.243754999999999882e+02 6.582300189519965000e+14
2.246879999999999882e+02 6.571408568061467500e+14
2.250004999999999882e+02 6.560536543328338750e+14
2.253129999999999882e+02 6.549684016556150000e+14
2.256254999999999882e+02 6.538850888980460000e+14
2.259379999999999882e+02 6.528037061836842500e+14
2.262504999999999882e+02 6.517242436360858750e+14
2.265629999999999882e+02 6.506466913788075000e+14
2.268754999999999882e+02 6.495710395354058750e+14
2.271879999999999882e+02 6.484972782294373750e+14
2.275004999999999882e+02 6.474253975844587500e+14
2.278129999999999882e+02 6.463553877240265000e+14
2.281254999999999882e+02 6.452872387716972500e+14
2.284379999999999882e+02 6.442209408510277500e+14
2.287504999999999882e+02 6.431564840855742500e+14
2.290629999999999882e+02 6.420938585988936250e+14
2.293754999999999882e+02 6.410330545145422500e+14
2.296879999999999882e+02 6.399740619560768750e+14
2.300004999999999882e+02 6.389168710470541250e+14
2.303129999999999882e+02 6.378614719110305000e+14
2.306254999999999882e+02 6.368078546715626250e+14
2.309379999999999882e+02 6.357560094522072500e+14
2.312504999999999882e+02 6.347059263765205000e+14
2.315629999999999882e+02 6.336575955680595000e+14
2.318754999999999882e+02 6.326110071503805000e+14
2.321879999999999882e+02 6.315661512470403750e+14
2.325004999999999882e+02 6.305230179815952500e+14
2.328129999999999882e+02 6.294815974776022500e+14
2.331254999999999882e+02 6.284418798586175000e+14
2.334379999999999882e+02 6.274038552481980000e+14
2.337504999999999882e+02 6.263675137699002500e+14
2.340629999999999882e+02 6.253328455472805000e+14
2.343754999999999882e+02 6.242998407038956250e+14
2.346879999999999882e+02 6.232684893633022500e+14
2.350004999999999882e+02 6.222387816490570000e+14
2.353129999999999882e+02 6.212107076847163750e+14
2.356254999999999882e+02 6.201842575938370000e+14
2.359379999999999882e+02 6.191594214999752500e+14
2.362504999999999882e+02 6.181361895266880000e+14
2.365629999999999882e+02 6.171145517975317500e+14
2.368754999999999882e+02 6.160944984360630000e+14
2.371879999999999882e+02 6.150760195658386250e+14
2.375004999999999882e+02 6.140591053104147500e+14
2.378129999999999882e+02 6.130437457933482500e+14
2.381254999999999882e+02 6.120299311381957500e+14
2.384379999999999882e+02 6.110176514685137500e+14
2.387504999999999882e+02 6.100068969078590000e+14
2.390629999999999882e+02 6.089976575797878750e+14
2.393754999999999882e+02 6.079899236078571250e+14
2.396879999999999882e+02 6.069836851156232500e+14
2.400004999999999882e+02 6.059789322266430000e+14
2.403129999999999882e+02 6.049756550644726250e+14
2.406254999999999882e+02 6.039738437526690000e+14
2.409379999999999882e+02 6.029734884147887500e+14
2.412504999999999882e+02 6.019745791743882500e+14
2.415629999999999882e+02 6.009771061550242500e+14
2.418754999999999882e+02 5.999810594802532500e+14
2.421879999999999882e+02 5.989864292736321250e+14
2.425004999999999882e+02 5.979932056587170000e+14
2.428129999999999882e+02 5.970013787590647500e+14
2.431254999999999882e+02 5.960109386982320000e+14
2.434379999999999882e+02 5.950218755997751250e+14
2.437504999999999882e+02 5.940341795872508750e+14
2.440629999999999882e+02 5.930478407842160000e+14
2.443754999999999882e+02 5.920628493142267500e+14
2.446879999999999882e+02 5.910791953008397500e+14
2.450004999999999882e+02 5.900968688676120000e+14
2.453129999999999882e+02 5.891158601380996250e+14
2.456254999999999882e+02 5.881361592358595000e+14
2.459379999999999882e+02 5.871577562844480000e+14
2.462504999999999882e+02 5.861806414074220000e+14
2.465629999999999882e+02 5.852048047283377500e+14
2.468754999999999882e+02 5.842302363707520000e+14
2.471879999999999882e+02 5.832569264582215000e+14
2.475004999999999882e+02 5.822848651143026250e+14
2.478129999999999882e+02 5.813140424625521250e+14
2.481254999999999882e+02 5.803444486265265000e+14
2.484379999999999882e+02 5.793760737297822500e+14
2.487504999999999882e+02 5.784089078958762500e+14
2.490629999999999882e+02 5.774429412483648750e+14
2.493754999999999882e+02 5.764781639108046250e+14
2.496879999999999882e+02 5.755145660067522500e+14
2.500004999999999882e+02 5.745521376597645000e+14
2.503129999999999882e+02 5.735908689933975000e+14
2.506254999999999882e+02 5.726307501312082500e+14
2.509379999999999882e+02 5.716717711967531250e+14
2.512504999999999882e+02 5.707139223135888750e+14
2.515629999999999882e+02 5.697571936052720000e+14
2.518754999999999882e+02 5.688015751953592500e+14
2.521879999999999882e+02 5.678470572074068750e+14
2.525004999999999882e+02 5.668936297649717500e+14
2.528129999999999882e+02 5.659412829916105000e+14
2.531254999999999882e+02 5.649900068679356250e+14
2.534379999999999882e+02 5.640397910172000000e+14
2.537504999999999882e+02 5.630906262062080000e+14
2.540629999999999882e+02 5.621425056318103125e+14
2.543754999999999882e+02 5.611954253497361250e+14
2.546879999999999882e+02 5.602493838457614375e+14
2.550004999999999882e+02 5.593043807492131250e+14
2.553129999999999882e+02 5.583604153320586250e+14
2.556254999999999882e+02 5.574174867233212500e+14
2.559379999999999882e+02 5.564755940520246250e+14
2.562504999999999882e+02 5.555347364471920000e+14
2.565629999999999882e+02 5.545949130378468125e+14
2.568754999999999882e+02 5.536561229530126250e+14
2.571879999999999882e+02 5.527183653217126250e+14
2.575004999999999882e+02 5.517816392729702500e+14
2.578129999999999882e+02 5.508459439358091875e+14
2.581254999999999882e+02 5.499112784392524375e+14
2.584379999999999882e+02 5.489776419123238125e+14
2.587504999999999882e+02 5.480450334840465000e+14
2.590629999999999882e+02 5.471134522834441250e+14
2.593754999999999882e+02 5.461828974395398125e+14
2.596879999999999882e+02 5.452533680813571875e+14
2.600004999999999882e+02 5.443248633379196250e+14
2.603129999999999882e+02 5.433973823382505000e+14
2.606254999999999882e+02 5.424709242113731250e+14
2.609379999999999882e+02 5.415454880863111250e+14
2.612504999999999882e+02 5.406210730920878750e+14
2.615629999999999882e+02 5.396976783577266875e+14
2.618754999999999882e+02 5.387753030122511875e+14
2.621879999999999882e+02 5.378539461846845000e+14
2.625004999999999882e+02 5.369336070040503125e+14
2.628129999999999882e+02 5.360142845993719375e+14
2.631254999999999882e+02 5.350959780996726250e+14
2.634379999999999882e+02 5.341786866339760000e+14
2.637504999999999882e+02 5.332624093313054375e+14
2.640629999999999882e+02 5.323471453206841875e+14
2.643754999999999882e+02 5.314328937311358750e+14
2.646879999999999882e+02 5.305196536916838125e+14
2.650004999999999882e+02 5.296074243313516250e+14
2.653129999999999882e+02 5.286962047791625000e+14
2.656254999999999882e+02 5.277859941641398750e+14
2.659379999999999882e+02 5.268767916153071250e+14
2.662504999999999882e+02 5.259685962616877500e+14
2.665629999999999882e+02 5.250614072323052500e+14
2.668754999999999882e+02 5.241552236561830000e+14
2.671879999999999882e+02 5.232500446623442500e+14
2.675004999999999882e+02 5.223458693798126875e+14
2.678129999999999882e+02 5.214426969376115000e+14
2.681254999999999882e+02 5.205405264647640625e+14
2.684379999999999882e+02 5.196393570902941250e+14
2.687504999999999882e+02 5.187391879432247500e+14
2.690629999999999882e+02 5.178400181525794375e+14
2.693754999999999882e+02 5.169418468473817500e+14
2.696879999999999882e+02 5.160446731566549375e+14
2.700004999999999882e+02 5.151484962094224375e+14
2.703129999999999882e+02 5.142533151347078750e+14
2.706254999999999882e+02 5.133591290615345000e+14
2.709379999999999882e+02 5.124659371189257500e+14
2.712504999999999882e+02 5.115737384359050000e+14
2.715629999999999882e+02 5.106825321414957500e+14
2.718754999999999882e+02 5.097923173647212500e+14
2.721879999999999882e+02 5.089030932346051875e+14
2.725004999999999882e+02 5.080148588801706250e+14
2.728129999999999882e+02 5.071276134304413125e+14
2.731254999999999882e+02 5.062413560144404375e+14
2.734379999999999882e+02 5.053560857611916250e+14
2.737504999999999882e+02 5.044718017997180625e+14
2.740629999999999882e+02 5.035885032590433125e+14
2.743754999999999882e+02 5.027061892681907500e+14
2.746879999999999882e+02 5.018248589561838750e+14
2.750004999999999882e+02 5.009445114520460000e+14
2.753129999999999882e+02 5.000651458848005000e+14
2.756254999999999882e+02 4.991867613834709375e+14
2.759379999999999882e+02 4.983093570770805625e+14
2.762504999999999882e+02 4.974329320946528750e+14
2.765629999999999882e+02 4.965574855652113750e+14
2.768754999999999882e+02 4.956830166177794375e+14
2.771879999999999882e+02 4.948095243813803750e+14
2.775004999999999882e+02 4.939370079850376875e+14
2.778129999999999882e+02 4.930654665577747500e+14
2.781254999999999882e+02 4.921948992286150625e+14
2.784379999999999882e+02 4.913253051265820000e+14
2.787504999999999882e+02 4.904566833806988750e+14
2.790629999999999882e+02 4.895890331199892500e+14
2.793754999999999882e+02 4.887223534734765000e+14
2.796879999999999882e+02 4.878566435701839375e+14
2.800004999999999882e+02 4.869919025391351250e+14
2.803129999999999882e+02 4.861281295093534375e+14
2.806254999999999882e+02 4.852653236098621250e+14
2.809379999999999882e+02 4.844034839696848750e+14
2.812504999999999882e+02 4.835426097178450000e+14
2.815629999999999882e+02 4.826826999833658750e+14
2.818754999999999882e+02 4.818237538952708750e+14
2.821879999999999882e+02 4.809657705825835000e+14
2.825004999999999882e+02 4.801087491743272500e+14
2.828129999999999882e+02 4.792526887995253750e+14
2.831254999999999882e+02 4.783975885872012500e+14
2.834379999999999882e+02 4.775434476663785625e+14
2.837504999999999882e+02 4.766902651660805000e+14
2.840629999999999882e+02 4.758380402153305000e+14
2.843754999999999882e+02 4.749867719431520000e+14
2.846879999999999882e+02 4.741364594785685000e+14
2.850004999999999882e+02 4.732871019506032500e+14
2.853129999999999882e+02 4.724386984882800000e+14
2.856254999999999882e+02 4.715912482206217500e+14
2.859379999999999882e+02 4.707447502766521250e+14
2.862504999999999882e+02 4.698992037853945625e+14
2.865629999999999882e+02 4.690546078758723750e+14
2.868754999999999882e+02 4.682109616771090000e+14
2.871879999999999882e+02 4.673682643181279375e+14
2.875004999999999882e+02 4.665265149279525625e+14
2.878129999999999882e+02 4.656857126356062500e+14
2.881254999999999882e+02 4.648458565701125000e+14
2.884379999999999882e+02 4.640069458604947500e+14
2.887504999999999882e+02 4.631689796357762500e+14
2.890629999999999882e+02 4.623319570249805000e+14
2.893754999999999882e+02 4.614958771571310000e+14
2.896879999999999882e+02 4.606607391612510000e+14
2.900004999999999882e+02 4.598265421663640625e+14
2.903129999999999882e+02 4.589932853014936250e+14
2.906254999999999882e+02 4.581609676956630000e+14
2.909379999999999882e+02 4.573295884778956250e+14
2.912504999999999882e+02 4.564991467772149375e+14
2.915629999999999882e+02 4.556696417226442500e+14
2.918754999999999882e+02 4.548410724432071875e+14
2.921879999999999882e+02 4.540134380679270000e+14
2.925004999999999882e+02 4.531867377258271250e+14
2.928129999999999882e+02 4.523609705459311250e+14
2.931254999999999882e+02 4.515361356572621250e+14
2.934379999999999882e+02 4.507122321888438750e+14
2.937504999999999882e+02 4.498892592696996250e+14
2.940629999999999882e+02 4.490672160288527500e+14
2.943754999999999882e+02 4.482461015953267500e+14
2.946879999999999882e+02 4.474259150981448750e+14
2.950004999999999882e+02 4.466066556663308125e+14
2.953129999999999882e+02 4.457883224289077500e+14
2.956254999999999882e+02 4.449709145148992500e+14
2.959379999999999882e+02 4.441544310533287500e+14
2.962504999999999882e+02 4.433388711732195000e+14
2.965629999999999882e+02 4.425242340035950000e+14
2.968754999999999882e+02 4.417105186734787500e+14
2.971879999999999882e+02 4.408977243118940000e+14
2.975004999999999882e+02 4.400858500478643125e+14
2.978129999999999882e+02 4.392748950104131250e+14
2.981254999999999882e+02 4.384648583285636250e+14
2.984379999999999882e+02 4.376557391313393750e+14
2.987504999999999882e+02 4.368475365477638750e+14
2.990629999999999882e+02 4.360402497068604375e+14
2.993754999999999882e+02 4.352338777376525625e+14
2.996879999999999882e+02 4.344284197691636250e+14
3.000004999999999882e+02 4.336238749304168750e+14
3.003129999999999882e+02 4.328202423504359375e+14
3.006254999999999882e+02 4.320175211582441875e+14
3.009379999999999882e+02 4.312157104828650625e+14
3.012504999999999882e+02 4.304148094533218750e+14
3.015629999999999882e+02 4.296148171986382500e+14
3.018754999999999882e+02 4.288157328478372500e+14
3.021879999999999882e+02 4.280175555299426250e+14
3.025004999999999882e+02 4.272202843739775625e+14
3.028129999999999882e+02 4.264239185089656875e+14
3.031254999999999882e+02 4.256284570639302500e+14
3.034379999999999882e+02 4.248338991678947500e+14
3.037504999999999882e+02 4.240402439498826250e+14
3.040629999999999882e+02 4.232474905389171250e+14
3.043754999999999882e+02 4.224556380640219375e+14
3.046879999999999882e+02 4.216646856542202500e+14
3.050004999999999882e+02 4.208746324385356250e+14
3.053129999999999882e+02 4.200854775459913750e+14
3.056254999999999882e+02 4.192972201056110000e+14
3.059379999999999882e+02 4.185098592464178750e+14
3.062504999999999882e+02 4.177233940974353125e+14
3.065629999999999882e+02 4.169378237876868750e+14
3.068754999999999882e+02 4.161531474461960000e+14
3.071879999999999882e+02 4.153693642019858750e+14
3.075004999999999882e+02 4.145864731840802500e+14
3.078129999999999882e+02 4.138044735215022500e+14
3.081254999999999882e+02 4.130233643432755000e+14
3.084379999999999882e+02 4.122431447784232500e+14
3.087504999999999882e+02 4.114638139559690000e+14
3.090629999999999882e+02 4.106853710049362500e+14
3.093754999999999882e+02 4.099078150543483750e+14
3.096879999999999882e+02 4.091311452332286250e+14
3.100004999999999882e+02 4.083553606706005000e+14
3.103129999999999882e+02 4.075804604954876250e+14
3.106254999999999882e+02 4.068064438369130000e+14
3.109379999999999882e+02 4.060333098239005000e+14
3.112504999999999882e+02 4.052610575854732500e+14
3.115629999999999882e+02 4.044896862506546250e+14
3.118754999999999882e+02 4.037191949484682500e+14
3.121879999999999882e+02 4.029495828079374375e+14
3.125004999999999882e+02 4.021808489580856250e+14
3.128129999999999882e+02 4.014129925279362500e+14
3.131254999999999882e+02 4.006460126465127500e+14
3.134379999999999882e+02 3.998799084428383750e+14
3.137504999999999882e+02 3.991146790459366250e+14
3.140629999999999882e+02 3.983503235848310625e+14
3.143754999999999882e+02 3.975868411885450000e+14
3.146879999999999882e+02 3.968242309861017500e+14
3.150004999999999882e+02 3.960624921065248750e+14
3.153129999999999882e+02 3.953016236788376875e+14
3.156254999999999882e+02 3.945416248320637500e+14
3.159379999999999882e+02 3.937824946952262500e+14
3.162504999999999882e+02 3.930242323973488750e+14
3.165629999999999882e+02 3.922668370674548125e+14
3.168754999999999882e+02 3.915103078345676250e+14
3.171879999999999882e+02 3.907546438277106250e+14
3.175004999999999882e+02 3.899998441759072500e+14
3.178129999999999882e+02 3.892459080081810625e+14
3.181254999999999882e+02 3.884928344535552500e+14
3.184379999999999882e+02 3.877406226410534375e+14
3.187504999999999882e+02 3.869892716996988750e+14
3.190629999999999882e+02 3.862387807585150000e+14
3.193754999999999882e+02 3.854891489465253750e+14
3.196879999999999882e+02 3.847403753927532500e+14
3.200004999999999882e+02 3.839924592262221250e+14
3.203129999999999882e+02 3.832453995759553750e+14
3.206254999999999882e+02 3.824991955709765000e+14
3.209379999999999882e+02 3.817538463403088125e+14
3.212504999999999882e+02 3.810093510129757500e+14
3.215629999999999882e+02 3.802657087180008750e+14
3.218754999999999882e+02 3.795229185844073750e+14
3.221879999999999882e+02 3.787809797412188750e+14
3.225004999999999882e+02 3.780398913174586250e+14
3.228129999999999882e+02 3.772996524421500000e+14
3.231254999999999882e+02 3.765602622443166250e+14
3.234379999999999882e+02 3.758217198529817500e+14
3.237504999999999882e+02 3.750840243971688750e+14
3.240629999999999882e+02 3.743471750059014375e+14
3.243754999999999882e+02 3.736111708082028750e+14
3.246879999999999882e+02 3.728760109330965000e+14
3.250004999999999882e+02 3.721416945096056875e+14
3.253129999999999882e+02 3.714082206667540625e+14
3.256254999999999882e+02 3.706755885335647500e+14
3.259379999999999882e+02 3.699437972390614375e+14
3.262504999999999882e+02 3.692128459122674375e+14
3.265629999999999882e+02 3.684827336822061250e+14
3.268754999999999882e+02 3.677534596779010000e+14
3.271879999999999882e+02 3.670250230283753750e+14
3.275004999999999882e+02 3.662974228626527500e+14
3.278129999999999882e+02 3.655706583097565000e+14
3.281254999999999882e+02 3.648447284987100625e+14
3.284379999999999882e+02 3.641196325585368125e+14
3.287504999999999882e+02 3.633953696182603750e+14
3.290629999999999882e+02 3.626719388069038750e+14
3.293754999999999882e+02 3.619493392534908750e+14
3.296879999999999882e+02 3.612275700870447500e+14
3.300004999999999882e+02 3.605066304365889375e+14
3.303129999999999882e+02 3.597865194311468750e+14
3.306254999999999882e+02 3.590672361997418750e+14
3.309379999999999882e+02 3.583487798713974375e+14
3.312504999999999882e+02 3.576311495751370000e+14
3.315629999999999882e+02 3.569143444399840000e+14
3.318754999999999882e+02 3.561983635949617500e+14
3.321879999999999882e+02 3.554832061690937500e+14
3.325004999999999882e+02 3.547688712914033750e+14
3.328129999999999882e+02 3.540553580909140625e+14
3.331254999999999882e+02 3.533426656966492500e+14
3.334379999999999882e+02 3.526307932376322500e+14
3.337504999999999882e+02 3.519197398428865625e+14
3.340629999999999882e+02 3.512095046414356250e+14
3.343754999999999882e+02 3.505000867623027500e+14
3.346879999999999882e+02 3.497914853345115625e+14
3.350004999999999882e+02 3.490836994870852500e+14
3.353129999999999882e+02 3.483767283490473750e+14
3.356254999999999882e+02 3.476705710494212500e+14
3.359379999999999882e+02 3.469652267172303750e+14
3.362504999999999882e+02 3.462606944814981250e+14
3.365629999999999882e+02 3.455569734712478750e+14
3.368754999999999882e+02 3.448540628155031875e+14
3.371879999999999882e+02 3.441519616432873750e+14
3.375004999999999882e+02 3.434506690836237500e+14
3.378129999999999882e+02 3.427501842655359375e+14
3.381254999999999882e+02 3.420505063180472500e+14
3.384379999999999882e+02 3.413516343701810000e+14
3.387504999999999882e+02 3.406535675509608750e+14
3.390629999999999882e+02 3.399563049894100000e+14
3.393754999999999882e+02 3.392598458145520000e+14
3.396879999999999882e+02 3.385641891554101250e+14
3.400004999999999882e+02 3.378693341410080000e+14
3.403129999999999882e+02 3.371752799003688750e+14
3.406254999999999882e+02 3.364820255625162500e+14
3.409379999999999882e+02 3.357895702564734375e+14
3.412504999999999882e+02 3.350979131112639375e+14
3.415629999999999882e+02 3.344070532559111875e+14
3.418754999999999882e+02 3.337169898194385000e+14
3.421879999999999882e+02 3.330277219308693750e+14
3.425004999999999882e+02 3.323392487192273125e+14
3.428129999999999882e+02 3.316515693135355000e+14
3.431254999999999882e+02 3.309646828428175000e+14
3.434379999999999882e+02 3.302785884360967500e+14
3.437504999999999882e+02 3.295932852223966250e+14
3.440629999999999882e+02 3.289087723307405625e+14
3.443754999999999882e+02 3.282250488901518750e+14
3.446879999999999882e+02 3.275421140296541250e+14
3.450004999999999882e+02 3.268599668782706250e+14
3.453129999999999882e+02 3.261786065650248750e+14
3.456254999999999882e+02 3.254980322189402500e+14
3.459379999999999882e+02 3.248182429690401250e+14
3.462504999999999882e+02 3.241392379443480000e+14
3.465629999999999882e+02 3.234610162738872500e+14
3.468754999999999882e+02 3.227835770866813125e+14
3.471879999999999882e+02 3.221069195117535625e+14
3.475004999999999882e+02 3.214310426781273750e+14
3.478129999999999882e+02 3.207559457148262500e+14
3.481254999999999882e+02 3.200816277508735625e+14
3.484379999999999882e+02 3.194080879152928125e+14
3.487504999999999882e+02 3.187353253371073750e+14
3.490629999999999882e+02 3.180633391453406250e+14
3.493754999999999882e+02 3.173921284690158750e+14
3.496879999999999882e+02 3.167216924371567500e+14
3.500004999999999882e+02 3.160520301787865625e+14
3.503129999999999882e+02 3.153831408229287500e+14
3.506254999999999882e+02 3.147150234986067500e+14
3.509379999999999882e+02 3.140476773348439375e+14
3.512504999999999882e+02 3.133811014606636875e+14
3.515629999999999882e+02 3.127152950050895000e+14
3.518754999999999882e+02 3.120502570971448125e+14
3.521879999999999882e+02 3.113859868658530000e+14
3.525004999999999882e+02 3.107224834402373750e+14
3.528129999999999882e+02 3.100597459493215625e+14
3.531254999999999882e+02 3.093977735221287500e+14
3.534379999999999882e+02 3.087365652876825625e+14
3.537504999999999882e+02 3.080761203750062500e+14
3.540629999999999882e+02 3.074164379131233750e+14
3.543754999999999882e+02 3.067575170310572500e+14
3.546879999999999882e+02 3.060993568578313750e+14
3.550004999999999882e+02 3.054419565224691250e+14
3.553129999999999882e+02 3.047853151539938125e+14
3.556254999999999882e+02 3.041294318814290000e+14
3.559379999999999882e+02 3.034743058337980000e+14
3.562504999999999882e+02 3.028199361401243750e+14
3.565629999999999882e+02 3.021663219294313750e+14
3.568754999999999882e+02 3.015134623307425000e+14
3.571879999999999882e+02 3.008613564730811875e+14
3.575004999999999882e+02 3.002100034854707500e+14
3.578129999999999882e+02 2.995594024969347500e+14
3.581254999999999882e+02 2.989095526364965000e+14
3.584379999999999882e+02 2.982604530331795000e+14
3.587504999999999882e+02 2.976121028160070625e+14
3.590629999999999882e+02 2.969645011140026250e+14
3.593754999999999882e+02 2.963176470561896250e+14
3.596879999999999882e+02 2.956715397715915000e+14
3.600004999999999882e+02 2.950261783892316250e+14
3.603129999999999882e+02 2.943815620381335625e+14
3.606254999999999882e+02 2.937376898473205000e+14
3.609379999999999882e+02 2.930945609458160000e+14
3.612504999999999882e+02 2.924521744626433750e+14
3.615629999999999882e+02 2.918105295268261875e+14
3.618754999999999882e+02 2.911696252673877500e+14
3.621879999999999882e+02 2.905294608133515000e+14
3.625004999999999882e+02 2.898900352937408750e+14
3.628129999999999882e+02 2.892513478375792500e+14
3.631254999999999882e+02 2.886133975738901250e+14
3.634379999999999882e+02 2.879761836316968125e+14
3.637504999999999882e+02 2.873397051400227500e+14
3.640629999999999882e+02 2.867039612278914375e+14
3.643754999999999882e+02 2.860689510243261875e+14
3.646879999999999882e+02 2.854346736583504375e+14
3.650004999999999882e+02 2.848011282589876250e+14
3.653129999999999882e+02 2.841683139552611875e+14
3.656254999999999882e+02 2.835362298761946250e+14
3.659379999999999882e+02 2.829048751508111250e+14
3.662504999999999882e+02 2.822742489081342500e+14
3.665629999999999882e+02 2.816443502771873750e+14
3.668754999999999882e+02 2.810151783869940000e+14
3.671879999999999882e+02 2.803867323665774375e+14
3.675004999999999882e+02 2.797590113449611875e+14
3.678129999999999882e+02 2.791320144511685312e+14
3.681254999999999882e+02 2.785057408142230312e+14
3.684379999999999882e+02 2.778801895631480312e+14
3.687504999999999882e+02 2.772553598269670000e+14
3.690629999999999882e+02 2.766312507347033125e+14
3.693754999999999882e+02 2.760078614153803750e+14
3.696879999999999882e+02 2.753851909980216250e+14
3.700004999999999882e+02 2.747632386116504688e+14
3.703129999999999882e+02 2.741420033852903438e+14
3.706254999999999882e+02 2.735214844479646562e+14
3.709379999999999882e+02 2.729016809286968125e+14
3.712504999999999882e+02 2.722825919565102188e+14
3.715629999999999882e+02 2.716642166604283125e+14
3.718754999999999882e+02 2.710465541694744688e+14
3.721879999999999882e+02 2.704296036126722188e+14
3.725004999999999882e+02 2.698133641190448750e+14
3.728129999999999882e+02 2.691978348176158750e+14
3.731254999999999882e+02 2.685830148374086562e+14
3.734379999999999882e+02 2.679689033074465938e+14
3.737504999999999882e+02 2.673554993567531250e+14
3.740629999999999882e+02 2.667428021143516250e+14
3.743754999999999882e+02 2.661308107092656250e+14
3.746879999999999882e+02 2.655195242705184375e+14
3.750004999999999882e+02 2.649089419271335625e+14
3.753129999999999882e+02 2.642990628081342812e+14
3.756254999999999882e+02 2.636898860425440938e+14
3.759379999999999882e+02 2.630814107593864688e+14
3.762504999999999882e+02 2.624736360876847812e+14
3.765629999999999882e+02 2.618665611564624062e+14
3.768754999999999882e+02 2.612601850947427812e+14
3.771879999999999882e+02 2.606545070315494062e+14
3.775004999999999882e+02 2.600495260959055938e+14
3.778129999999999882e+02 2.594452414168347500e+14
3.781254999999999882e+02 2.588416521233603438e+14
3.784379999999999882e+02 2.582387573445057500e+14
3.787504999999999882e+02 2.576365562092944688e+14
3.790629999999999882e+02 2.570350478467498750e+14
3.793754999999999882e+02 2.564342313858953125e+14
3.796879999999999882e+02 2.558341059557542812e+14
3.800004999999999882e+02 2.552346706853501250e+14
3.803129999999999882e+02 2.546359247037064062e+14
3.806254999999999882e+02 2.540378671398463750e+14
3.809379999999999882e+02 2.534404971227935625e+14
3.812504999999999882e+02 2.528438137815713125e+14
3.815629999999999882e+02 2.522478162452030625e+14
3.818754999999999882e+02 2.516525036427122812e+14
3.821879999999999882e+02 2.510578751031222500e+14
3.825004999999999882e+02 2.504639297554565312e+14
3.828129999999999882e+02 2.498706667287385000e+14
3.831254999999999882e+02 2.492780851519915000e+14
3.834379999999999882e+02 2.486861841542390625e+14
3.837504999999999882e+02 2.480949628645044688e+14
3.840629999999999882e+02 2.475044204118112812e+14
3.843754999999999882e+02 2.469145559251828125e+14
3.846879999999999882e+02 2.463253685336425000e+14
3.850004999999999882e+02 2.457368573662138125e+14
3.853129999999999882e+02 2.451490215519201250e+14
3.856254999999999882e+02 2.445618602197848125e+14
3.859379999999999882e+02 2.439753724988313750e+14
3.862504999999999882e+02 2.433895575180831875e+14
3.865629999999999882e+02 2.428044144065636250e+14
3.868754999999999882e+02 2.422199422932961875e+14
3.871879999999999882e+02 2.416361403073042500e+14
3.875004999999999882e+02 2.410530075776112188e+14
3.878129999999999882e+02 2.404705432332405000e+14
3.881254999999999882e+02 2.398887464032155625e+14
3.884379999999999882e+02 2.393076162165597500e+14
3.887504999999999882e+02 2.387271518022965625e+14
3.890629999999999882e+02 2.381473522894493438e+14
3.893754999999999882e+02 2.375682168070416250e+14
3.896879999999999882e+02 2.369897444840966250e+14
3.900004999999999882e+02 2.364119344496379375e+14
3.903129999999999882e+02 2.358347858326888438e+14
3.906254999999999882e+02 2.352582977622728750e+14
3.909379999999999882e+02 2.346824693674133750e+14
3.912504999999999882e+02 2.341072997771337812e+14
3.915629999999999882e+02 2.335327881204575625e+14
3.918754999999999882e+02 2.329589335264080938e+14
3.921879999999999882e+02 2.323857351240087500e+14
3.925004999999999882e+02 2.318131920422830000e+14
3.928129999999999882e+02 2.312413034102542500e+14
3.931254999999999882e+02 2.306700683569458750e+14
3.934379999999999882e+02 2.300994860113813750e+14
3.937504999999999882e+02 2.295295555025840625e+14
3.940629999999999882e+02 2.289602759595774375e+14
3.943754999999999882e+02 2.283916465113849375e+14
3.946879999999999882e+02 2.278236662870298750e+14
3.950004999999999882e+02 2.272563344155357500e+14
3.953129999999999882e+02 2.266896500259258750e+14
3.956254999999999882e+02 2.261236122472238125e+14
3.959379999999999882e+02 2.255582202084529062e+14
3.962504999999999882e+02 2.249934730386365625e+14
3.965629999999999882e+02 2.244293698667981875e+14
3.968754999999999882e+02 2.238659098219612500e+14
3.971879999999999882e+02 2.233030920331491250e+14
3.975004999999999882e+02 2.227409156293852500e+14
3.978129999999999882e+02 2.221793797396930000e+14
3.981254999999999882e+02 2.216184834930958750e+14
3.984379999999999882e+02 2.210582260186171875e+14
3.987504999999999882e+02 2.204986064452804375e+14
3.990629999999999882e+02 2.199396239021090000e+14
3.993754999999999882e+02 2.193812775181262812e+14
3.996879999999999882e+02 2.188235664223557500e+14
4.000004999999999882e+02 2.182664897438207500e+14
4.003129999999999882e+02 2.177100466115447500e+14
4.006254999999999882e+02 2.171542361545511250e+14
4.009379999999999882e+02 2.165990575018633750e+14
4.012504999999999882e+02 2.160445097825048438e+14
4.015629999999999882e+02 2.154905921254989375e+14
4.018754999999999882e+02 2.149373036598691250e+14
4.021879999999999882e+02 2.143846435146387812e+14
4.025004999999999882e+02 2.138326108188313750e+14
4.028129999999999882e+02 2.132812047014702812e+14
4.031254999999999882e+02 2.127304242915788750e+14
4.034379999999999882e+02 2.121802687181806562e+14
4.037504999999999882e+02 2.116307371102990000e+14
4.040629999999999882e+02 2.110818285969573125e+14
4.043754999999999882e+02 2.105335423071790000e+14
4.046879999999999882e+02 2.099858773699875625e+14
4.050004999999999882e+02 2.094388329144063438e+14
4.053129999999999882e+02 2.088924080694587500e+14
4.056254999999999882e+02 2.083466019641682188e+14
4.059379999999999882e+02 2.078014137275581562e+14
4.062504999999999882e+02 2.072568424886520625e+14
4.065629999999999882e+02 2.067128873764732188e+14
4.068754999999999882e+02 2.061695475200451250e+14
4.071879999999999882e+02 2.056268220483911875e+14
4.075004999999999882e+02 2.050847100905348125e+14
4.078129999999999882e+02 2.045432107754993750e+14
4.081254999999999882e+02 2.040023232323083125e+14
4.084379999999999882e+02 2.034620465899851562e+14
4.087504999999999882e+02 2.029223799775531875e+14
4.090629999999999882e+02 2.023833225240358125e+14
4.093754999999999882e+02 2.018448733584565625e+14
4.096879999999999882e+02 2.013070316098388125e+14
4.100004999999999882e+02 2.007697964072058750e+14
4.103129999999999882e+02 2.002331668795813125e+14
4.106254999999999882e+02 1.996971421559884375e+14
4.109379999999999882e+02 1.991617213654506875e+14
4.112504999999999882e+02 1.986269036369915625e+14
4.115629999999999882e+02 1.980926880996343438e+14
4.118754999999999882e+02 1.975590738824025625e+14
4.121879999999999882e+02 1.970260601143195938e+14
4.125004999999999882e+02 1.964936459244088125e+14
4.128129999999999882e+02 1.959618304416937188e+14
4.131254999999999882e+02 1.954306127951976562e+14
4.134379999999999882e+02 1.948999921139440625e+14
4.137504999999999882e+02 1.943699675269563750e+14
4.140629999999999882e+02 1.938405381632580000e+14
4.143754999999999882e+02 1.933117031518723125e+14
4.146879999999999882e+02 1.927834616218228125e+14
4.150004999999999882e+02 1.922558127021328125e+14
4.153129999999999882e+02 1.917287555218258125e+14
4.156254999999999882e+02 1.912022892099251562e+14
4.159379999999999882e+02 1.906764128954543750e+14
4.162504999999999882e+02 1.901511257074367500e+14
4.165629999999999882e+02 1.896264267748958125e+14
4.168754999999999882e+02 1.891023152268549375e+14
4.171879999999999882e+02 1.885787901923375000e+14
4.175004999999999882e+02 1.880558508003669375e+14
4.178129999999999882e+02 1.875334961799666875e+14
4.181254999999999882e+02 1.870117254601601562e+14
4.184379999999999882e+02 1.864905377699708125e+14
4.187504999999999882e+02 1.859699322384220000e+14
4.190629999999999882e+02 1.854499079945371250e+14
4.193754999999999882e+02 1.849304641673396250e+14
4.196879999999999882e+02 1.844115998858529375e+14
4.200004999999999882e+02 1.838933142791004688e+14
4.203129999999999882e+02 1.833756064761056562e+14
4.206254999999999882e+02 1.828584756058918750e+14
4.209379999999999882e+02 1.823419207974825625e+14
4.212504999999999882e+02 1.818259411799011250e+14
4.215629999999999882e+02 1.813105358821709688e+14
4.218754999999999882e+02 1.807957040333155625e+14
4.221879999999999882e+02 1.802814447623582500e+14
4.225004999999999882e+02 1.797677571983225312e+14
4.228129999999999882e+02 1.792546404702317500e+14
4.231254999999999882e+02 1.787420937071093750e+14
4.234379999999999882e+02 1.782301160379787500e+14
4.237504999999999882e+02 1.777187065918633750e+14
4.240629999999999882e+02 1.772078644977866250e+14
4.243754999999999882e+02 1.766975888847719062e+14
4.246879999999999882e+02 1.761878788818426562e+14
4.250004999999999882e+02 1.756787336180222812e+14
4.253129999999999882e+02 1.751701522223341875e+14
4.256254999999999882e+02 1.746621338238018125e+14
4.259379999999999882e+02 1.741546775514486250e+14
4.262504999999999882e+02 1.736477825342979062e+14
4.265629999999999882e+02 1.731414479013731875e+14
4.268754999999999882e+02 1.726356727816978438e+14
4.271879999999999882e+02 1.721304563042952812e+14
4.275004999999999882e+02 1.716257975981889375e+14
4.278129999999999882e+02 1.711216957924021875e+14
4.281254999999999882e+02 1.706181500159585312e+14
4.284379999999999882e+02 1.701151593978812812e+14
4.287504999999999882e+02 1.696127230671939375e+14
4.290629999999999882e+02 1.691108401529199062e+14
4.293754999999999882e+02 1.686095097840825625e+14
4.296879999999999882e+02 1.681087310897053125e+14
4.300004999999999882e+02 1.676085031988116250e+14
4.303129999999999882e+02 1.671088252404249062e+14
4.306254999999999882e+02 1.666096963435685625e+14
4.309379999999999882e+02 1.661111156372660000e+14
4.312504999999999882e+02 1.656130822505406250e+14
4.315629999999999882e+02 1.651155953124158750e+14
4.318754999999999882e+02 1.646186539519151875e+14
4.321879999999999882e+02 1.641222572980619375e+14
4.325004999999999882e+02 1.636264044798795625e+14
4.328129999999999882e+02 1.631310946263914688e+14
4.331254999999999882e+02 1.626363268666211250e+14
4.334379999999999882e+02 1.621421003295918750e+14
4.337504999999999882e+02 1.616484141443271250e+14
4.340629999999999882e+02 1.611552674398503125e+14
4.343754999999999882e+02 1.606626593451849062e+14
4.346879999999999882e+02 1.601705889893543125e+14
4.350004999999999882e+02 1.596790555013819062e+14
4.353129999999999882e+02 1.591880580102911250e+14
4.356254999999999882e+02 1.586975956451053750e+14
4.359379999999999882e+02 1.582076675348480625e+14
4.362504999999999882e+02 1.577182728085426250e+14
4.365629999999999882e+02 1.572294105952124375e+14
4.368754999999999882e+02 1.567410800238810000e+14
4.371879999999999882e+02 1.562532802235716562e+14
4.375004999999999882e+02 1.557660103233078750e+14
4.378129999999999882e+02 1.552792694521130000e+14
4.381254999999999882e+02 1.547930567390105000e+14
4.384379999999999882e+02 1.543073713130237500e+14
4.387504999999999882e+02 1.538222123031762500e+14
4.390629999999999882e+02 1.533375788384913750e+14
4.393754999999999882e+02 1.528534700479925000e+14
4.396879999999999882e+02 1.523698850607030938e+14
4.400004999999999882e+02 1.518868230056465000e+14
4.403129999999999882e+02 1.514042830118462500e+14
4.406254999999999882e+02 1.509222642083256562e+14
4.409379999999999882e+02 1.504407657241081875e+14
4.412504999999999882e+02 1.499597866882172500e+14
4.415629999999999882e+02 1.494793262296762500e+14
4.418754999999999882e+02 1.489993834775086250e+14
4.421879999999999882e+02 1.485199575607377812e+14
4.425004999999999882e+02 1.480410476083871250e+14
4.428129999999999882e+02 1.475626527494800625e+14
4.431254999999999882e+02 1.470847721130400625e+14
4.434379999999999882e+02 1.466074048280905000e+14
4.437504999999999882e+02 1.461305500236548125e+14
4.440629999999999882e+02 1.456542068287563438e+14
4.443754999999999882e+02 1.451783743724185625e+14
4.446879999999999882e+02 1.447030517836649375e+14
4.450004999999999882e+02 1.442282381915188750e+14
4.453129999999999882e+02 1.437539327250036875e+14
4.456254999999999882e+02 1.432801345131428750e+14
4.459379999999999882e+02 1.428068426849598438e+14
4.462504999999999882e+02 1.423340563694779688e+14
4.465629999999999882e+02 1.418617746957207500e+14
4.468754999999999882e+02 1.413899967927115000e+14
4.471879999999999882e+02 1.409187217894737500e+14
4.475004999999999882e+02 1.404479488150308125e+14
4.478129999999999882e+02 1.399776769984061719e+14
4.481254999999999882e+02 1.395079054686232344e+14
4.484379999999999882e+02 1.390386333547053750e+14
4.487504999999999882e+02 1.385698597856760469e+14
4.490629999999999882e+02 1.381015838905586719e+14
4.493754999999999882e+02 1.376338047983766250e+14
4.496879999999999882e+02 1.371665216381533594e+14
4.500004999999999882e+02 1.366997335389122812e+14
4.503129999999999882e+02 1.362334396296767969e+14
4.506254999999999882e+02 1.357676390394703438e+14
4.509379999999999882e+02 1.353023308973163125e+14
4.512504999999999882e+02 1.348375143322381562e+14
4.515629999999999882e+02 1.343731884732592500e+14
4.518754999999999882e+02 1.339093524494030312e+14
4.521879999999999882e+02 1.334460053896929531e+14
4.525004999999999882e+02 1.329831464231523594e+14
4.528129999999999882e+02 1.325207746788046875e+14
4.531254999999999882e+02 1.320588892856734062e+14
4.534379999999999882e+02 1.315974893727818594e+14
4.537504999999999882e+02 1.311365740691534688e+14
4.540629999999999882e+02 1.306761425038117188e+14
4.543754999999999882e+02 1.302161938057799688e+14
4.546879999999999882e+02 1.297567271040816562e+14
4.550004999999999882e+02 1.292977415277402031e+14
4.553129999999999882e+02 1.288392362057790000e+14
4.556254999999999882e+02 1.283812102672215000e+14
4.559379999999999882e+02 1.279236628410910938e+14
4.562504999999999882e+02 1.274665930564111875e+14
4.565629999999999882e+02 1.270100000422052031e+14
4.568754999999999882e+02 1.265538829274965938e+14
4.571879999999999882e+02 1.260982408413087188e+14
4.575004999999999882e+02 1.256430729126650469e+14
4.578129999999999882e+02 1.251883782705889688e+14
4.581254999999999882e+02 1.247341560441038750e+14
4.584379999999999882e+02 1.242804053622332500e+14
4.587504999999999882e+02 1.238271253540004688e+14
4.590629999999999882e+02 1.233743151484289219e+14
4.593754999999999882e+02 1.229219738745420625e+14
4.596879999999999882e+02 1.224701006613632969e+14
4.600004999999999882e+02 1.220186946379160625e+14
4.603129999999999882e+02 1.215677549332237188e+14
4.606254999999999882e+02 1.211172806763097188e+14
4.609379999999999882e+02 1.206672709961975000e+14
4.612504999999999882e+02 1.202177250219104688e+14
4.615629999999999882e+02 1.197686418824720000e+14
4.618754999999999882e+02 1.193200207069055625e+14
4.621879999999999882e+02 1.188718606242345312e+14
4.625004999999999882e+02 1.184241607634823438e+14
4.628129999999999882e+02 1.179769202536724375e+14
4.631254999999999882e+02 1.175301382238281875e+14
4.634379999999999882e+02 1.170838138029730312e+14
4.637504999999999882e+02 1.166379461201303594e+14
4.640629999999999882e+02 1.161925343043236250e+14
4.643754999999999882e+02 1.157475774845762500e+14
4.646879999999999882e+02 1.153030747899115938e+14
4.650004999999999882e+02 1.148590253493531406e+14
4.653129999999999882e+02 1.144154282919242812e+14
4.656254999999999882e+02 1.139722827466484062e+14
4.659379999999999882e+02 1.135295878425489375e+14
4.662504999999999882e+02 1.130873427086493438e+14
4.665629999999999882e+02 1.126455464739730000e+14
4.668754999999999882e+02 1.122041982675433125e+14
4.671879999999999882e+02 1.117632972183837188e+14
4.675004999999999882e+02 1.113228424555176250e+14
4.678129999999999882e+02 1.108828331079684531e+14
4.681254999999999882e+02 1.104432683047596250e+14
4.684379999999999882e+02 1.100041471749145312e+14
4.687504999999999882e+02 1.095654688474566094e+14
4.690629999999999882e+02 1.091272324514092656e+14
4.693754999999999882e+02 1.086894371157959375e+14
4.696879999999999882e+02 1.082520819696400312e+14
4.700004999999999882e+02 1.078151661419649531e+14
4.703129999999999882e+02 1.073786887617941250e+14
4.706254999999999882e+02 1.069426489581509688e+14
4.709379999999999882e+02 1.065070458600588750e+14
4.712504999999999882e+02 1.060718785965412812e+14
4.715629999999999882e+02 1.056371462966216250e+14
4.718754999999999882e+02 1.052028480893232969e+14
4.721879999999999882e+02 1.047689831036697188e+14
4.725004999999999882e+02 1.043355504686842969e+14
4.728129999999999882e+02 1.039025493133904375e+14
4.731254999999999882e+02 1.034699787668115938e+14
4.734379999999999882e+02 1.030378379579711562e+14
4.737504999999999882e+02 1.026061260158925781e+14
4.740629999999999882e+02 1.021748420695992188e+14
4.743754999999999882e+02 1.017439852481145312e+14
4.746879999999999882e+02 1.013135546804619375e+14
4.750004999999999882e+02 1.008835494956648125e+14
4.753129999999999882e+02 1.004539688227465938e+14
4.756254999999999882e+02 1.000248117907307344e+14
4.759379999999999882e+02 9.959607752864059375e+13
4.762504999999999882e+02 9.916776516549965625e+13
4.765629999999999882e+02 9.873987383033128125e+13
4.768754999999999882e+02 9.831240265215887500e+13
4.771879999999999882e+02 9.788535076000587500e+13
4.775004999999999882e+02 9.745871728289571875e+13
4.778129999999999882e+02 9.703250134985178125e+13
4.781254999999999882e+02 9.660670208989754688e+13
4.784379999999999882e+02 9.618131863205635938e+13
4.787504999999999882e+02 9.575635010535165625e+13
4.790629999999999882e+02 9.533179563880687500e+13
4.793754999999999882e+02 9.490765436144542188e+13
4.796879999999999882e+02 9.448392540229071875e+13
4.800004999999999882e+02 9.406060789036615625e+13
4.803129999999999882e+02 9.363770095469517188e+13
4.806254999999999882e+02 9.321520372430118750e+13
4.809379999999999882e+02 9.279311532820757812e+13
4.812504999999999882e+02 9.237143489543781250e+13
4.815629999999999882e+02 9.195016155501528125e+13
4.818754999999999882e+02 9.152929443596340625e+13
4.821879999999999882e+02 9.110883266730559375e+13
4.825004999999999882e+02 9.068877537806528125e+13
4.828129999999999882e+02 9.026912169726587500e+13
4.831254999999999882e+02 8.984987075393081250e+13
4.834379999999999882e+02 8.943102167708346875e+13
4.837504999999999882e+02 8.901257359574728125e+13
4.840629999999999882e+02 8.859452563894564062e+13
4.843754999999999882e+02 8.817687693570200000e+13
4.846879999999999882e+02 8.775962661503978125e+13
4.850004999999999882e+02 8.734277380598234375e+13
4.853129999999999882e+02 8.692631763755317188e+13
4.856254999999999882e+02 8.651025723877564062e+13
4.859379999999999882e+02 8.609459173867317188e+13
4.862504999999999882e+02 8.567932026626918750e+13
4.865629999999999882e+02 8.526444195058712500e+13
4.868754999999999882e+02 8.484995592065035938e+13
4.871879999999999882e+02 8.443586130548232812e+13
4.875004999999999882e+02 8.402215723410643750e+13
4.878129999999999882e+02 8.360884283554615625e+13
4.881254999999999882e+02 8.319591723882481250e+13
4.884379999999999882e+02 8.278337957296587500e+13
4.887504999999999882e+02 8.237122896699275000e+13
4.890629999999999882e+02 8.195946454992887500e+13
4.893754999999999882e+02 8.154808545079765625e+13
4.896879999999999882e+02 8.113709079862248438e+13
4.900004999999999882e+02 8.072647972242678125e+13
4.903129999999999882e+02 8.031625135123398438e+13
4.906254999999999882e+02 7.990640481406750000e+13
4.909379999999999882e+02 7.949693923995076562e+13
4.912504999999999882e+02 7.908785375790717188e+13
4.915629999999999882e+02 7.867914749696014062e+13
4.918754999999999882e+02 7.827081958613307812e+13
4.921879999999999882e+02 7.786286915444940625e+13
4.925004999999999882e+02 7.745529533093253125e+13
4.928129999999999882e+02 7.704809724460592188e+13
4.931254999999999882e+02 7.664127402449293750e+13
4.934379999999999882e+02 7.623482479961701562e+13
4.937504999999999882e+02 7.582874869900157812e+13
4.940629999999999882e+02 7.542304485167003125e+13
4.943754999999999882e+02 7.501771238664578125e+13
4.946879999999999882e+02 7.461275043295225000e+13
4.950004999999999882e+02 7.420815811961287500e+13
4.953129999999999882e+02 7.380393457565107812e+13
4.956254999999999882e+02 7.340007893009021875e+13
4.959379999999999882e+02 7.299659031195379688e+13
4.962504999999999882e+02 7.259346785026514062e+13
4.965629999999999882e+02 7.219071067404771875e+13
4.968754999999999882e+02 7.178831791232493750e+13
4.971879999999999882e+02 7.138628869412021875e+13
4.975004999999999882e+02 7.098462214845696875e+13
4.978129999999999882e+02 7.058331740435862500e+13
4.981254999999999882e+02 7.018237359084857031e+13
4.984379999999999882e+02 6.978178983695024219e+13
4.987504999999999882e+02 6.938156527168705469e+13
4.990629999999999882e+02 6.898169902408242188e+13
4.993754999999999882e+02 6.858219022315976562e+13
4.996879999999999882e+02 6.818303799794248438e+13
5.000004999999999882e+02 6.778424147745401562e+13
5.003129999999999882e+02 6.738579979071776562e+13
5.006254999999999882e+02 6.698771206675714844e+13
5.009379999999999882e+02 6.658997743459559375e+13
5.012504999999999882e+02 6.619259502325650000e+13
5.015629999999999882e+02 6.579556396176329688e+13
5.018754999999999882e+02 6.539888337913939062e+13
5.021879999999999882e+02 6.500255240440820312e+13
5.025004999999999882e+02 6.460657016659314844e+13
5.028129999999999882e+02 6.421093579471765625e+13
5.031254999999999882e+02 6.381564841780511719e+13
5.034379999999999882e+02 6.342070716487897656e+13
5.037504999999999882e+02 6.302611116496262500e+13
5.040629999999999882e+02 6.263185954707949219e+13
5.043754999999999882e+02 6.223795144025300000e+13
5.046879999999999882e+02 6.184438597350655469e+13
5.050004999999999882e+02 6.145116227586356250e+13
5.053129999999999882e+02 6.105827947634746875e+13
5.056254999999999882e+02 6.066573670398166406e+13
5.059379999999999882e+02 6.027353308778957812e+13
5.062504999999999882e+02 5.988166775679462500e+13
5.065629999999999882e+02 5.949013984002021875e+13
5.068754999999999882e+02 5.909894846648978125e+13
5.071879999999999882e+02 5.870809276522671875e+13
5.075004999999999882e+02 5.831757186525445312e+13
5.078129999999999882e+02 5.792738489559639062e+13
5.081254999999999882e+02 5.753753098527596875e+13
5.084379999999999882e+02 5.714800926331659375e+13
5.087504999999999882e+02 5.675881885874167188e+13
5.090629999999999882e+02 5.636995890057464062e+13
5.093754999999999882e+02 5.598142851783889062e+13
5.096879999999999882e+02 5.559322683955785938e+13
5.100004999999999882e+02 5.520535299475495312e+13
5.103129999999999882e+02 5.481780611245359375e+13
5.106254999999999882e+02 5.443058532167718750e+13
5.109379999999999882e+02 5.404368975144916406e+13
5.112504999999999882e+02 5.365711853079293750e+13
5.115629999999999882e+02 5.327087078873191406e+13
5.118754999999999882e+02 5.288494565428951562e+13
5.121879999999999882e+02 5.249934225648915625e+13
5.125004999999999882e+02 5.211405972435426562e+13
5.128129999999999882e+02 5.172909718690823438e+13
5.131254999999999882e+02 5.134445377317450781e+13
5.134379999999999882e+02 5.096012861217648438e+13
5.137504999999999882e+02 5.057612083293757812e+13
5.140629999999999882e+02 5.019242956448123438e+13
5.143754999999999882e+02 4.980905393583082812e+13
5.146879999999999882e+02 4.942599307600979688e+13
5.150004999999999882e+02 4.904324611404156250e+13
5.153129999999999882e+02 4.866081217894952344e+13
5.156254999999999882e+02 4.827869039975710156e+13
5.159379999999999882e+02 4.789687990548772656e+13
5.162504999999999882e+02 4.751537982516481250e+13
5.165629999999999882e+02 4.713418928781175000e+13
5.168754999999999882e+02 4.675330742245199219e+13
5.171879999999999882e+02 4.637273335810893750e+13
5.175004999999999882e+02 4.599246622380600000e+13
5.178129999999999882e+02 4.561250514856659375e+13
5.181254999999999882e+02 4.523284926141414062e+13
5.184379999999999882e+02 4.485349769137206250e+13
5.187504999999999882e+02 4.447444956746376562e+13
5.190629999999999882e+02 4.409570401871267188e+13
5.193754999999999882e+02 4.371726017414218750e+13
5.196879999999999882e+02 4.333911716277575000e+13
5.200004999999999882e+02 4.296127411363676562e+13
5.203129999999999882e+02 4.258373015574864062e+13
5.206254999999999882e+02 4.220648441813479688e+13
5.209379999999999882e+02 4.182953602981865625e+13
5.212504999999999882e+02 4.145288411982364062e+13
5.215629999999999882e+02 4.107652781717314062e+13
5.218754999999999882e+02 4.070046625089060938e+13
5.221879999999999882e+02 4.032469854999942188e+13
5.225004999999999882e+02 3.994922384352303125e+13
5.228129999999999882e+02 3.957404126048483594e+13
5.231254999999999882e+02 3.919914992990825000e+13
5.234379999999999882e+02 3.882454898081670312e+13
5.237504999999999882e+02 3.845023754223359375e+13
5.240629999999999882e+02 3.807621474318235156e+13
5.243754999999999882e+02 3.770247971268639062e+13
5.246879999999999882e+02 3.732903157976912500e+13
5.250004999999999882e+02 3.695586947345396875e+13
5.253129999999999882e+02 3.658299252276434375e+13
5.256254999999999882e+02 3.621039985672367188e+13
5.259379999999999882e+02 3.583809060435535156e+13
5.262504999999999882e+02 3.546606389468281250e+13
5.265629999999999882e+02 3.509431798575288281e+13
5.268754999999999882e+02 3.472285374854214844e+13
5.271879999999999882e+02 3.435167118305060547e+13
