-2.000000000000000000e+01 2.610614734538571289e+12
-1.968750000000000000e+01 2.711566009442123047e+12
-1.937500000000000000e+01 2.815222099070057129e+12
-1.906250000000000000e+01 2.921583003422374512e+12
-1.875000000000000000e+01 3.030648722499074219e+12
-1.843750000000000000e+01 3.142419256300156250e+12
-1.812500000000000000e+01 3.256894604825621094e+12
-1.781250000000000000e+01 3.374074768075468750e+12
-1.750000000000000000e+01 3.493959746049698730e+12
-1.718750000000000000e+01 3.616549538748311523e+12
-1.687500000000000000e+01 3.741844146171307617e+12
-1.656250000000000000e+01 3.869843568318686035e+12
-1.625000000000000000e+01 4.000547805190446289e+12
-1.593750000000000000e+01 4.133956856786589844e+12
-1.562500000000000000e+01 4.270070723107115723e+12
-1.531250000000000000e+01 4.408889404152025391e+12
-1.500000000000000000e+01 4.550412899921316406e+12
-1.468750000000000000e+01 4.694641210414990234e+12
-1.437500000000000000e+01 4.841574335633046875e+12
-1.406250000000000000e+01 4.991212275575486328e+12
-1.375000000000000000e+01 5.143555030242308594e+12
-1.343750000000000000e+01 5.298602599633513672e+12
-1.312500000000000000e+01 5.456354983749101562e+12
-1.281250000000000000e+01 5.616812182589072266e+12
-1.250000000000000000e+01 5.779974196153423828e+12
-1.218750000000000000e+01 5.945841024442160156e+12
-1.187500000000000000e+01 6.114412667455277344e+12
-1.156250000000000000e+01 6.285689125192778320e+12
-1.125000000000000000e+01 6.459670397654662109e+12
-1.093750000000000000e+01 6.636356484840927734e+12
-1.062500000000000000e+01 6.815747386751578125e+12
-1.031250000000000000e+01 6.997843103386609375e+12
-1.000000000000000000e+01 7.182643634746052734e+12
-9.687500000000000000e+00 7.369573475467312500e+12
-9.375000000000000000e+00 7.559818226610527344e+12
-9.062500000000000000e+00 7.756936847408076172e+12
-8.750000000000000000e+00 7.957613645152617188e+12
-8.437500000000000000e+00 8.154747942891620117e+12
-8.125000000000000000e+00 8.349205205528656250e+12
-7.812500000000000000e+00 8.537731182337878906e+12
-7.500000000000000000e+00 8.712869520336121094e+12
-7.187500000000000000e+00 8.882158065030894531e+12
-6.875000000000000000e+00 9.040610086427365234e+12
-6.562500000000000000e+00 9.185080644835833984e+12
-6.250000000000000000e+00 9.317986240707837891e+12
-5.937500000000000000e+00 9.448993985735746094e+12
-5.625000000000000000e+00 9.577157105586031250e+12
-5.312500000000000000e+00 9.709754332854693359e+12
-5.000000000000000000e+00 9.854992852021779297e+12
-4.687500000000000000e+00 1.001832081508620508e+13
-4.375000000000000000e+00 1.020074121621471875e+13
-4.062500000000000000e+00 1.041214759875963867e+13
-3.750000000000000000e+00 1.065309561190566797e+13
-3.437500000000000000e+00 1.091331567272187500e+13
-3.125000000000000000e+00 1.118455747940323828e+13
-2.812500000000000000e+00 1.145752485750530859e+13
-2.500000000000000000e+00 1.172809808118701172e+13
-2.187500000000000000e+00 1.198297737754169141e+13
-1.875000000000000000e+00 1.222676076066480859e+13
-1.562500000000000000e+00 1.245424153713845312e+13
-1.250000000000000000e+00 1.266309470023609766e+13
-9.375000000000000000e-01 1.286084763118246875e+13
-6.250000000000000000e-01 1.306223523636253516e+13
-3.125000000000000000e-01 1.327252019586906250e+13
0.000000000000000000e+00 1.350236291345849805e+13
3.125000000000000000e-01 1.375497394003476562e+13
6.250000000000000000e-01 1.005498041298157422e+13
9.375000000000000000e-01 1.589203626945708203e+13
1.250000000000000000e+00 2.837326121828675000e+13
1.562500000000000000e+00 4.428589670045868750e+13
1.875000000000000000e+00 6.003544746184778906e+13
2.187500000000000000e+00 7.160039013646071875e+13
2.500000000000000000e+00 7.447567846456859375e+13
2.812500000000000000e+00 8.153758030614148438e+13
3.125000000000000000e+00 8.919467815757767188e+13
3.437500000000000000e+00 9.743887283273189062e+13
3.750000000000000000e+00 1.062616656518093438e+14
4.062500000000000000e+00 1.156535592008913438e+14
4.375000000000000000e+00 1.256082520152556094e+14
4.687500000000000000e+00 1.361262340222222969e+14
5.000000000000000000e+00 1.472159850221026250e+14
5.312500000000000000e+00 1.588927762072500625e+14
5.625000000000000000e+00 1.711750747192147500e+14
5.937500000000000000e+00 1.840803489654227500e+14
6.250000000000000000e+00 1.976256678596506562e+14
6.562500000000000000e+00 2.118281003156750000e+14
6.875000000000000000e+00 2.267047152472723750e+14
7.187500000000000000e+00 2.422725815682194062e+14
7.500000000000000000e+00 2.585487681922925938e+14
7.812500000000000000e+00 2.755518295385271875e+14
8.125000000000000000e+00 2.933040337891047500e+14
8.437500000000000000e+00 3.118157650841381875e+14
8.750000000000000000e+00 3.310721539743443750e+14
9.062500000000000000e+00 3.510286209052681875e+14
9.375000000000000000e+00 3.716153327330583750e+14
9.687500000000000000e+00 3.927505722717951250e+14
1.000000000000000000e+01 4.143563360987048125e+14
1.031250000000000000e+01 4.363561062962726875e+14
1.062500000000000000e+01 4.586733649469838750e+14
1.093750000000000000e+01 4.812315941333235000e+14
1.125000000000000000e+01 5.039542759377766250e+14
1.156250000000000000e+01 5.267635277345787500e+14
1.187500000000000000e+01 5.495780551273405625e+14
1.218750000000000000e+01 5.723274813856712500e+14
1.250000000000000000e+01 5.949646298194266250e+14
1.281250000000000000e+01 6.174696179034578750e+14
1.312500000000000000e+01 6.398457631528630000e+14
1.343750000000000000e+01 6.621073007487375000e+14
1.375000000000000000e+01 6.842650541015537500e+14
1.406250000000000000e+01 7.063284819135330000e+14
1.437500000000000000e+01 7.283070428868973750e+14
1.468750000000000000e+01 7.502101957238686250e+14
1.500000000000000000e+01 7.720473991266685000e+14
1.531250000000000000e+01 7.938281117975190000e+14
1.562500000000000000e+01 8.155645849358221250e+14
1.593750000000000000e+01 8.372760509839307500e+14
1.625000000000000000e+01 8.589594024067555000e+14
1.656250000000000000e+01 8.805640592171407500e+14
1.687500000000000000e+01 9.019835914843242500e+14
1.718750000000000000e+01 9.230640968254780000e+14
1.750000000000000000e+01 9.436293328803312500e+14
1.781250000000000000e+01 9.635033829966652500e+14
1.812500000000000000e+01 9.824964841821950000e+14
1.843750000000000000e+01 1.000472117723825500e+15
1.875000000000000000e+01 1.017406909001740500e+15
1.906250000000000000e+01 1.033410594094099500e+15
1.937500000000000000e+01 1.048706053172341500e+15
1.968750000000000000e+01 1.063574980754507875e+15
2.000000000000000000e+01 1.078296357689925125e+15
2.031250000000000000e+01 1.093097948753719000e+15
2.062500000000000000e+01 1.108112827575001000e+15
2.093750000000000000e+01 1.123362666434629125e+15
2.125000000000000000e+01 1.138774446467446750e+15
2.156250000000000000e+01 1.154230588268995250e+15
2.187500000000000000e+01 1.169625737023866750e+15
2.218750000000000000e+01 1.184855856535362750e+15
2.250000000000000000e+01 1.199830515242635500e+15
2.281250000000000000e+01 1.214488191436021000e+15
2.312500000000000000e+01 1.228801374995483500e+15
2.343750000000000000e+01 1.242771465652170500e+15
2.375000000000000000e+01 1.256413291096321000e+15
2.406250000000000000e+01 1.269736985877567500e+15
2.437500000000000000e+01 1.282752397380148000e+15
2.468750000000000000e+01 1.295472376493232500e+15
2.500000000000000000e+01 1.307913307641207500e+15
2.531250000000000000e+01 1.320094578753392000e+15
2.562500000000000000e+01 1.332036991173191000e+15
2.593750000000000000e+01 1.343761200435795500e+15
2.625000000000000000e+01 1.355288425108854750e+15
2.656250000000000000e+01 1.366637516690516500e+15
2.687500000000000000e+01 1.377822296656235000e+15
2.718750000000000000e+01 1.388850668807710500e+15
2.750000000000000000e+01 1.399725506923949500e+15
2.781250000000000000e+01 1.410447349460562000e+15
2.812500000000000000e+01 1.421017553947644250e+15
2.843750000000000000e+01 1.431437519830130000e+15
2.875000000000000000e+01 1.441708106869151000e+15
2.906250000000000000e+01 1.451829539903717000e+15
2.937500000000000000e+01 1.461801504089036000e+15
2.968750000000000000e+01 1.471623430611466000e+15
3.000000000000000000e+01 1.481294830022631500e+15
3.031250000000000000e+01 1.490815244620262000e+15
3.062500000000000000e+01 1.500184216702087000e+15
3.093750000000000000e+01 1.509401288565836750e+15
3.125000000000000000e+01 1.518466002509241500e+15
3.156250000000000000e+01 1.527377900830031000e+15
3.187500000000000000e+01 1.536136167580873500e+15
3.218750000000000000e+01 1.544739091201784250e+15
3.250000000000000000e+01 1.553187826093269250e+15
3.281250000000000000e+01 1.561489616821877750e+15
3.312500000000000000e+01 1.569658872855385750e+15
3.343750000000000000e+01 1.577716093827612500e+15
3.375000000000000000e+01 1.585684645332868000e+15
3.406250000000000000e+01 1.593586997352808750e+15
3.437500000000000000e+01 1.601445261624030000e+15
3.468750000000000000e+01 1.609281549883127250e+15
3.500000000000000000e+01 1.617117973866695500e+15
3.531250000000000000e+01 1.624976645311330250e+15
3.562500000000000000e+01 1.632879675953626750e+15
3.593750000000000000e+01 1.640849503030560500e+15
3.625000000000000000e+01 1.648909377530058000e+15
3.656250000000000000e+01 1.657079946437002500e+15
3.687500000000000000e+01 1.665376323229814000e+15
3.718750000000000000e+01 1.673807111379306000e+15
3.750000000000000000e+01 1.682375380849827500e+15
3.781250000000000000e+01 1.691081597602685500e+15
3.812500000000000000e+01 1.699927319764762000e+15
3.843750000000000000e+01 1.708915126999883000e+15
3.875000000000000000e+01 1.718045371654873250e+15
3.906250000000000000e+01 1.727313673027930250e+15
3.937500000000000000e+01 1.736710082124749500e+15
3.968750000000000000e+01 1.746219916902400000e+15
4.000000000000000000e+01 1.755826646812171500e+15
4.031250000000000000e+01 1.765515384369969500e+15
4.062500000000000000e+01 1.775268490016552500e+15
4.093750000000000000e+01 1.785061884401915000e+15
4.125000000000000000e+01 1.794863911951619500e+15
4.156250000000000000e+01 1.804636477300464500e+15
4.187500000000000000e+01 1.814336465783752500e+15
4.218750000000000000e+01 1.823916737740530500e+15
4.250000000000000000e+01 1.833346442798855500e+15
4.281250000000000000e+01 1.842626528706406500e+15
4.312500000000000000e+01 1.851792690291139000e+15
4.343750000000000000e+01 1.860930985799842750e+15
4.375000000000000000e+01 1.870184274597999500e+15
4.406250000000000000e+01 1.879740846645634000e+15
4.437500000000000000e+01 1.889769041218822500e+15
4.468750000000000000e+01 1.900349876447114000e+15
4.500000000000000000e+01 1.911440684165982250e+15
4.531250000000000000e+01 1.922898896110678000e+15
4.562500000000000000e+01 1.934538763683983000e+15
4.593750000000000000e+01 1.946186956554624500e+15
4.625000000000000000e+01 1.957670946254404500e+15
4.656250000000000000e+01 1.968833370974391500e+15
4.687500000000000000e+01 1.979549098056600000e+15
4.718750000000000000e+01 1.989730911491214250e+15
4.750000000000000000e+01 1.999323824419362750e+15
4.781250000000000000e+01 2.008284576160217750e+15
4.812500000000000000e+01 2.016556565248866000e+15
4.843750000000000000e+01 2.024108818237788500e+15
4.875000000000000000e+01 2.030968849860301000e+15
4.906250000000000000e+01 2.037233372625861750e+15
4.937500000000000000e+01 2.043058557603856000e+15
4.968750000000000000e+01 2.048624994500376250e+15
5.000000000000000000e+01 2.054103256020205500e+15
5.031250000000000000e+01 2.059665668303113750e+15
5.062500000000000000e+01 2.065436496674401000e+15
5.093750000000000000e+01 2.071448793993402750e+15
5.125000000000000000e+01 2.077632927906936500e+15
5.156250000000000000e+01 2.083831546960589500e+15
5.187500000000000000e+01 2.089837791588048000e+15
5.218750000000000000e+01 2.095437644483812000e+15
5.250000000000000000e+01 2.100488554202751250e+15
5.281250000000000000e+01 2.104989539375944250e+15
5.312500000000000000e+01 2.109093988680688500e+15
5.343750000000000000e+01 2.113081450262643500e+15
5.375000000000000000e+01 2.117187268325900250e+15
5.406250000000000000e+01 2.121436478362459750e+15
5.437500000000000000e+01 2.125634265995359000e+15
5.468750000000000000e+01 2.129508053350578000e+15
5.500000000000000000e+01 2.132858722470020000e+15
5.531250000000000000e+01 2.135675923859601500e+15
5.562500000000000000e+01 2.138099882402181000e+15
5.593750000000000000e+01 2.140340619745221000e+15
5.625000000000000000e+01 2.142594981969361000e+15
5.656250000000000000e+01 2.145026909977742000e+15
5.687500000000000000e+01 2.147748145322055750e+15
5.718750000000000000e+01 2.150809018552287500e+15
5.750000000000000000e+01 2.154207660866973000e+15
5.781250000000000000e+01 2.157917639063965500e+15
5.812500000000000000e+01 2.161920196316330750e+15
5.843750000000000000e+01 2.166199646347221250e+15
5.875000000000000000e+01 2.170740302879788000e+15
5.906250000000000000e+01 2.175526479637182500e+15
5.937500000000000000e+01 2.180542490342556750e+15
5.968750000000000000e+01 2.185772648719062500e+15
6.000000000000000000e+01 2.191204049208772000e+15
6.031250000000000000e+01 2.196830738051058250e+15
6.062500000000000000e+01 2.202624515733931250e+15
6.093750000000000000e+01 2.208509910523751000e+15
6.125000000000000000e+01 2.214355836308467500e+15
6.156250000000000000e+01 2.219983934754382000e+15
6.187500000000000000e+01 2.225193601776431000e+15
6.218750000000000000e+01 2.229783070392147000e+15
6.250000000000000000e+01 2.233533067601213000e+15
6.281250000000000000e+01 2.236289237960970250e+15
6.312500000000000000e+01 2.238035175838780500e+15
6.343750000000000000e+01 2.238916769496148000e+15
6.375000000000000000e+01 2.239217857004598500e+15
6.406250000000000000e+01 2.239295985421616500e+15
6.437500000000000000e+01 2.239510393638677500e+15
6.468750000000000000e+01 2.240141874426125250e+15
6.500000000000000000e+01 2.241321766273158000e+15
6.531250000000000000e+01 2.243005579102917000e+15
6.562500000000000000e+01 2.244999368557395250e+15
6.593750000000000000e+01 2.247038858852164500e+15
6.625000000000000000e+01 2.248877368838985750e+15
6.656250000000000000e+01 2.250266048961504000e+15
6.687500000000000000e+01 2.250991121139903500e+15
6.718750000000000000e+01 2.250913334182018500e+15
6.750000000000000000e+01 2.249981115587033750e+15
6.781250000000000000e+01 2.248217419741781750e+15
6.812500000000000000e+01 2.245680483849943250e+15
6.843750000000000000e+01 2.242418113629545500e+15
6.875000000000000000e+01 2.238472040141596750e+15
6.906250000000000000e+01 2.233880401661893500e+15
6.937500000000000000e+01 2.228677109660102000e+15
6.968750000000000000e+01 2.222892482820677250e+15
7.000000000000000000e+01 2.216555149105621750e+15
7.031250000000000000e+01 2.209694264827705000e+15
7.062500000000000000e+01 2.202339197640002000e+15
7.093750000000000000e+01 2.194519315195589500e+15
7.125000000000000000e+01 2.186263985147542000e+15
7.156250000000000000e+01 2.177602575148936000e+15
7.187500000000000000e+01 2.168564452852846750e+15
7.218750000000000000e+01 2.159178985912349500e+15
7.250000000000000000e+01 2.149475541980521000e+15
7.281250000000000000e+01 2.139483488710435750e+15
7.312500000000000000e+01 2.129232193755169750e+15
7.343750000000000000e+01 2.118751024767799500e+15
7.375000000000000000e+01 2.108069349401399500e+15
7.406250000000000000e+01 2.097216535309045500e+15
7.437500000000000000e+01 2.086221950143813750e+15
7.468750000000000000e+01 2.075114961558779000e+15
7.500000000000000000e+01 2.063924937207018250e+15
7.531250000000000000e+01 2.052681244741606500e+15
7.562500000000000000e+01 2.041413251815619250e+15
7.593750000000000000e+01 2.030150786051739250e+15
7.625000000000000000e+01 2.018924824996667750e+15
7.656250000000000000e+01 2.007762666440248000e+15
7.687500000000000000e+01 1.996683788688998500e+15
7.718750000000000000e+01 1.985698470657292000e+15
7.750000000000000000e+01 1.974809171776177500e+15
7.781250000000000000e+01 1.964014671719845000e+15
7.812500000000000000e+01 1.953314900086503000e+15
7.843750000000000000e+01 1.942710246443967750e+15
7.875000000000000000e+01 1.932201100360055000e+15
7.906250000000000000e+01 1.921787851402581000e+15
7.937500000000000000e+01 1.911470889139361000e+15
7.968750000000000000e+01 1.901250603138211500e+15
8.000000000000000000e+01 1.891127382966948000e+15
8.031250000000000000e+01 1.881101618193386500e+15
8.062500000000000000e+01 1.871173698385342500e+15
8.093750000000000000e+01 1.861344013110633000e+15
8.125000000000000000e+01 1.851612951937073500e+15
8.156250000000000000e+01 1.841980904432479000e+15
8.187500000000000000e+01 1.832448260164666500e+15
8.218750000000000000e+01 1.823015408701451250e+15
8.250000000000000000e+01 1.813682739610649250e+15
8.281250000000000000e+01 1.804450642460076500e+15
8.312500000000000000e+01 1.795319506817549250e+15
8.343750000000000000e+01 1.786289722250882500e+15
8.375000000000000000e+01 1.777361678327893500e+15
8.406250000000000000e+01 1.768535764616396750e+15
8.437500000000000000e+01 1.759812370684208500e+15
8.468750000000000000e+01 1.751191886099145500e+15
8.500000000000000000e+01 1.742674700429022750e+15
8.531250000000000000e+01 1.734261203241656750e+15
8.562500000000000000e+01 1.725951784104863000e+15
8.593750000000000000e+01 1.717746832586457500e+15
8.625000000000000000e+01 1.709646738254256250e+15
8.656250000000000000e+01 1.701651890676075000e+15
8.687500000000000000e+01 1.693762679419729500e+15
8.718750000000000000e+01 1.685979494053036000e+15
8.750000000000000000e+01 1.678302724143810000e+15
8.781250000000000000e+01 1.670732759259868000e+15
8.812500000000000000e+01 1.663269988969025500e+15
8.843750000000000000e+01 1.655914802839098500e+15
8.875000000000000000e+01 1.648667590437903000e+15
8.906250000000000000e+01 1.641528741333254750e+15
8.937500000000000000e+01 1.634498645092969500e+15
8.968750000000000000e+01 1.627577691284863250e+15
9.000000000000000000e+01 1.620766269476752000e+15
9.031250000000000000e+01 1.614064769236452000e+15
9.062500000000000000e+01 1.607473580131778500e+15
9.093750000000000000e+01 1.600993091730548000e+15
9.125000000000000000e+01 1.594623693600575750e+15
9.156250000000000000e+01 1.588365775309678000e+15
9.187500000000000000e+01 1.582219726425670500e+15
9.218750000000000000e+01 1.576185975195494500e+15
9.250000000000000000e+01 1.570265046563902500e+15
9.281250000000000000e+01 1.564457156042649000e+15
9.312500000000000000e+01 1.558761861598363250e+15
9.343750000000000000e+01 1.553177947615176000e+15
9.375000000000000000e+01 1.547703540932094500e+15
9.406250000000000000e+01 1.542336458955126500e+15
9.437500000000000000e+01 1.537074615788091250e+15
9.468750000000000000e+01 1.531915964213934000e+15
9.500000000000000000e+01 1.526858457015599000e+15
9.531250000000000000e+01 1.521900046976032000e+15
9.562500000000000000e+01 1.517038686878176500e+15
9.593750000000000000e+01 1.512272329504978000e+15
9.625000000000000000e+01 1.507598927639381250e+15
9.656250000000000000e+01 1.503016434064330750e+15
9.687500000000000000e+01 1.498522801562771500e+15
9.718750000000000000e+01 1.494115982917648000e+15
9.750000000000000000e+01 1.489793930911905000e+15
9.781250000000000000e+01 1.485554598328487500e+15
9.812500000000000000e+01 1.481395937950340500e+15
9.843750000000000000e+01 1.477315902560408000e+15
9.875000000000000000e+01 1.473312444941635500e+15
9.906250000000000000e+01 1.469383517876967500e+15
9.937500000000000000e+01 1.465527074149348500e+15
9.968750000000000000e+01 1.461741066541724000e+15
1.000000000000000000e+02 1.458023447837038000e+15
1.003125000000000000e+02 1.454372170818235250e+15
1.006250000000000000e+02 1.450785188268261000e+15
1.009375000000000000e+02 1.447260452970059500e+15
1.012500000000000000e+02 1.443795917706576250e+15
1.015625000000000000e+02 1.440389535260755500e+15
1.018750000000000000e+02 1.437039258415542000e+15
1.021875000000000000e+02 1.433743039953880750e+15
1.025000000000000000e+02 1.430498832658716000e+15
1.028125000000000000e+02 1.427304589312993000e+15
1.031250000000000000e+02 1.424158262699656500e+15
1.034375000000000000e+02 1.421057805601651000e+15
1.037500000000000000e+02 1.418001170801921500e+15
1.040625000000000000e+02 1.414986311083412750e+15
1.043750000000000000e+02 1.412011179229069500e+15
1.046875000000000000e+02 1.409073728021836000e+15
1.050000000000000000e+02 1.406171910244658000e+15
1.053125000000000000e+02 1.403303678680479500e+15
1.056250000000000000e+02 1.400466986112245500e+15
1.059375000000000000e+02 1.397659785322900500e+15
1.062500000000000000e+02 1.394880029095390000e+15
1.065625000000000000e+02 1.392125670212658250e+15
1.068750000000000000e+02 1.389394661457649500e+15
1.071875000000000000e+02 1.386684955613309500e+15
1.075000000000000000e+02 1.383994505462582250e+15
1.078125000000000000e+02 1.381321263788413000e+15
1.081250000000000000e+02 1.378663151157194000e+15
1.084375000000000000e+02 1.376018007593938000e+15
1.087500000000000000e+02 1.373383930856074000e+15
1.090625000000000000e+02 1.370759566382418500e+15
1.093750000000000000e+02 1.368144203942829000e+15
1.096875000000000000e+02 1.365537680988551500e+15
1.100000000000000000e+02 1.362940092703248250e+15
1.103125000000000000e+02 1.360351453729201000e+15
1.106250000000000000e+02 1.357771746492139750e+15
1.109375000000000000e+02 1.355200953417794000e+15
1.112500000000000000e+02 1.352639056931894500e+15
1.115625000000000000e+02 1.350086039460170000e+15
1.118750000000000000e+02 1.347541883428350500e+15
1.121875000000000000e+02 1.345006571262166500e+15
1.125000000000000000e+02 1.342480085387347000e+15
1.128125000000000000e+02 1.339962408229622500e+15
1.131250000000000000e+02 1.337453522214722500e+15
1.134375000000000000e+02 1.334953409768376750e+15
1.137500000000000000e+02 1.332462053316315000e+15
1.140625000000000000e+02 1.329979435284267500e+15
1.143750000000000000e+02 1.327505538097963500e+15
1.146875000000000000e+02 1.325040344183133000e+15
1.150000000000000000e+02 1.322583835965506250e+15
1.153125000000000000e+02 1.320135995870812500e+15
1.156250000000000000e+02 1.317696806324782000e+15
1.159375000000000000e+02 1.315266249753144250e+15
1.162500000000000000e+02 1.312844308581629000e+15
1.165625000000000000e+02 1.310430965235966250e+15
1.168750000000000000e+02 1.308026202141886000e+15
1.171875000000000000e+02 1.305630001725117750e+15
1.175000000000000000e+02 1.303242346411391500e+15
1.178125000000000000e+02 1.300863218626437250e+15
1.181250000000000000e+02 1.298492600795984250e+15
1.184375000000000000e+02 1.296130475345763000e+15
1.187500000000000000e+02 1.293776824701502500e+15
1.190625000000000000e+02 1.291431631288933000e+15
1.193750000000000000e+02 1.289094877533784750e+15
1.196875000000000000e+02 1.286766545861787000e+15
1.200000000000000000e+02 1.284446618698670000e+15
1.203125000000000000e+02 1.282135078470163000e+15
1.206250000000000000e+02 1.279831907601996000e+15
1.209375000000000000e+02 1.277537088519899250e+15
1.212500000000000000e+02 1.275250603649602250e+15
1.215625000000000000e+02 1.272972435416834750e+15
1.218750000000000000e+02 1.270702566247326500e+15
1.221875000000000000e+02 1.268440978566807500e+15
1.225000000000000000e+02 1.266187654801007500e+15
1.228125000000000000e+02 1.263942577375656500e+15
1.231250000000000000e+02 1.261705728716484250e+15
1.234375000000000000e+02 1.259477091249220500e+15
1.237500000000000000e+02 1.257256647399594500e+15
1.240625000000000000e+02 1.255044379593337000e+15
1.243750000000000000e+02 1.252840270256177500e+15
1.246875000000000000e+02 1.250644301813845500e+15
1.250000000000000000e+02 1.248456456692071500e+15
1.253125000000000000e+02 1.246276717316584750e+15
1.256250000000000000e+02 1.244105066113115000e+15
1.259375000000000000e+02 1.241941485507392000e+15
1.262500000000000000e+02 1.239785957925146000e+15
1.265625000000000000e+02 1.237638465792106750e+15
1.268750000000000000e+02 1.235498991534004250e+15
1.271875000000000000e+02 1.233367517576567750e+15
1.275000000000000000e+02 1.231244026345527750e+15
1.278125000000000000e+02 1.229128500266613250e+15
1.281250000000000000e+02 1.227020921765554500e+15
1.284375000000000000e+02 1.224921273268081250e+15
1.287500000000000000e+02 1.222829537199923500e+15
1.290625000000000000e+02 1.220745695986810750e+15
1.293750000000000000e+02 1.218669732054473500e+15
1.296875000000000000e+02 1.216601627828640750e+15
1.300000000000000000e+02 1.214541365735042750e+15
1.303125000000000000e+02 1.212488928199409000e+15
1.306250000000000000e+02 1.210444297647469750e+15
1.309375000000000000e+02 1.208407456504954500e+15
1.312500000000000000e+02 1.206378387197593500e+15
1.315625000000000000e+02 1.204357072151115750e+15
1.318750000000000000e+02 1.202343493791251750e+15
1.321875000000000000e+02 1.200337634543731000e+15
1.325000000000000000e+02 1.198339476834283500e+15
1.328125000000000000e+02 1.196349003088639500e+15
1.331250000000000000e+02 1.194366195732528000e+15
1.334375000000000000e+02 1.192391037191679000e+15
1.337500000000000000e+02 1.190423509891822500e+15
1.340625000000000000e+02 1.188463596258688000e+15
1.343750000000000000e+02 1.186511278718006000e+15
1.346875000000000000e+02 1.184566539695505750e+15
1.350000000000000000e+02 1.182629361616917000e+15
1.353125000000000000e+02 1.180699726907970250e+15
1.356250000000000000e+02 1.178777617994394750e+15
1.359375000000000000e+02 1.176863017301920000e+15
1.362500000000000000e+02 1.174955907256276750e+15
1.365625000000000000e+02 1.173056270283194250e+15
1.368750000000000000e+02 1.171164088808402250e+15
1.371875000000000000e+02 1.169279345257630750e+15
1.375000000000000000e+02 1.167402022056609500e+15
1.378125000000000000e+02 1.165532101631068000e+15
1.381250000000000000e+02 1.163669566406736750e+15
1.384375000000000000e+02 1.161814398809345250e+15
1.387500000000000000e+02 1.159966581264623000e+15
1.390625000000000000e+02 1.158126096198300500e+15
1.393750000000000000e+02 1.156292926036107000e+15
1.396875000000000000e+02 1.154467053203772500e+15
1.400000000000000000e+02 1.152648460127027000e+15
1.403125000000000000e+02 1.150837129231600000e+15
1.406250000000000000e+02 1.149033042943221500e+15
1.409375000000000000e+02 1.147236183687621000e+15
1.412500000000000000e+02 1.145446533890529000e+15
1.415625000000000000e+02 1.143664075977674500e+15
1.418750000000000000e+02 1.141888792374787500e+15
1.421875000000000000e+02 1.140120665507598500e+15
1.425000000000000000e+02 1.138359677801836500e+15
1.428125000000000000e+02 1.136605811683232000e+15
1.431250000000000000e+02 1.134859049577514250e+15
1.434375000000000000e+02 1.133119373910413500e+15
1.437500000000000000e+02 1.131386767107659000e+15
1.440625000000000000e+02 1.129661211594981500e+15
1.443750000000000000e+02 1.127942689798109750e+15
1.446875000000000000e+02 1.126231184142774250e+15
1.450000000000000000e+02 1.124526677054704875e+15
1.453125000000000000e+02 1.122829150959631000e+15
1.456250000000000000e+02 1.121138588283282500e+15
1.459375000000000000e+02 1.119454971451389625e+15
1.462500000000000000e+02 1.117778282889681625e+15
1.465625000000000000e+02 1.116108505023888750e+15
1.468750000000000000e+02 1.114445620279740625e+15
1.471875000000000000e+02 1.112789611082967125e+15
1.475000000000000000e+02 1.111140459859298000e+15
1.478125000000000000e+02 1.109498149034463250e+15
1.481250000000000000e+02 1.107862661034192375e+15
1.484375000000000000e+02 1.106233978284215625e+15
1.487500000000000000e+02 1.104612083210262250e+15
1.490625000000000000e+02 1.102996958238062875e+15
1.493750000000000000e+02 1.101388585793346375e+15
1.496875000000000000e+02 1.099786948301843250e+15
1.500000000000000000e+02 1.098192028189283000e+15
1.503125000000000000e+02 1.096603807881395500e+15
1.506250000000000000e+02 1.095022269803910750e+15
1.509375000000000000e+02 1.093447396382558375e+15
1.512500000000000000e+02 1.091879170043068125e+15
1.515625000000000000e+02 1.090317573211169875e+15
1.518750000000000000e+02 1.088762588312593625e+15
1.521875000000000000e+02 1.087214197773069250e+15
1.525000000000000000e+02 1.085672384018326250e+15
1.528125000000000000e+02 1.084137129474094500e+15
1.531250000000000000e+02 1.082608416566104125e+15
1.534375000000000000e+02 1.081086227720084375e+15
1.537500000000000000e+02 1.079570545361765500e+15
1.540625000000000000e+02 1.078061351916877500e+15
1.543750000000000000e+02 1.076558629811149625e+15
1.546875000000000000e+02 1.075062361470312125e+15
1.550000000000000000e+02 1.073572529320094375e+15
1.553125000000000000e+02 1.072089115786226750e+15
1.556250000000000000e+02 1.070612103294438750e+15
1.559375000000000000e+02 1.069141474270460250e+15
1.562500000000000000e+02 1.067677211140021000e+15
1.565625000000000000e+02 1.066219296328851250e+15
1.568750000000000000e+02 1.064767712262680000e+15
1.571875000000000000e+02 1.063322441367237750e+15
1.575000000000000000e+02 1.061883466068254000e+15
1.578125000000000000e+02 1.060450768791458500e+15
1.581250000000000000e+02 1.059024331962581500e+15
1.584375000000000000e+02 1.057604138007352500e+15
1.587500000000000000e+02 1.056190169351501250e+15
1.590625000000000000e+02 1.054782408420757750e+15
1.593750000000000000e+02 1.053380837640851750e+15
1.596875000000000000e+02 1.051985439437513000e+15
1.600000000000000000e+02 1.050596196236471500e+15
1.603125000000000000e+02 1.049213090463456875e+15
1.606250000000000000e+02 1.047836104544199000e+15
1.609375000000000000e+02 1.046465220904427750e+15
1.612500000000000000e+02 1.045100421969872750e+15
1.615625000000000000e+02 1.043741690166264000e+15
1.618750000000000000e+02 1.042389007919331500e+15
1.621875000000000000e+02 1.041042357654804500e+15
1.625000000000000000e+02 1.039701721798413375e+15
1.628125000000000000e+02 1.038367082775887750e+15
1.631250000000000000e+02 1.037038423012957375e+15
1.634375000000000000e+02 1.035715724935352250e+15
1.637500000000000000e+02 1.034398970968801875e+15
1.640625000000000000e+02 1.033088143539036500e+15
1.643750000000000000e+02 1.031783225071785625e+15
1.646875000000000000e+02 1.030484197992779000e+15
1.650000000000000000e+02 1.029191044727746750e+15
1.653125000000000000e+02 1.027903747702418375e+15
1.656250000000000000e+02 1.026622289342524000e+15
1.659375000000000000e+02 1.025346652073793000e+15
1.662500000000000000e+02 1.024076818321955500e+15
1.665625000000000000e+02 1.022812770512741500e+15
1.668750000000000000e+02 1.021554491071880750e+15
1.671875000000000000e+02 1.020301962425102750e+15
1.675000000000000000e+02 1.019055166998137750e+15
1.678125000000000000e+02 1.017814087216714875e+15
1.681250000000000000e+02 1.016578705506564500e+15
1.684375000000000000e+02 1.015349004293416625e+15
1.687500000000000000e+02 1.014124966003000500e+15
1.690625000000000000e+02 1.012906573061046250e+15
1.693750000000000000e+02 1.011693807893283750e+15
1.696875000000000000e+02 1.010486652925442500e+15
1.700000000000000000e+02 1.009285090583252625e+15
1.703125000000000000e+02 1.008089103292444000e+15
1.706250000000000000e+02 1.006898673478746000e+15
1.709375000000000000e+02 1.005713783567889125e+15
1.712500000000000000e+02 1.004534415985602625e+15
1.715625000000000000e+02 1.003360553157616750e+15
1.718750000000000000e+02 1.002192177509660625e+15
1.721875000000000000e+02 1.001029271467464750e+15
1.725000000000000000e+02 9.998718187899685000e+14
1.728125000000000000e+02 9.987198065691350000e+14
1.731250000000000000e+02 9.975732112312512500e+14
1.734375000000000000e+02 9.964319865380390000e+14
1.737500000000000000e+02 9.952960595870270000e+14
1.740625000000000000e+02 9.941653348111796250e+14
1.743750000000000000e+02 9.930397059777842500e+14
1.746875000000000000e+02 9.919190701871523750e+14
1.750000000000000000e+02 9.908033258728048750e+14
1.753125000000000000e+02 9.896923714682626250e+14
1.756250000000000000e+02 9.885861054070467500e+14
1.759375000000000000e+02 9.874844261226783750e+14
1.762500000000000000e+02 9.863872320486783750e+14
1.765625000000000000e+02 9.852944216185675000e+14
1.768750000000000000e+02 9.842058932658672500e+14
1.771875000000000000e+02 9.831215454240985000e+14
1.775000000000000000e+02 9.820412765267820000e+14
1.778125000000000000e+02 9.809649850074390000e+14
1.781250000000000000e+02 9.798925692995903750e+14
1.784375000000000000e+02 9.788239278367573750e+14
1.787500000000000000e+02 9.777589590524607500e+14
1.790625000000000000e+02 9.766975613802216250e+14
1.793750000000000000e+02 9.756396332535607500e+14
1.796875000000000000e+02 9.745850731059995000e+14
1.800000000000000000e+02 9.735337793710590000e+14
1.803125000000000000e+02 9.724856504822597500e+14
1.806250000000000000e+02 9.714405848731232500e+14
1.809375000000000000e+02 9.703984809771702500e+14
1.812500000000000000e+02 9.693592372279217500e+14
1.815625000000000000e+02 9.683227520588990000e+14
1.818750000000000000e+02 9.672889239036225000e+14
1.821875000000000000e+02 9.662576511956138750e+14
1.825000000000000000e+02 9.652288323683937500e+14
1.828125000000000000e+02 9.642023658554832500e+14
1.831250000000000000e+02 9.631781500904032500e+14
1.834375000000000000e+02 9.621560835066750000e+14
1.837500000000000000e+02 9.611360645378195000e+14
1.840625000000000000e+02 9.601179916173577500e+14
1.843750000000000000e+02 9.591017631788103750e+14
1.846875000000000000e+02 9.580872776556990000e+14
1.850000000000000000e+02 9.570744334815441250e+14
1.853125000000000000e+02 9.560631290898670000e+14
1.856250000000000000e+02 9.550532629141885000e+14
1.859375000000000000e+02 9.540447333880297500e+14
1.862500000000000000e+02 9.530374389449118750e+14
1.865625000000000000e+02 9.520312780183557500e+14
1.868750000000000000e+02 9.510261490418822500e+14
1.871875000000000000e+02 9.500219504490126250e+14
1.875000000000000000e+02 9.490185806732677500e+14
1.878125000000000000e+02 9.480159381481686250e+14
1.881250000000000000e+02 9.470139213072362500e+14
1.884375000000000000e+02 9.460124285839917500e+14
1.887500000000000000e+02 9.450113584119562500e+14
1.890625000000000000e+02 9.440106092246503750e+14
1.893750000000000000e+02 9.430100794555955000e+14
1.896875000000000000e+02 9.420096675383125000e+14
1.900000000000000000e+02 9.410092719063222500e+14
1.903125000000000000e+02 9.400087909931458750e+14
1.906250000000000000e+02 9.390081232323045000e+14
1.909375000000000000e+02 9.380071670573190000e+14
1.912500000000000000e+02 9.370058209017105000e+14
1.915625000000000000e+02 9.360039831989997500e+14
1.918750000000000000e+02 9.350015523827080000e+14
1.921875000000000000e+02 9.339984268863563750e+14
1.925000000000000000e+02 9.329945051434655000e+14
1.928125000000000000e+02 9.319896855875567500e+14
1.931250000000000000e+02 9.309838666521507500e+14
1.934375000000000000e+02 9.299769467707690000e+14
1.937500000000000000e+02 9.289688243769322500e+14
1.940625000000000000e+02 9.279593979041613750e+14
1.943750000000000000e+02 9.269485657859777500e+14
1.946875000000000000e+02 9.259362264559018750e+14
1.950000000000000000e+02 9.249222783474552500e+14
1.953125000000000000e+02 9.239066198941587500e+14
1.956250000000000000e+02 9.228891495295332500e+14
1.959375000000000000e+02 9.218697656870997500e+14
1.962500000000000000e+02 9.208483668003793750e+14
1.965625000000000000e+02 9.198248513028931250e+14
1.968750000000000000e+02 9.187991176281620000e+14
1.971875000000000000e+02 9.177710642097070000e+14
1.975000000000000000e+02 9.167405894810491250e+14
1.978125000000000000e+02 9.157075918757095000e+14
1.981250000000000000e+02 9.146719698272088750e+14
1.984375000000000000e+02 9.136336217690685000e+14
1.987500000000000000e+02 9.125924461348095000e+14
1.990625000000000000e+02 9.115483413579525000e+14
1.993750000000000000e+02 9.105012058720188750e+14
1.996875000000000000e+02 9.094509381105292500e+14
2.000000000000000000e+02 9.083974365070050000e+14
2.003125000000000000e+02 9.073405994949670000e+14
2.006250000000000000e+02 9.062803255079362500e+14
2.009375000000000000e+02 9.052165129794335000e+14
2.012500000000000000e+02 9.041490603429803750e+14
2.015625000000000000e+02 9.030778660320972500e+14
2.018750000000000000e+02 9.020028284803057500e+14
2.021875000000000000e+02 9.009238461211263750e+14
2.025000000000000000e+02 8.998408173880803750e+14
2.028125000000000000e+02 8.987536407146887500e+14
2.031250000000000000e+02 8.976622145344722500e+14
2.034375000000000000e+02 8.965664372809522500e+14
2.037500000000000000e+02 8.954662073876496250e+14
2.040625000000000000e+02 8.943614232880852500e+14
2.043750000000000000e+02 8.932519834157805000e+14
2.046875000000000000e+02 8.921377817463915000e+14
2.050000000000000000e+02 8.910187011109126250e+14
2.053125000000000000e+02 8.898946600032562500e+14
2.056250000000000000e+02 8.887656527010340000e+14
2.059375000000000000e+02 8.876317626391525000e+14
2.062500000000000000e+02 8.864931490362172500e+14
2.065625000000000000e+02 8.853500067737520000e+14
2.068750000000000000e+02 8.842025195886181250e+14
2.071875000000000000e+02 8.830508667598130000e+14
2.075000000000000000e+02 8.818952275663332500e+14
2.078125000000000000e+02 8.807357812871765000e+14
2.081250000000000000e+02 8.795727072013391250e+14
2.084375000000000000e+02 8.784061845878185000e+14
2.087500000000000000e+02 8.772363927256117500e+14
2.090625000000000000e+02 8.760635108937156250e+14
2.093750000000000000e+02 8.748877183711272500e+14
2.096875000000000000e+02 8.737091944368437500e+14
2.100000000000000000e+02 8.725281183698620000e+14
2.103125000000000000e+02 8.713446694491792500e+14
2.106250000000000000e+02 8.701590269537925000e+14
2.109375000000000000e+02 8.689713701626985000e+14
2.112500000000000000e+02 8.677818783548947500e+14
2.115625000000000000e+02 8.665907308093777500e+14
2.118750000000000000e+02 8.653981068051450000e+14
2.121875000000000000e+02 8.642041856211932500e+14
2.125000000000000000e+02 8.630091465365193750e+14
2.128125000000000000e+02 8.618131688301207500e+14
2.131250000000000000e+02 8.606164317809942500e+14
2.134375000000000000e+02 8.594191146681370000e+14
2.137500000000000000e+02 8.582213967705460000e+14
2.140625000000000000e+02 8.570234573672182500e+14
2.143750000000000000e+02 8.558254757371505000e+14
2.146875000000000000e+02 8.546276311593402500e+14
2.150000000000000000e+02 8.534301029127845000e+14
2.153125000000000000e+02 8.522330702764797500e+14
2.156250000000000000e+02 8.510367125294237500e+14
2.159375000000000000e+02 8.498412089506130000e+14
2.162500000000000000e+02 8.486467388190447500e+14
2.165625000000000000e+02 8.474534814137160000e+14
2.168750000000000000e+02 8.462616160136236250e+14
2.171875000000000000e+02 8.450713218977648750e+14
2.175000000000000000e+02 8.438827783451366250e+14
2.178125000000000000e+02 8.426961646347361250e+14
2.181250000000000000e+02 8.415116600455600000e+14
2.184375000000000000e+02 8.403294438566057500e+14
2.187500000000000000e+02 8.391496953468702500e+14
2.190625000000000000e+02 8.379725937953502500e+14
2.193750000000000000e+02 8.367983184810431250e+14
2.196875000000000000e+02 8.356270486829457500e+14
2.200000000000000000e+02 8.344589636800552500e+14
2.203125000000000000e+02 8.332942427513685000e+14
2.206250000000000000e+02 8.321330651758827500e+14
2.209375000000000000e+02 8.309756102325947500e+14
2.212500000000000000e+02 8.298220572005017500e+14
2.215625000000000000e+02 8.286725853586006250e+14
2.218750000000000000e+02 8.275273739858885000e+14
2.221875000000000000e+02 8.263866023613626250e+14
2.225000000000000000e+02 8.252504497640196250e+14
2.228125000000000000e+02 8.241190954728567500e+14
2.231250000000000000e+02 8.229927187668710000e+14
2.234375000000000000e+02 8.218714989250590000e+14
2.237500000000000000e+02 8.207556152264186250e+14
2.240625000000000000e+02 8.196452469499462500e+14
2.243750000000000000e+02 8.185405733746392500e+14
2.246875000000000000e+02 8.174417737794945000e+14
2.250000000000000000e+02 8.163490274435090000e+14
2.253125000000000000e+02 8.152625136456797500e+14
2.256250000000000000e+02 8.141824116650037500e+14
2.259375000000000000e+02 8.131089007804782500e+14
2.262500000000000000e+02 8.120421602711002500e+14
2.265625000000000000e+02 8.109823694158667500e+14
2.268750000000000000e+02 8.099297074937745000e+14
2.271875000000000000e+02 8.088843537838208750e+14
2.275000000000000000e+02 8.078464875650027500e+14
2.278125000000000000e+02 8.068162881163172500e+14
2.281250000000000000e+02 8.057939347167610000e+14
2.284375000000000000e+02 8.047796066453316250e+14
2.287500000000000000e+02 8.037734831810260000e+14
2.290625000000000000e+02 8.027757436028408750e+14
2.293750000000000000e+02 8.017865671897735000e+14
2.296875000000000000e+02 8.008061332208210000e+14
2.300000000000000000e+02 7.998346209749800000e+14
2.303125000000000000e+02 7.988722097312480000e+14
2.306250000000000000e+02 7.979190787686217500e+14
2.309375000000000000e+02 7.969754073660985000e+14
2.312500000000000000e+02 7.960413748026750000e+14
2.315625000000000000e+02 7.951171603573485000e+14
2.318750000000000000e+02 7.942029433091157500e+14
2.321875000000000000e+02 7.932989029369741250e+14
2.325000000000000000e+02 7.924052185199206250e+14
2.328125000000000000e+02 7.915220693369520000e+14
2.331250000000000000e+02 7.906496346670653750e+14
2.334375000000000000e+02 7.897880937892578750e+14
2.337500000000000000e+02 7.889376259825265000e+14
2.340625000000000000e+02 7.880984105258683750e+14
2.343750000000000000e+02 7.872706266982805000e+14
2.346875000000000000e+02 7.864544537787597500e+14
2.350000000000000000e+02 7.856500710463031250e+14
2.353125000000000000e+02 7.848576577799077500e+14
2.356250000000000000e+02 7.840773932585710000e+14
2.359375000000000000e+02 7.833094567612892500e+14
2.362500000000000000e+02 7.825540275670600000e+14
2.365625000000000000e+02 7.818112954847991250e+14
2.368750000000000000e+02 7.810814766482192500e+14
2.371875000000000000e+02 7.803647029516830000e+14
2.375000000000000000e+02 7.796609272809320000e+14
2.378125000000000000e+02 7.789698919233308750e+14
2.381250000000000000e+02 7.782911601576240000e+14
2.384375000000000000e+02 7.776242110232047500e+14
2.387500000000000000e+02 7.769685498842637500e+14
2.390625000000000000e+02 7.763236926349105000e+14
2.393750000000000000e+02 7.756891551692545000e+14
2.396875000000000000e+02 7.750644533814052500e+14
2.400000000000000000e+02 7.744491031654721250e+14
2.403125000000000000e+02 7.738426204155645000e+14
2.406250000000000000e+02 7.732445210257917500e+14
2.409375000000000000e+02 7.726543208902637500e+14
2.412500000000000000e+02 7.720715359030895000e+14
2.415625000000000000e+02 7.714956819583786250e+14
2.418750000000000000e+02 7.709262749502407500e+14
2.421875000000000000e+02 7.703628307727851250e+14
2.425000000000000000e+02 7.698048653201212500e+14
2.428125000000000000e+02 7.692518944863585000e+14
2.431250000000000000e+02 7.687034341656063750e+14
2.434375000000000000e+02 7.681590002519745000e+14
2.437500000000000000e+02 7.676181086395721250e+14
2.440625000000000000e+02 7.670802752225087500e+14
2.443750000000000000e+02 7.665450158948940000e+14
2.446875000000000000e+02 7.660118465508370000e+14
2.450000000000000000e+02 7.654802830844472500e+14
2.453125000000000000e+02 7.649498413898345000e+14
2.456250000000000000e+02 7.644200373611080000e+14
2.459375000000000000e+02 7.638903868923772500e+14
2.462500000000000000e+02 7.633604058777517500e+14
2.465625000000000000e+02 7.628296102113408750e+14
2.468750000000000000e+02 7.622975157872542500e+14
2.471875000000000000e+02 7.617636384996010000e+14
2.475000000000000000e+02 7.612274942424908750e+14
2.478125000000000000e+02 7.606885989100331250e+14
2.481250000000000000e+02 7.601464683963372500e+14
2.484375000000000000e+02 7.596006185955128750e+14
2.487500000000000000e+02 7.590505654016692500e+14
2.490625000000000000e+02 7.584958247089160000e+14
2.493750000000000000e+02 7.579359124113625000e+14
2.496875000000000000e+02 7.573703444031180000e+14
2.500000000000000000e+02 7.567986365782922500e+14
2.503125000000000000e+02 7.562203048309947500e+14
2.506250000000000000e+02 7.556348650553345000e+14
2.509375000000000000e+02 7.550418331454217500e+14
2.512500000000000000e+02 7.544407249953650000e+14
2.515625000000000000e+02 7.538310564992743750e+14
2.518750000000000000e+02 7.532123435512590000e+14
2.521875000000000000e+02 7.525841020454285000e+14
2.525000000000000000e+02 7.519458478758922500e+14
2.528125000000000000e+02 7.512970843748610000e+14
2.531250000000000000e+02 7.506372834697990000e+14
2.534375000000000000e+02 7.499660175833595000e+14
2.537500000000000000e+02 7.492830726904740000e+14
2.540625000000000000e+02 7.485884860040470000e+14
2.543750000000000000e+02 7.478825082892615000e+14
2.546875000000000000e+02 7.471654908064892500e+14
2.550000000000000000e+02 7.464377534113555000e+14
2.553125000000000000e+02 7.456996033975870000e+14
2.556250000000000000e+02 7.449513480589103750e+14
2.559375000000000000e+02 7.441932946890522500e+14
2.562500000000000000e+02 7.434257505817392500e+14
2.565625000000000000e+02 7.426490230306980000e+14
2.568750000000000000e+02 7.418634193296550000e+14
2.571875000000000000e+02 7.410692467723372500e+14
2.575000000000000000e+02 7.402668126524710000e+14
2.578125000000000000e+02 7.394564242637830000e+14
2.581250000000000000e+02 7.386383888999998750e+14
2.584375000000000000e+02 7.378130138548482500e+14
2.587500000000000000e+02 7.369806064220547500e+14
2.590625000000000000e+02 7.361414738953462500e+14
2.593750000000000000e+02 7.352959235684488750e+14
2.596875000000000000e+02 7.344442627350897500e+14
2.600000000000000000e+02 7.335867986889952500e+14
2.603125000000000000e+02 7.327238387238920000e+14
2.606250000000000000e+02 7.318556901335066250e+14
2.609375000000000000e+02 7.309826602115657500e+14
2.612500000000000000e+02 7.301050562517960000e+14
2.615625000000000000e+02 7.292231855479240000e+14
2.618750000000000000e+02 7.283373553936767500e+14
2.621875000000000000e+02 7.274478730827802500e+14
2.625000000000000000e+02 7.265550459089615000e+14
2.628125000000000000e+02 7.256591811659470000e+14
2.631250000000000000e+02 7.247605861474637500e+14
2.634375000000000000e+02 7.238595681472378750e+14
2.637500000000000000e+02 7.229564344589961250e+14
2.640625000000000000e+02 7.220514923764652500e+14
2.643750000000000000e+02 7.211450491933717500e+14
2.646875000000000000e+02 7.202374122034425000e+14
2.650000000000000000e+02 7.193288887004038750e+14
2.653125000000000000e+02 7.184197859779825000e+14
2.656250000000000000e+02 7.175104113299051250e+14
2.659375000000000000e+02 7.166010720498983750e+14
2.662500000000000000e+02 7.156920754316887500e+14
2.665625000000000000e+02 7.147837287690032500e+14
2.668750000000000000e+02 7.138763393555680000e+14
2.671875000000000000e+02 7.129702144851097500e+14
2.675000000000000000e+02 7.120656614513552500e+14
2.678125000000000000e+02 7.111629875480312500e+14
2.681250000000000000e+02 7.102625000688642500e+14
2.684375000000000000e+02 7.093645063075808750e+14
2.687500000000000000e+02 7.084693189214517500e+14
2.690625000000000000e+02 7.075772639766077500e+14
2.693750000000000000e+02 7.066886246308275000e+14
2.696875000000000000e+02 7.058035928616393750e+14
2.700000000000000000e+02 7.049222533756910000e+14
2.703125000000000000e+02 7.040445996993796250e+14
2.706250000000000000e+02 7.031705824507506250e+14
2.709375000000000000e+02 7.023001656567093750e+14
2.712500000000000000e+02 7.014333187077052500e+14
2.715625000000000000e+02 7.005700109941877500e+14
2.718750000000000000e+02 6.997102119066058750e+14
2.721875000000000000e+02 6.988538908354095000e+14
2.725000000000000000e+02 6.980010171710475000e+14
2.728125000000000000e+02 6.971515603039695000e+14
2.731250000000000000e+02 6.963054896246248750e+14
2.734375000000000000e+02 6.954627745234632500e+14
2.737500000000000000e+02 6.946233843909337500e+14
2.740625000000000000e+02 6.937872886174858750e+14
2.743750000000000000e+02 6.929544565935688750e+14
2.746875000000000000e+02 6.921248577096322500e+14
2.750000000000000000e+02 6.912984613561252500e+14
2.753125000000000000e+02 6.904752369234975000e+14
2.756250000000000000e+02 6.896551538021982500e+14
2.759375000000000000e+02 6.888381813826767500e+14
2.762500000000000000e+02 6.880242890553827500e+14
2.765625000000000000e+02 6.872134462107653750e+14
2.768750000000000000e+02 6.864056222392740000e+14
2.771875000000000000e+02 6.856007865313582500e+14
2.775000000000000000e+02 6.847989084774672500e+14
2.778125000000000000e+02 6.839999574680505000e+14
2.781250000000000000e+02 6.832039028935572500e+14
2.784375000000000000e+02 6.824107141444372500e+14
2.787500000000000000e+02 6.816203606111395000e+14
2.790625000000000000e+02 6.808328116841136250e+14
2.793750000000000000e+02 6.800480367538088750e+14
2.796875000000000000e+02 6.792660052106747500e+14
2.800000000000000000e+02 6.784866864451605000e+14
2.803125000000000000e+02 6.777100498477156250e+14
2.806250000000000000e+02 6.769360648087895000e+14
2.809375000000000000e+02 6.761647007188316250e+14
2.812500000000000000e+02 6.753959269682911250e+14
2.815625000000000000e+02 6.746297129476177500e+14
2.818750000000000000e+02 6.738660280472605000e+14
2.821875000000000000e+02 6.731048416576688750e+14
2.825000000000000000e+02 6.723461231692922500e+14
2.828125000000000000e+02 6.715898419725802500e+14
2.831250000000000000e+02 6.708359674579820000e+14
2.834375000000000000e+02 6.700844690159471250e+14
2.837500000000000000e+02 6.693353160369247500e+14
2.840625000000000000e+02 6.685884779113645000e+14
2.843750000000000000e+02 6.678439240297157500e+14
2.846875000000000000e+02 6.671016237824276250e+14
2.850000000000000000e+02 6.663615465599497500e+14
2.853125000000000000e+02 6.656236617527313750e+14
2.856250000000000000e+02 6.648879387512220000e+14
2.859375000000000000e+02 6.641543469458710000e+14
2.862500000000000000e+02 6.634228557271277500e+14
2.865625000000000000e+02 6.626934344854416250e+14
2.868750000000000000e+02 6.619660526112620000e+14
2.871875000000000000e+02 6.612406794950382500e+14
2.875000000000000000e+02 6.605172845272198750e+14
2.878125000000000000e+02 6.597958370982561250e+14
2.881250000000000000e+02 6.590763065985965000e+14
2.884375000000000000e+02 6.583586624186903750e+14
2.887500000000000000e+02 6.576428739489870000e+14
2.890625000000000000e+02 6.569289105799360000e+14
2.893750000000000000e+02 6.562167417019863750e+14
2.896875000000000000e+02 6.555063367055880000e+14
2.900000000000000000e+02 6.547976649811898750e+14
2.903125000000000000e+02 6.540906959192417500e+14
2.906250000000000000e+02 6.533853989101927500e+14
2.909375000000000000e+02 6.526817433444922500e+14
2.912500000000000000e+02 6.519796986125897500e+14
2.915625000000000000e+02 6.512792341049345000e+14
2.918750000000000000e+02 6.505803192119762500e+14
2.921875000000000000e+02 6.498829233241640000e+14
2.925000000000000000e+02 6.491870158319472500e+14
2.928125000000000000e+02 6.484925661257752500e+14
2.931250000000000000e+02 6.477995435960977500e+14
2.934375000000000000e+02 6.471079176333640000e+14
2.937500000000000000e+02 6.464176576280232500e+14
2.940625000000000000e+02 6.457287329705250000e+14
2.943750000000000000e+02 6.450411130513185000e+14
2.946875000000000000e+02 6.443547672608531250e+14
2.950000000000000000e+02 6.436696649895787500e+14
2.953125000000000000e+02 6.429857756279440000e+14
2.956250000000000000e+02 6.423030685663990000e+14
2.959375000000000000e+02 6.416215131953926250e+14
2.962500000000000000e+02 6.409410789053745000e+14
2.965625000000000000e+02 6.402617350867938750e+14
2.968750000000000000e+02 6.395834511301002500e+14
2.971875000000000000e+02 6.389061964257430000e+14
2.975000000000000000e+02 6.382299403641715000e+14
2.978125000000000000e+02 6.375546523358350000e+14
2.981250000000000000e+02 6.368803017311832500e+14
2.984375000000000000e+02 6.362068579406652500e+14
2.987500000000000000e+02 6.355342903547305000e+14
2.990625000000000000e+02 6.348625683638286250e+14
2.993750000000000000e+02 6.341916613584087500e+14
2.996875000000000000e+02 6.335215387289202500e+14
3.000000000000000000e+02 6.328521698658127500e+14
3.003125000000000000e+02 6.321835241595353750e+14
3.006250000000000000e+02 6.315155710005377500e+14
3.009375000000000000e+02 6.308482792699040000e+14
3.012500000000000000e+02 6.301816165753061250e+14
3.015625000000000000e+02 6.295155545993361250e+14
3.018750000000000000e+02 6.288500736837913750e+14
3.021875000000000000e+02 6.281851643577702500e+14
3.025000000000000000e+02 6.275208258095767500e+14
3.028125000000000000e+02 6.268570613024347500e+14
3.031250000000000000e+02 6.261938728261557500e+14
3.034375000000000000e+02 6.255312618611862500e+14
3.037500000000000000e+02 6.248692298879730000e+14
3.040625000000000000e+02 6.242077783869620000e+14
3.043750000000000000e+02 6.235469088386001250e+14
3.046875000000000000e+02 6.228866227233335000e+14
3.050000000000000000e+02 6.222269215216090000e+14
3.053125000000000000e+02 6.215678067138727500e+14
3.056250000000000000e+02 6.209092797805715000e+14
3.059375000000000000e+02 6.202513422021515000e+14
3.062500000000000000e+02 6.195939954590592500e+14
3.065625000000000000e+02 6.189372410317410000e+14
3.068750000000000000e+02 6.182810804006437500e+14
3.071875000000000000e+02 6.176255150462136250e+14
3.075000000000000000e+02 6.169705464488972500e+14
3.078125000000000000e+02 6.163161760891410000e+14
3.081250000000000000e+02 6.156624054473913750e+14
3.084375000000000000e+02 6.150092360040947500e+14
3.087500000000000000e+02 6.143566692396977500e+14
3.090625000000000000e+02 6.137047066346467500e+14
3.093750000000000000e+02 6.130533496693882500e+14
3.096875000000000000e+02 6.124025998243687500e+14
3.100000000000000000e+02 6.117524585800347500e+14
3.103125000000000000e+02 6.111029274168325000e+14
3.106250000000000000e+02 6.104540078152087500e+14
3.109375000000000000e+02 6.098057012556097500e+14
3.112500000000000000e+02 6.091580092184822500e+14
3.115625000000000000e+02 6.085109331842725000e+14
3.118750000000000000e+02 6.078644746334270000e+14
3.121875000000000000e+02 6.072186350463922500e+14
3.125000000000000000e+02 6.065734159036146250e+14
3.128125000000000000e+02 6.059288186855407500e+14
3.131250000000000000e+02 6.052848448726170000e+14
3.134375000000000000e+02 6.046414959452898750e+14
3.137500000000000000e+02 6.039987733840060000e+14
3.140625000000000000e+02 6.033566786692115000e+14
3.143750000000000000e+02 6.027152132813532500e+14
3.146875000000000000e+02 6.020743787008772500e+14
3.150000000000000000e+02 6.014341764082302500e+14
3.153125000000000000e+02 6.007946078838587500e+14
3.156250000000000000e+02 6.001556746082092500e+14
3.159375000000000000e+02 5.995173780617281250e+14
3.162500000000000000e+02 5.988797197248617500e+14
3.165625000000000000e+02 5.982427010780570000e+14
3.168750000000000000e+02 5.976063236017598750e+14
3.171875000000000000e+02 5.969705887764170000e+14
3.175000000000000000e+02 5.963354980824747500e+14
3.178125000000000000e+02 5.957010530003800000e+14
3.181250000000000000e+02 5.950672550105790000e+14
3.184375000000000000e+02 5.944341055935180000e+14
3.187500000000000000e+02 5.938016062296435000e+14
3.190625000000000000e+02 5.931697583994022500e+14
3.193750000000000000e+02 5.925385635832405000e+14
3.196875000000000000e+02 5.919080232616050000e+14
3.200000000000000000e+02 5.912781389149417500e+14
3.203125000000000000e+02 5.906489120236977500e+14
3.206250000000000000e+02 5.900203440683190000e+14
3.209375000000000000e+02 5.893924365292523750e+14
3.212500000000000000e+02 5.887651908869440000e+14
3.215625000000000000e+02 5.881386086218405000e+14
3.218750000000000000e+02 5.875126912143886250e+14
3.221875000000000000e+02 5.868874401450342500e+14
3.225000000000000000e+02 5.862628568942241250e+14
3.228125000000000000e+02 5.856389429424050000e+14
3.231250000000000000e+02 5.850156997700230000e+14
3.234375000000000000e+02 5.843931288575247500e+14
3.237500000000000000e+02 5.837712316853567500e+14
3.240625000000000000e+02 5.831500097339652500e+14
3.243750000000000000e+02 5.825294644837970000e+14
3.246875000000000000e+02 5.819095974152981250e+14
3.250000000000000000e+02 5.812904100089155000e+14
3.253125000000000000e+02 5.806719037450953750e+14
3.256250000000000000e+02 5.800540801042842500e+14
3.259375000000000000e+02 5.794369405669286250e+14
3.262500000000000000e+02 5.788204866134748750e+14
3.265625000000000000e+02 5.782047197243696250e+14
3.268750000000000000e+02 5.775896413800592500e+14
3.271875000000000000e+02 5.769752530609902500e+14
3.275000000000000000e+02 5.763615562476090000e+14
3.278125000000000000e+02 5.757485524203620000e+14
3.281250000000000000e+02 5.751362430596958750e+14
3.284375000000000000e+02 5.745246296460570000e+14
3.287500000000000000e+02 5.739137136598917500e+14
3.290625000000000000e+02 5.733034965816468750e+14
3.293750000000000000e+02 5.726939798917686250e+14
3.296875000000000000e+02 5.720851650707035000e+14
3.300000000000000000e+02 5.714770535988980000e+14
3.303125000000000000e+02 5.708696469567982500e+14
3.306250000000000000e+02 5.702629466248512500e+14
3.309375000000000000e+02 5.696569540835032500e+14
3.312500000000000000e+02 5.690516708132007500e+14
3.315625000000000000e+02 5.684470982943902500e+14
3.318750000000000000e+02 5.678432380075182500e+14
3.321875000000000000e+02 5.672400914330310000e+14
3.325000000000000000e+02 5.666376600513752500e+14
3.328125000000000000e+02 5.660359453429972500e+14
3.331250000000000000e+02 5.654349487883436250e+14
3.334375000000000000e+02 5.648346718678607500e+14
3.337500000000000000e+02 5.642351160619951250e+14
3.340625000000000000e+02 5.636362828511932500e+14
3.343750000000000000e+02 5.630381737159015000e+14
3.346875000000000000e+02 5.624407901365665000e+14
3.350000000000000000e+02 5.618441335936345000e+14
3.353125000000000000e+02 5.612482055675522500e+14
3.356250000000000000e+02 5.606530075387661250e+14
3.359375000000000000e+02 5.600585409877225625e+14
3.362500000000000000e+02 5.594648073948680000e+14
3.365625000000000000e+02 5.588718082406488750e+14
3.368750000000000000e+02 5.582795450055116250e+14
3.371875000000000000e+02 5.576880191699029375e+14
3.375000000000000000e+02 5.570972322142691250e+14
3.378125000000000000e+02 5.565071856190566875e+14
3.381250000000000000e+02 5.559178808647121250e+14
3.384375000000000000e+02 5.553293194316820000e+14
3.387500000000000000e+02 5.547415028004126250e+14
3.390625000000000000e+02 5.541544324513504375e+14
3.393750000000000000e+02 5.535681098649420625e+14
3.396875000000000000e+02 5.529825365216338750e+14
3.400000000000000000e+02 5.523977139018723750e+14
3.403125000000000000e+02 5.518136434861040625e+14
3.406250000000000000e+02 5.512303267547752500e+14
3.409375000000000000e+02 5.506477651883326250e+14
3.412500000000000000e+02 5.500659602672225000e+14
3.415625000000000000e+02 5.494849134718915000e+14
3.418750000000000000e+02 5.489046262827858750e+14
3.421875000000000000e+02 5.483251001803523125e+14
3.425000000000000000e+02 5.477463366450372500e+14
3.428125000000000000e+02 5.471683371572870625e+14
3.431250000000000000e+02 5.465911031975481875e+14
3.434375000000000000e+02 5.460146362462673125e+14
3.437500000000000000e+02 5.454389377838906250e+14
3.440625000000000000e+02 5.448640092908648750e+14
3.443750000000000000e+02 5.442898522476363750e+14
3.446875000000000000e+02 5.437164681346516250e+14
3.450000000000000000e+02 5.431438584323571250e+14
3.453125000000000000e+02 5.425720246211993750e+14
3.456250000000000000e+02 5.420009681816246250e+14
3.459375000000000000e+02 5.414306905940796875e+14
3.462500000000000000e+02 5.408611933390107500e+14
3.465625000000000000e+02 5.402924778968643750e+14
3.468750000000000000e+02 5.397245457480870000e+14
3.471875000000000000e+02 5.391573983731252500e+14
3.475000000000000000e+02 5.385910372524255000e+14
3.478125000000000000e+02 5.380254638664342500e+14
3.481250000000000000e+02 5.374606796955978125e+14
3.484375000000000000e+02 5.368966862203628125e+14
3.487500000000000000e+02 5.363334849211756250e+14
3.490625000000000000e+02 5.357710772784827500e+14
3.493750000000000000e+02 5.352094647727307500e+14
3.496875000000000000e+02 5.346486488843661250e+14
3.500000000000000000e+02 5.340886310938353750e+14
3.503125000000000000e+02 5.335294128815846875e+14
3.506250000000000000e+02 5.329709957280607500e+14
3.509375000000000000e+02 5.324133811137098125e+14
3.512500000000000000e+02 5.318565705189787500e+14
3.515625000000000000e+02 5.313005654243137500e+14
3.518750000000000000e+02 5.307453673101613750e+14
3.521875000000000000e+02 5.301909776569679375e+14
3.525000000000000000e+02 5.296373979451801250e+14
3.528125000000000000e+02 5.290846296552442500e+14
3.531250000000000000e+02 5.285326742676068750e+14
3.534375000000000000e+02 5.279815332627144375e+14
3.537500000000000000e+02 5.274312081210133750e+14
3.540625000000000000e+02 5.268817003229502500e+14
3.543750000000000000e+02 5.263330113489715000e+14
3.546875000000000000e+02 5.257851426795235625e+14
3.550000000000000000e+02 5.252380957950530000e+14
3.553125000000000000e+02 5.246918721760061250e+14
3.556250000000000000e+02 5.241464733028293750e+14
3.559375000000000000e+02 5.236019006559695625e+14
3.562500000000000000e+02 5.230581557158728750e+14
3.565625000000000000e+02 5.225152399629858750e+14
3.568750000000000000e+02 5.219731548777548750e+14
3.571875000000000000e+02 5.214319019406265000e+14
3.575000000000000000e+02 5.208914826320473125e+14
3.578125000000000000e+02 5.203518984324635625e+14
3.581250000000000000e+02 5.198131508223218750e+14
3.584375000000000000e+02 5.192752412820686250e+14
3.587500000000000000e+02 5.187381712921503750e+14
3.590625000000000000e+02 5.182019423330135000e+14
3.593750000000000000e+02 5.176665558851045625e+14
3.596875000000000000e+02 5.171320134288700625e+14
3.600000000000000000e+02 5.165983164447563750e+14
3.603125000000000000e+02 5.160654664132100000e+14
3.606250000000000000e+02 5.155334648146773750e+14
3.609375000000000000e+02 5.150023131296050000e+14
3.612500000000000000e+02 5.144720128384392500e+14
3.615625000000000000e+02 5.139425654216268750e+14
3.618750000000000000e+02 5.134139723596141250e+14
3.621875000000000000e+02 5.128862351328474375e+14
3.625000000000000000e+02 5.123593552217733750e+14
3.628125000000000000e+02 5.118333341068385000e+14
3.631250000000000000e+02 5.113081732684890625e+14
3.634375000000000000e+02 5.107838741871716250e+14
3.637500000000000000e+02 5.102604383433328125e+14
3.640625000000000000e+02 5.097378672174188750e+14
3.643750000000000000e+02 5.092161622898763750e+14
3.646875000000000000e+02 5.086953250411518750e+14
3.650000000000000000e+02 5.081753569516917500e+14
3.653125000000000000e+02 5.076562596146712500e+14
3.656250000000000000e+02 5.071380349050875625e+14
3.659375000000000000e+02 5.066206837961075625e+14
3.662500000000000000e+02 5.061042053445091250e+14
3.665625000000000000e+02 5.055885963524938750e+14
3.668750000000000000e+02 5.050738517058748125e+14
3.671875000000000000e+02 5.045599653886339375e+14
3.675000000000000000e+02 5.040469316665756875e+14
3.678125000000000000e+02 5.035347449182330625e+14
3.681250000000000000e+02 5.030233995221392500e+14
3.684375000000000000e+02 5.025128898568273125e+14
3.687500000000000000e+02 5.020032103008303750e+14
3.690625000000000000e+02 5.014943552326815000e+14
3.693750000000000000e+02 5.009863190309136250e+14
3.696875000000000000e+02 5.004790960740600625e+14
3.700000000000000000e+02 4.999726807406538750e+14
3.703125000000000000e+02 4.994670674092279375e+14
3.706250000000000000e+02 4.989622504583155000e+14
3.709375000000000000e+02 4.984582242664495625e+14
3.712500000000000000e+02 4.979549832121633750e+14
3.715625000000000000e+02 4.974525216739897500e+14
3.718750000000000000e+02 4.969508340304621250e+14
3.721875000000000000e+02 4.964499146601132500e+14
3.725000000000000000e+02 4.959497579414763750e+14
3.728125000000000000e+02 4.954503582530846250e+14
3.731250000000000000e+02 4.949517099734710000e+14
3.734375000000000000e+02 4.944538074811686250e+14
3.737500000000000000e+02 4.939566451547106250e+14
3.740625000000000000e+02 4.934602173726299375e+14
3.743750000000000000e+02 4.929645185134596875e+14
3.746875000000000000e+02 4.924695429557331875e+14
3.750000000000000000e+02 4.919752850779832500e+14
3.753125000000000000e+02 4.914817392587431875e+14
3.756250000000000000e+02 4.909888998765458750e+14
3.759375000000000000e+02 4.904967613099244375e+14
3.762500000000000000e+02 4.900053179374120625e+14
3.765625000000000000e+02 4.895145641375416875e+14
3.768750000000000000e+02 4.890244942888466875e+14
3.771875000000000000e+02 4.885351027698598750e+14
3.775000000000000000e+02 4.880463839591143750e+14
3.778125000000000000e+02 4.875583322351433750e+14
3.781250000000000000e+02 4.870709419764798125e+14
3.784375000000000000e+02 4.865842075616569375e+14
3.787500000000000000e+02 4.860981233692077500e+14
3.790625000000000000e+02 4.856126837776653125e+14
3.793750000000000000e+02 4.851278831655627500e+14
3.796875000000000000e+02 4.846437159114331250e+14
3.800000000000000000e+02 4.841601763938096250e+14
3.803125000000000000e+02 4.836772589912251250e+14
3.806250000000000000e+02 4.831949580822128750e+14
3.809375000000000000e+02 4.827132680453060000e+14
3.812500000000000000e+02 4.822321832590375000e+14
3.815625000000000000e+02 4.817516981019403750e+14
3.818750000000000000e+02 4.812718069525478125e+14
3.821875000000000000e+02 4.807925041893930000e+14
3.825000000000000000e+02 4.803137841910088750e+14
3.828125000000000000e+02 4.798356413359285000e+14
3.831250000000000000e+02 4.793580700026850000e+14
3.834375000000000000e+02 4.788810645698115000e+14
3.837500000000000000e+02 4.784046194158411875e+14
3.840625000000000000e+02 4.779287289193070000e+14
3.843750000000000000e+02 4.774533874587420000e+14
3.846875000000000000e+02 4.769785894126793750e+14
3.850000000000000000e+02 4.765043291596520000e+14
3.853125000000000000e+02 4.760306010781932500e+14
3.856250000000000000e+02 4.755573995468360000e+14
3.859375000000000000e+02 4.750847189441135000e+14
3.862500000000000000e+02 4.746125536485587500e+14
3.865625000000000000e+02 4.741408980387048125e+14
3.868750000000000000e+02 4.736697464930848750e+14
3.871875000000000000e+02 4.731990933902318125e+14
3.875000000000000000e+02 4.727289331086788750e+14
3.878125000000000000e+02 4.722592600269593125e+14
3.881250000000000000e+02 4.717900685236058750e+14
3.884375000000000000e+02 4.713213529771518750e+14
3.887500000000000000e+02 4.708531077661302500e+14
3.890625000000000000e+02 4.703853272690741250e+14
3.893750000000000000e+02 4.699180058645166250e+14
3.896875000000000000e+02 4.694511379309908125e+14
3.900000000000000000e+02 4.689847178470297500e+14
3.903125000000000000e+02 4.685187399911666875e+14
3.906250000000000000e+02 4.680531987419345000e+14
3.909375000000000000e+02 4.675880884778665000e+14
3.912500000000000000e+02 4.671234035774953750e+14
3.915625000000000000e+02 4.666591384193546250e+14
3.918750000000000000e+02 4.661952873819770625e+14
3.921875000000000000e+02 4.657318448438960000e+14
3.925000000000000000e+02 4.652688051836443750e+14
3.928125000000000000e+02 4.648061627797553125e+14
3.931250000000000000e+02 4.643439120107618750e+14
3.934375000000000000e+02 4.638820472551971250e+14
3.937500000000000000e+02 4.634205628915941250e+14
3.940625000000000000e+02 4.629594532984861250e+14
3.943750000000000000e+02 4.624987128544062500e+14
3.946875000000000000e+02 4.620383359378872500e+14
3.950000000000000000e+02 4.615783169274625000e+14
3.953125000000000000e+02 4.611186502016649375e+14
3.956250000000000000e+02 4.606593301390276875e+14
3.959375000000000000e+02 4.602003511180838750e+14
3.962500000000000000e+02 4.597417075173665000e+14
3.965625000000000000e+02 4.592833937154087500e+14
3.968750000000000000e+02 4.588254040907437500e+14
3.971875000000000000e+02 4.583677330219045000e+14
3.975000000000000000e+02 4.579103748874240625e+14
3.978125000000000000e+02 4.574533240658355625e+14
3.981250000000000000e+02 4.569965749356720000e+14
3.984375000000000000e+02 4.565401218754666250e+14
3.987500000000000000e+02 4.560839592637525000e+14
3.990625000000000000e+02 4.556280814790625000e+14
3.993750000000000000e+02 4.551724828999298750e+14
3.996875000000000000e+02 4.547171579048877500e+14
4.000000000000000000e+02 4.542621008724691250e+14
4.003125000000000000e+02 4.538073061812071250e+14
4.006250000000000000e+02 4.533527682096348125e+14
4.009375000000000000e+02 4.528984813362853125e+14
4.012500000000000000e+02 4.524444399396916250e+14
4.015625000000000000e+02 4.519906383983870000e+14
4.018750000000000000e+02 4.515370710909043750e+14
4.021875000000000000e+02 4.510837323957768125e+14
4.025000000000000000e+02 4.506306166915375000e+14
4.028125000000000000e+02 4.501777183567195000e+14
4.031250000000000000e+02 4.497250317698558750e+14
4.034375000000000000e+02 4.492725513094797500e+14
4.037500000000000000e+02 4.488202713541241250e+14
4.040625000000000000e+02 4.483681862823222500e+14
4.043750000000000000e+02 4.479162904726070000e+14
4.046875000000000000e+02 4.474645783035116250e+14
4.050000000000000000e+02 4.470130441535691250e+14
4.053125000000000000e+02 4.465616824013126250e+14
4.056250000000000000e+02 4.461104874252751875e+14
4.059375000000000000e+02 4.456594536039900000e+14
4.062500000000000000e+02 4.452085753159899375e+14
4.065625000000000000e+02 4.447578469398082500e+14
4.068750000000000000e+02 4.443072628539780000e+14
4.071875000000000000e+02 4.438568174370322500e+14
4.075000000000000000e+02 4.434065050675040000e+14
4.078125000000000000e+02 4.429563201239264375e+14
4.081250000000000000e+02 4.425062569848326250e+14
4.084375000000000000e+02 4.420563100287557500e+14
4.087500000000000000e+02 4.416064736342287500e+14
4.090625000000000000e+02 4.411567421797847500e+14
4.093750000000000000e+02 4.407071100439568750e+14
4.096875000000000000e+02 4.402575716052782500e+14
4.100000000000000000e+02 4.398081212422818750e+14
4.103125000000000000e+02 4.393587533335008750e+14
4.106250000000000000e+02 4.389094622574682500e+14
4.109375000000000000e+02 4.384602423927172500e+14
4.112500000000000000e+02 4.380110881177807500e+14
4.115625000000000000e+02 4.375619938111920000e+14
4.118750000000000000e+02 4.371129538514840000e+14
4.121875000000000000e+02 4.366639626171899375e+14
4.125000000000000000e+02 4.362150144868428125e+14
4.128125000000000000e+02 4.357661038389757500e+14
4.131250000000000000e+02 4.353172250521217500e+14
4.134375000000000000e+02 4.348683725048140625e+14
4.137500000000000000e+02 4.344195405755856250e+14
4.140625000000000000e+02 4.339707236429696250e+14
4.143750000000000000e+02 4.335219160854990000e+14
4.146875000000000000e+02 4.330731122817070000e+14
4.150000000000000000e+02 4.326243066101266250e+14
4.153125000000000000e+02 4.321754934492910000e+14
4.156250000000000000e+02 4.317266671777331250e+14
4.159375000000000000e+02 4.312778221739862500e+14
4.162500000000000000e+02 4.308289528165833125e+14
4.165625000000000000e+02 4.303800534840574375e+14
4.168750000000000000e+02 4.299311185549417500e+14
4.171875000000000000e+02 4.294821424077693125e+14
4.175000000000000000e+02 4.290331194210731875e+14
4.178125000000000000e+02 4.285840439733865000e+14
4.181250000000000000e+02 4.281349104432423750e+14
4.184375000000000000e+02 4.276857132091737500e+14
4.187500000000000000e+02 4.272364466497138750e+14
4.190625000000000000e+02 4.267871051433956250e+14
4.193750000000000000e+02 4.263376830687523750e+14
4.196875000000000000e+02 4.258881748043169375e+14
4.200000000000000000e+02 4.254385747286226250e+14
4.203125000000000000e+02 4.249888772202023125e+14
4.206250000000000000e+02 4.245390766575892500e+14
4.209375000000000000e+02 4.240891674193164375e+14
4.212500000000000000e+02 4.236391438839170000e+14
4.215625000000000000e+02 4.231890004299240000e+14
4.218750000000000000e+02 4.227387314358706250e+14
4.221875000000000000e+02 4.222883312802897500e+14
4.225000000000000000e+02 4.218377943417145625e+14
4.228125000000000000e+02 4.213871149986782500e+14
4.231250000000000000e+02 4.209362876297138125e+14
4.234375000000000000e+02 4.204853066133543125e+14
4.237500000000000000e+02 4.200341663281328750e+14
4.240625000000000000e+02 4.195828611525825625e+14
4.243750000000000000e+02 4.191313854652363750e+14
4.246875000000000000e+02 4.186797336446276250e+14
4.250000000000000000e+02 4.182279000692891250e+14
4.253125000000000000e+02 4.177758791177542500e+14
4.256250000000000000e+02 4.173236651685558750e+14
4.259375000000000000e+02 4.168712526002271250e+14
4.262500000000000000e+02 4.164186357913011250e+14
4.265625000000000000e+02 4.159658091203110000e+14
4.268750000000000000e+02 4.155127669657897500e+14
4.271875000000000000e+02 4.150595037062705000e+14
4.275000000000000000e+02 4.146060137202862500e+14
4.278125000000000000e+02 4.141522913863701875e+14
4.281250000000000000e+02 4.136983310830553750e+14
4.284375000000000000e+02 4.132441271888750000e+14
4.287500000000000000e+02 4.127896740823620000e+14
4.290625000000000000e+02 4.123349661420494375e+14
4.293750000000000000e+02 4.118799977464705000e+14
4.296875000000000000e+02 4.114247624583635000e+14
4.300000000000000000e+02 4.109692518009801250e+14
4.303125000000000000e+02 4.105134638239295000e+14
4.306250000000000000e+02 4.100574104453312500e+14
4.309375000000000000e+02 4.096011198991988750e+14
4.312500000000000000e+02 4.091446342880563125e+14
4.315625000000000000e+02 4.086880022407851875e+14
4.318750000000000000e+02 4.082312703467801250e+14
4.321875000000000000e+02 4.077744843796411875e+14
4.325000000000000000e+02 4.073176901129683750e+14
4.328125000000000000e+02 4.068609333203618750e+14
4.331250000000000000e+02 4.064042597754215625e+14
4.334375000000000000e+02 4.059477152517476250e+14
4.337500000000000000e+02 4.054913455229400000e+14
4.340625000000000000e+02 4.050351963625986250e+14
4.343750000000000000e+02 4.045793135443238750e+14
4.346875000000000000e+02 4.041237428417156250e+14
4.350000000000000000e+02 4.036685300283736875e+14
4.353125000000000000e+02 4.032137208778984375e+14
4.356250000000000000e+02 4.027593611638897500e+14
4.359375000000000000e+02 4.023054966599476250e+14
4.362500000000000000e+02 4.018521731396721250e+14
4.365625000000000000e+02 4.013994363766635000e+14
4.368750000000000000e+02 4.009473321445215000e+14
4.371875000000000000e+02 4.004959062168463750e+14
4.375000000000000000e+02 4.000452043672380000e+14
4.378125000000000000e+02 3.995952723692965000e+14
4.381250000000000000e+02 3.991461559966219375e+14
4.384375000000000000e+02 3.986979010228143750e+14
4.387500000000000000e+02 3.982505532214738125e+14
4.390625000000000000e+02 3.978041583662002500e+14
4.393750000000000000e+02 3.973587622305937500e+14
4.396875000000000000e+02 3.969144105882544375e+14
4.400000000000000000e+02 3.964711492127822500e+14
4.403125000000000000e+02 3.960290238777772500e+14
4.406250000000000000e+02 3.955880803568395000e+14
4.409375000000000000e+02 3.951483644235690000e+14
4.412500000000000000e+02 3.947099218515658750e+14
4.415625000000000000e+02 3.942727984144300625e+14
4.418750000000000000e+02 3.938370398857617500e+14
4.421875000000000000e+02 3.934026920391607500e+14
4.425000000000000000e+02 3.929698006482273750e+14
4.428125000000000000e+02 3.925384114865613750e+14
4.431250000000000000e+02 3.921085703277631250e+14
4.434375000000000000e+02 3.916803229454323750e+14
4.437500000000000000e+02 3.912537151131692500e+14
4.440625000000000000e+02 3.908287926045738750e+14
4.443750000000000000e+02 3.904056011932462500e+14
4.446875000000000000e+02 3.899841866527862500e+14
4.450000000000000000e+02 3.895645947567942500e+14
4.453125000000000000e+02 3.891468712788698750e+14
4.456250000000000000e+02 3.887310619926136250e+14
4.459375000000000000e+02 3.883172126716252500e+14
4.462500000000000000e+02 3.879053690895047500e+14
4.465625000000000000e+02 3.874955770198523750e+14
4.468750000000000000e+02 3.870878822362681250e+14
4.471875000000000000e+02 3.866823305123518125e+14
4.475000000000000000e+02 3.862789676217036250e+14
4.478125000000000000e+02 3.858778393379237500e+14
4.481250000000000000e+02 3.854789914346120625e+14
4.484375000000000000e+02 3.850824696853686250e+14
4.487500000000000000e+02 3.846883198637935625e+14
4.490625000000000000e+02 3.842965877434867500e+14
4.493750000000000000e+02 3.839073190980483750e+14
4.496875000000000000e+02 3.835205597010783750e+14
4.500000000000000000e+02 3.831363553261768750e+14
4.503125000000000000e+02 3.827547517469438750e+14
4.506250000000000000e+02 3.823757947369793750e+14
4.509375000000000000e+02 3.819995300698836250e+14
4.512500000000000000e+02 3.816260035192563750e+14
4.515625000000000000e+02 3.812552608586978125e+14
4.518750000000000000e+02 3.808873478618080000e+14
4.521875000000000000e+02 3.805223103021869375e+14
4.525000000000000000e+02 3.801601939534346250e+14
4.528125000000000000e+02 3.798010445891511250e+14
4.531250000000000000e+02 3.794449079829365625e+14
4.534375000000000000e+02 3.790918299083909375e+14
4.537500000000000000e+02 3.787418561391141250e+14
4.540625000000000000e+02 3.783950324487065000e+14
4.543750000000000000e+02 3.780514046107678125e+14
4.546875000000000000e+02 3.777110183988982500e+14
4.550000000000000000e+02 3.773739195866978750e+14
4.553125000000000000e+02 3.770401539477664375e+14
4.556250000000000000e+02 3.767097672557043125e+14
4.559375000000000000e+02 3.763828052841115000e+14
4.562500000000000000e+02 3.760593138065878750e+14
4.565625000000000000e+02 3.757393385967336250e+14
4.568750000000000000e+02 3.754229254281488125e+14
4.571875000000000000e+02 3.751101200744332500e+14
4.575000000000000000e+02 3.748009683091872500e+14
4.578125000000000000e+02 3.744955159060107500e+14
4.581250000000000000e+02 3.741938086385037500e+14
4.584375000000000000e+02 3.738958922802663125e+14
4.587500000000000000e+02 3.736018126048984375e+14
4.590625000000000000e+02 3.733116153860002500e+14
4.593750000000000000e+02 3.730253463971717500e+14
4.596875000000000000e+02 3.727430514120130625e+14
4.600000000000000000e+02 3.724647762041240625e+14
4.603125000000000000e+02 3.721905665471048750e+14
4.606250000000000000e+02 3.719204682145556250e+14
4.609375000000000000e+02 3.716545269800761875e+14
4.612500000000000000e+02 3.713927886172667500e+14
4.615625000000000000e+02 3.711352988997272500e+14
4.618750000000000000e+02 3.708821036010578750e+14
4.621875000000000000e+02 3.706332484948583750e+14
4.625000000000000000e+02 3.703887793547291250e+14
4.628125000000000000e+02 3.701487419542700000e+14
4.631250000000000000e+02 3.699131820670810000e+14
4.634375000000000000e+02 3.696821454667622500e+14
4.637500000000000000e+02 3.694556779269136875e+14
4.640625000000000000e+02 3.692338252211355000e+14
4.643750000000000000e+02 3.690166331230277500e+14
4.646875000000000000e+02 3.688041474061902500e+14
4.650000000000000000e+02 3.685964138442232500e+14
4.653125000000000000e+02 3.683934782107266875e+14
4.656250000000000000e+02 3.681953862793006250e+14
4.659375000000000000e+02 3.680021838235451250e+14
4.662500000000000000e+02 3.678139166170602500e+14
4.665625000000000000e+02 3.676306304334460000e+14
4.668750000000000000e+02 3.674523710463023750e+14
4.671875000000000000e+02 3.672791842292295000e+14
4.675000000000000000e+02 3.671111157558273750e+14
4.678125000000000000e+02 3.669482113996960000e+14
4.681250000000000000e+02 3.667905169344355000e+14
4.684375000000000000e+02 3.666380781336460000e+14
4.687500000000000000e+02 3.664909407709272500e+14
4.690625000000000000e+02 3.663491506198795625e+14
4.693750000000000000e+02 3.662127534541028750e+14
4.696875000000000000e+02 3.660817950471971250e+14
4.700000000000000000e+02 3.659563211727625000e+14
4.703125000000000000e+02 3.658363776043990625e+14
4.706250000000000000e+02 3.657220101157067500e+14
4.709375000000000000e+02 3.656132644802856250e+14
4.712500000000000000e+02 3.655101864717357500e+14
4.715625000000000000e+02 3.654128218636571875e+14
4.718750000000000000e+02 3.653212164296500000e+14
4.721875000000000000e+02 3.652354159433140625e+14
4.725000000000000000e+02 3.651554661782496250e+14
4.728125000000000000e+02 3.650814129080565000e+14
4.731250000000000000e+02 3.650133019063350000e+14
4.734375000000000000e+02 3.649511789466850000e+14
4.737500000000000000e+02 3.648950898027066250e+14
4.740625000000000000e+02 3.648450802479997500e+14
4.743750000000000000e+02 3.648011960561646250e+14
4.746875000000000000e+02 3.647634830008011250e+14
4.750000000000000000e+02 3.647319868555093750e+14
4.753125000000000000e+02 3.647067533938895000e+14
4.756250000000000000e+02 3.646878283895413125e+14
4.759375000000000000e+02 3.646752576160650000e+14
4.762500000000000000e+02 3.646690868470606250e+14
4.765625000000000000e+02 3.646693618561281875e+14
4.768750000000000000e+02 3.646761284168678125e+14
4.771875000000000000e+02 3.646894323028793750e+14
4.775000000000000000e+02 3.647093192877630000e+14
4.778125000000000000e+02 3.647358351451186250e+14
4.781250000000000000e+02 3.647690256485465000e+14
4.784375000000000000e+02 3.648089365716466250e+14
4.787500000000000000e+02 3.648556136880188750e+14
4.790625000000000000e+02 3.649091027712634375e+14
4.793750000000000000e+02 3.649694495949802500e+14
4.796875000000000000e+02 3.650366999327695000e+14
4.800000000000000000e+02 3.651108995582311250e+14
4.803125000000000000e+02 3.651920942449651250e+14
4.806250000000000000e+02 3.652803297665716875e+14
4.809375000000000000e+02 3.653756518966506875e+14
4.812500000000000000e+02 3.654781064088022500e+14
4.815625000000000000e+02 3.655877390766264375e+14
4.818750000000000000e+02 3.657045956737232500e+14
4.821875000000000000e+02 3.658287219736926250e+14
4.825000000000000000e+02 3.659601637501348750e+14
4.828125000000000000e+02 3.660989667766497500e+14
4.831250000000000000e+02 3.662451768268375000e+14
4.834375000000000000e+02 3.663988396742981250e+14
4.837500000000000000e+02 3.665600010926316250e+14
4.840625000000000000e+02 3.667287068554380000e+14
4.843750000000000000e+02 3.669050027363173125e+14
4.846875000000000000e+02 3.670889345088697500e+14
4.850000000000000000e+02 3.672805479466951250e+14
4.853125000000000000e+02 3.674798888233935000e+14
4.856250000000000000e+02 3.676870029125651250e+14
4.859375000000000000e+02 3.679019359878098750e+14
4.862500000000000000e+02 3.681247338227278750e+14
4.865625000000000000e+02 3.683554421909191250e+14
4.868750000000000000e+02 3.685941068659836250e+14
4.871875000000000000e+02 3.688407736215215000e+14
4.875000000000000000e+02 3.690954882311327500e+14
4.878125000000000000e+02 3.693582964684173125e+14
4.881250000000000000e+02 3.696292441069753750e+14
4.884375000000000000e+02 3.699083769204070000e+14
4.887500000000000000e+02 3.701957406823120000e+14
4.890625000000000000e+02 3.704913811662907500e+14
4.893750000000000000e+02 3.707953441459431250e+14
4.896875000000000000e+02 3.711076753948690000e+14
4.900000000000000000e+02 3.714284206866687500e+14
4.903125000000000000e+02 3.717576257949420000e+14
4.906250000000000000e+02 3.720953364932891250e+14
4.909375000000000000e+02 3.724415985553101250e+14
4.912500000000000000e+02 3.727964577546050000e+14
4.915625000000000000e+02 3.731599598647736875e+14
4.918750000000000000e+02 3.735321506594163750e+14
4.921875000000000000e+02 3.739130759121330625e+14
4.925000000000000000e+02 3.743027813965237500e+14
4.928125000000000000e+02 3.747013128861885000e+14
4.931250000000000000e+02 3.751087161547273750e+14
4.934375000000000000e+02 3.755250369757403750e+14
4.937500000000000000e+02 3.759503668964276250e+14
4.940625000000000000e+02 3.763846601431890000e+14
4.943750000000000000e+02 3.768279167160245000e+14
