-2.000000000000000000e+01 -9.220689471889501953e+12
-1.968750000000000000e+01 -9.041995024539279297e+12
-1.937500000000000000e+01 -8.863344718965835938e+12
-1.906250000000000000e+01 -8.684738555169173828e+12
-1.875000000000000000e+01 -8.506176533149292969e+12
-1.843750000000000000e+01 -8.327658652906191406e+12
-1.812500000000000000e+01 -8.149184914439870117e+12
-1.781250000000000000e+01 -7.970755317750331055e+12
-1.750000000000000000e+01 -7.792369862837571289e+12
-1.718750000000000000e+01 -7.614028549701591797e+12
-1.687500000000000000e+01 -7.435731378342392578e+12
-1.656250000000000000e+01 -7.257478348759974609e+12
-1.625000000000000000e+01 -7.079269460954335938e+12
-1.593750000000000000e+01 -6.901104714925478516e+12
-1.562500000000000000e+01 -6.722984110673402344e+12
-1.531250000000000000e+01 -6.544907648198105469e+12
-1.500000000000000000e+01 -6.366875327499588867e+12
-1.468750000000000000e+01 -6.188887148577853516e+12
-1.437500000000000000e+01 -6.010943111432898438e+12
-1.406250000000000000e+01 -5.833043216064724609e+12
-1.375000000000000000e+01 -5.655187462473329102e+12
-1.343750000000000000e+01 -5.477375850658714844e+12
-1.312500000000000000e+01 -5.299608380620881836e+12
-1.281250000000000000e+01 -5.121885052359828125e+12
-1.250000000000000000e+01 -4.944205865875556641e+12
-1.218750000000000000e+01 -4.766570821168064453e+12
-1.187500000000000000e+01 -4.588979918237353516e+12
-1.156250000000000000e+01 -4.411433157083421875e+12
-1.125000000000000000e+01 -4.233930537706270996e+12
-1.093750000000000000e+01 -4.056472060105900391e+12
-1.062500000000000000e+01 -3.879057724282310547e+12
-1.031250000000000000e+01 -3.701687530235500977e+12
-1.000000000000000000e+01 -3.524361477965483887e+12
-9.687500000000000000e+00 -3.348543404657696289e+12
-9.375000000000000000e+00 -3.169576434974652344e+12
-9.062500000000000000e+00 -2.988987697113978516e+12
-8.750000000000000000e+00 -2.802604902625779785e+12
-8.437500000000000000e+00 -2.617468409534574707e+12
-8.125000000000000000e+00 -2.426872656324315430e+12
-7.812500000000000000e+00 -2.235647906556958008e+12
-7.500000000000000000e+00 -2.050748062613871094e+12
-7.187500000000000000e+00 -1.871329203590284180e+12
-6.875000000000000000e+00 -1.702995079308680908e+12
-6.562500000000000000e+00 -1.561519379980711426e+12
-6.250000000000000000e+00 -1.421728604009071533e+12
-5.937500000000000000e+00 -1.277705068791040771e+12
-5.625000000000000000e+00 -1.126908574807153564e+12
-5.312500000000000000e+00 -9.604210245086674805e+11
-5.000000000000000000e+00 -7.855456654022556152e+11
-4.687500000000000000e+00 -6.073817197273542480e+11
-4.375000000000000000e+00 -4.085424688504053955e+11
-4.062500000000000000e+00 -1.986905866531701660e+11
-3.750000000000000000e+00 6.044844911285669327e+09
-3.437500000000000000e+00 1.970264047514171143e+11
-3.125000000000000000e+00 3.736134270508382568e+11
-2.812500000000000000e+00 5.418348345725421753e+11
-2.500000000000000000e+00 7.008006236721298828e+11
-2.187500000000000000e+00 8.407829501053532715e+11
-1.875000000000000000e+00 9.511938550999691162e+11
-1.562500000000000000e+00 1.032988275804101807e+12
-1.250000000000000000e+00 1.100737053957853027e+12
-9.375000000000000000e-01 1.164514666313847656e+12
-6.250000000000000000e-01 1.230928085198204834e+12
-3.125000000000000000e-01 1.315694373192198242e+12
0.000000000000000000e+00 1.429070617992219238e+12
3.125000000000000000e-01 1.579004328912681152e+12
6.250000000000000000e-01 -7.688063734974920654e+11
9.375000000000000000e-01 2.959537970116594727e+12
1.250000000000000000e+00 1.092166733776933984e+13
1.562500000000000000e+00 2.107355155054362500e+13
1.875000000000000000e+00 3.113394985883025391e+13
2.187500000000000000e+00 3.855562341537258594e+13
2.500000000000000000e+00 4.047709016933396875e+13
2.812500000000000000e+00 4.510861469576953906e+13
3.125000000000000000e+00 5.018835718722025000e+13
3.437500000000000000e+00 5.573127058247268750e+13
3.750000000000000000e+00 6.175230782031346094e+13
4.062500000000000000e+00 6.826642183952915625e+13
4.375000000000000000e+00 7.528856557890637500e+13
4.687500000000000000e+00 8.283410560275001562e+13
5.000000000000000000e+00 9.091944253916078125e+13
5.312500000000000000e+00 9.955766801209282812e+13
5.625000000000000000e+00 1.087548420116891406e+14
5.937500000000000000e+00 1.185087520177264688e+14
6.250000000000000000e+00 1.288101538761703125e+14
6.562500000000000000e+00 1.396464944288396875e+14
6.875000000000000000e+00 1.510062545813494062e+14
7.187500000000000000e+00 1.628783288648325938e+14
7.500000000000000000e+00 1.752516118104223750e+14
7.812500000000000000e+00 1.881149979492518125e+14
8.125000000000000000e+00 2.014573818124540625e+14
8.437500000000000000e+00 2.152676579311621875e+14
8.750000000000000000e+00 2.295347208365093750e+14
9.062500000000000000e+00 2.442476493251858125e+14
9.375000000000000000e+00 2.593959828577747812e+14
9.687500000000000000e+00 2.749677867704021250e+14
1.000000000000000000e+01 2.909479938847215625e+14
1.031250000000000000e+01 3.073178517112433750e+14
1.062500000000000000e+01 3.240554752460059375e+14
1.093750000000000000e+01 3.411375053605899375e+14
1.125000000000000000e+01 3.585410435904690625e+14
1.156250000000000000e+01 3.762433757366743750e+14
1.187500000000000000e+01 3.942217876002368750e+14
1.218750000000000000e+01 4.124535649821873750e+14
1.250000000000000000e+01 4.309159936835568125e+14
1.281250000000000000e+01 4.495863595053761875e+14
1.312500000000000000e+01 4.684421387841961250e+14
1.343750000000000000e+01 4.874612841953660000e+14
1.375000000000000000e+01 5.066202241300786875e+14
1.406250000000000000e+01 5.258921478756933125e+14
1.437500000000000000e+01 5.452464340091761875e+14
1.468750000000000000e+01 5.646492220036605000e+14
1.500000000000000000e+01 5.840651270481221250e+14
1.531250000000000000e+01 6.034592406703360000e+14
1.562500000000000000e+01 6.227968449335970000e+14
1.593750000000000000e+01 6.420432219012000000e+14
1.625000000000000000e+01 6.611636536364393750e+14
1.656250000000000000e+01 6.801234222026097500e+14
1.687500000000000000e+01 6.988878096630060000e+14
1.718750000000000000e+01 7.174220980809227500e+14
1.750000000000000000e+01 7.356913131640956250e+14
1.781250000000000000e+01 7.536598397313636250e+14
1.812500000000000000e+01 7.712941134460362500e+14
1.843750000000000000e+01 7.885649280159232500e+14
1.875000000000000000e+01 8.054482042600115000e+14
1.906250000000000000e+01 8.219242210417885000e+14
1.937500000000000000e+01 8.379753080692122500e+14
1.968750000000000000e+01 8.535831541613437500e+14
2.000000000000000000e+01 8.687291917816852500e+14
2.031250000000000000e+01 8.833948533937388750e+14
2.062500000000000000e+01 8.975615714610065000e+14
2.093750000000000000e+01 9.112107784469907500e+14
2.125000000000000000e+01 9.243239068151935000e+14
2.156250000000000000e+01 9.368820789056705000e+14
2.187500000000000000e+01 9.488656417498613750e+14
2.218750000000000000e+01 9.602574233667773750e+14
2.250000000000000000e+01 9.710455238740187500e+14
2.281250000000000000e+01 9.812242458581146250e+14
2.312500000000000000e+01 9.907931640041835000e+14
2.343750000000000000e+01 9.997543339849150000e+14
2.375000000000000000e+01 1.008109036164383125e+15
2.406250000000000000e+01 1.015858240783215250e+15
2.437500000000000000e+01 1.023002918082038500e+15
2.468750000000000000e+01 1.029544038301480250e+15
2.500000000000000000e+01 1.035482571682168250e+15
2.531250000000000000e+01 1.040819488464729250e+15
2.562500000000000000e+01 1.045555758889791125e+15
2.593750000000000000e+01 1.049692353197981125e+15
2.625000000000000000e+01 1.053230241629926375e+15
2.656250000000000000e+01 1.056170394426254500e+15
2.687500000000000000e+01 1.058513781827592500e+15
2.718750000000000000e+01 1.060261374074568125e+15
2.750000000000000000e+01 1.061414141407808500e+15
2.781250000000000000e+01 1.061973054067940750e+15
2.812500000000000000e+01 1.061939082295592625e+15
2.843750000000000000e+01 1.061313196331391375e+15
2.875000000000000000e+01 1.060096366415964250e+15
2.906250000000000000e+01 1.058289562789938750e+15
2.937500000000000000e+01 1.055893755693942125e+15
2.968750000000000000e+01 1.052909915368601750e+15
3.000000000000000000e+01 1.049338490921792000e+15
3.031250000000000000e+01 1.045178628629504750e+15
3.062500000000000000e+01 1.040433643829755500e+15
3.093750000000000000e+01 1.035115711117361750e+15
3.125000000000000000e+01 1.029247427742200250e+15
3.156250000000000000e+01 1.022860250210949500e+15
3.187500000000000000e+01 1.015989804092311500e+15
3.218750000000000000e+01 1.008670412123106125e+15
3.250000000000000000e+01 1.000935875907399875e+15
3.281250000000000000e+01 9.928199970492598750e+14
3.312500000000000000e+01 9.843565771527525000e+14
3.343750000000000000e+01 9.755794178219447500e+14
3.375000000000000000e+01 9.665223206609032500e+14
3.406250000000000000e+01 9.572190872736947500e+14
3.437500000000000000e+01 9.477035192643857500e+14
3.468750000000000000e+01 9.380094182370435000e+14
3.500000000000000000e+01 9.281705857957342500e+14
3.531250000000000000e+01 9.182208235445247500e+14
3.562500000000000000e+01 9.081939330874821250e+14
3.593750000000000000e+01 8.981237160286727500e+14
3.625000000000000000e+01 8.880439739721635000e+14
3.656250000000000000e+01 8.779885085220211250e+14
3.687500000000000000e+01 8.679911212823122500e+14
3.718750000000000000e+01 8.580856138571035000e+14
3.750000000000000000e+01 8.483057878504620000e+14
3.781250000000000000e+01 8.386854448664542500e+14
3.812500000000000000e+01 8.292583865091467500e+14
3.843750000000000000e+01 8.200591206450093750e+14
3.875000000000000000e+01 8.111239207965182500e+14
3.906250000000000000e+01 8.024834103869278750e+14
3.937500000000000000e+01 7.941562063786460000e+14
3.968750000000000000e+01 7.861468004860255000e+14
4.000000000000000000e+01 7.784476779625727500e+14
4.031250000000000000e+01 7.710456739625722500e+14
4.062500000000000000e+01 7.639293892963152500e+14
4.093750000000000000e+01 7.570881310364957500e+14
4.125000000000000000e+01 7.505112062558076250e+14
4.156250000000000000e+01 7.441879220269452500e+14
4.187500000000000000e+01 7.381075854226022500e+14
4.218750000000000000e+01 7.322595035154728750e+14
4.250000000000000000e+01 7.266329833782511250e+14
4.281250000000000000e+01 7.212173320836310000e+14
4.312500000000000000e+01 7.160018567043065000e+14
4.343750000000000000e+01 7.109758643129715000e+14
4.375000000000000000e+01 7.061286619823202500e+14
4.406250000000000000e+01 7.014495567850467500e+14
4.437500000000000000e+01 6.969278557938448750e+14
4.468750000000000000e+01 6.925528660814087500e+14
4.500000000000000000e+01 6.883138947204322500e+14
4.531250000000000000e+01 6.842002487836095000e+14
4.562500000000000000e+01 6.802012353436346250e+14
4.593750000000000000e+01 6.763061614732015000e+14
4.625000000000000000e+01 6.725043342450040000e+14
4.656250000000000000e+01 6.687850607317363750e+14
4.687500000000000000e+01 6.651374828745136250e+14
4.718750000000000000e+01 6.615503297855023750e+14
4.750000000000000000e+01 6.580136516295032500e+14
4.781250000000000000e+01 6.545203058081615000e+14
4.812500000000000000e+01 6.510664523547060000e+14
4.843750000000000000e+01 6.476510585392112500e+14
4.875000000000000000e+01 6.442744126843845000e+14
4.906250000000000000e+01 6.409363902839856250e+14
4.937500000000000000e+01 6.376367017001947500e+14
4.968750000000000000e+01 6.343750572951925000e+14
5.000000000000000000e+01 6.311511674311595000e+14
5.031250000000000000e+01 6.279647424702757500e+14
5.062500000000000000e+01 6.248154927747223750e+14
5.093750000000000000e+01 6.217031287066792500e+14
5.125000000000000000e+01 6.186273606283270000e+14
5.156250000000000000e+01 6.155878989018462500e+14
5.187500000000000000e+01 6.125844538894171250e+14
5.218750000000000000e+01 6.096167359532202500e+14
5.250000000000000000e+01 6.066844554554363750e+14
5.281250000000000000e+01 6.037873227582455000e+14
5.312500000000000000e+01 6.009250482238282500e+14
5.343750000000000000e+01 5.980973422143652500e+14
5.375000000000000000e+01 5.953039150920367500e+14
5.406250000000000000e+01 5.925444772190232500e+14
5.437500000000000000e+01 5.898187389575051250e+14
5.468750000000000000e+01 5.871264106696630000e+14
5.500000000000000000e+01 5.844672027176772500e+14
5.531250000000000000e+01 5.818408254637283750e+14
5.562500000000000000e+01 5.792469892699967500e+14
5.593750000000000000e+01 5.766854044986630000e+14
5.625000000000000000e+01 5.741557815119073750e+14
5.656250000000000000e+01 5.716578306719103750e+14
5.687500000000000000e+01 5.691912623408525000e+14
5.718750000000000000e+01 5.667557868809142500e+14
5.750000000000000000e+01 5.643511146542761250e+14
5.781250000000000000e+01 5.619769560231183750e+14
5.812500000000000000e+01 5.596330213496216875e+14
5.843750000000000000e+01 5.573190209959662500e+14
5.875000000000000000e+01 5.550346653243327500e+14
5.906250000000000000e+01 5.527796646969017500e+14
5.937500000000000000e+01 5.505537294758533750e+14
5.968750000000000000e+01 5.483565700233681875e+14
6.000000000000000000e+01 5.461878967016266875e+14
6.031250000000000000e+01 5.440474198728094375e+14
6.062500000000000000e+01 5.419348498990968125e+14
6.093750000000000000e+01 5.398498971426692500e+14
6.125000000000000000e+01 5.377922719657071250e+14
6.156250000000000000e+01 5.357616847303910000e+14
6.187500000000000000e+01 5.337578457989013750e+14
6.218750000000000000e+01 5.317804655334185625e+14
6.250000000000000000e+01 5.298292542961231250e+14
6.281250000000000000e+01 5.279039224491955625e+14
6.312500000000000000e+01 5.260041803548161875e+14
6.343750000000000000e+01 5.241297383751654375e+14
6.375000000000000000e+01 5.222803068724240000e+14
6.406250000000000000e+01 5.204555962087721250e+14
6.437500000000000000e+01 5.186553167463903125e+14
6.468750000000000000e+01 5.168791788474591250e+14
6.500000000000000000e+01 5.151268928741588750e+14
6.531250000000000000e+01 5.133981691886702500e+14
6.562500000000000000e+01 5.116927181531733750e+14
6.593750000000000000e+01 5.100102501298489375e+14
6.625000000000000000e+01 5.083504754808772500e+14
6.656250000000000000e+01 5.067131045684388750e+14
6.687500000000000000e+01 5.050978477547142500e+14
6.718750000000000000e+01 5.035044154018837500e+14
6.750000000000000000e+01 5.019325178721280000e+14
6.781250000000000000e+01 5.003818655276274375e+14
6.812500000000000000e+01 4.988521687305623750e+14
6.843750000000000000e+01 4.973431378431133125e+14
6.875000000000000000e+01 4.958544832274607500e+14
6.906250000000000000e+01 4.943859152457851250e+14
6.937500000000000000e+01 4.929371442602669375e+14
6.968750000000000000e+01 4.915078806330865000e+14
7.000000000000000000e+01 4.900978347264245000e+14
7.031250000000000000e+01 4.887067169024612500e+14
7.062500000000000000e+01 4.873342375233770625e+14
7.093750000000000000e+01 4.859801069513526875e+14
7.125000000000000000e+01 4.846440355485684375e+14
7.156250000000000000e+01 4.833257336772047500e+14
7.187500000000000000e+01 4.820249116994421250e+14
7.218750000000000000e+01 4.807412799774610625e+14
7.250000000000000000e+01 4.794745488734418750e+14
7.281250000000000000e+01 4.782244287495651875e+14
7.312500000000000000e+01 4.769906299680113750e+14
7.343750000000000000e+01 4.757728628909608750e+14
7.375000000000000000e+01 4.745708378805941250e+14
7.406250000000000000e+01 4.733842652990916250e+14
7.437500000000000000e+01 4.722128555086338125e+14
7.468750000000000000e+01 4.710563188714011875e+14
7.500000000000000000e+01 4.699143657495742500e+14
7.531250000000000000e+01 4.687867065053333750e+14
7.562500000000000000e+01 4.676730515008588750e+14
7.593750000000000000e+01 4.665731110983315625e+14
7.625000000000000000e+01 4.654865956599315000e+14
7.656250000000000000e+01 4.644132155478395000e+14
7.687500000000000000e+01 4.633526811242357500e+14
7.718750000000000000e+01 4.623047027513008750e+14
7.750000000000000000e+01 4.612689907912152500e+14
7.781250000000000000e+01 4.602452556061593750e+14
7.812500000000000000e+01 4.592332075583136875e+14
7.843750000000000000e+01 4.582325570098585625e+14
7.875000000000000000e+01 4.572430143229746250e+14
7.906250000000000000e+01 4.562642898598421875e+14
7.937500000000000000e+01 4.552960939826417500e+14
7.968750000000000000e+01 4.543381370535540000e+14
8.000000000000000000e+01 4.533901294347590000e+14
8.031250000000000000e+01 4.524517814884373125e+14
8.062500000000000000e+01 4.515228000920301250e+14
8.093750000000000000e+01 4.506028834111300000e+14
8.125000000000000000e+01 4.496917574892447500e+14
8.156250000000000000e+01 4.487892076104513750e+14
8.187500000000000000e+01 4.478950887536145000e+14
8.218750000000000000e+01 4.470093151381683750e+14
8.250000000000000000e+01 4.461318288614623125e+14
8.281250000000000000e+01 4.452625633089970000e+14
8.312500000000000000e+01 4.444014483815338750e+14
8.343750000000000000e+01 4.435484139798343750e+14
8.375000000000000000e+01 4.427033900046596875e+14
8.406250000000000000e+01 4.418663063567713750e+14
8.437500000000000000e+01 4.410370929369308750e+14
8.468750000000000000e+01 4.402156796458995000e+14
8.500000000000000000e+01 4.394019963844385625e+14
8.531250000000000000e+01 4.385959730533096250e+14
8.562500000000000000e+01 4.377975395532738750e+14
8.593750000000000000e+01 4.370066257850929375e+14
8.625000000000000000e+01 4.362231616495278750e+14
8.656250000000000000e+01 4.354470770473405000e+14
8.687500000000000000e+01 4.346783018792918750e+14
8.718750000000000000e+01 4.339167660461436250e+14
8.750000000000000000e+01 4.331623994486568750e+14
8.781250000000000000e+01 4.324151319875932500e+14
8.812500000000000000e+01 4.316748935637140000e+14
8.843750000000000000e+01 4.309416140777805000e+14
8.875000000000000000e+01 4.302152234305543750e+14
8.906250000000000000e+01 4.294956515227967500e+14
8.937500000000000000e+01 4.287828282552692500e+14
8.968750000000000000e+01 4.280766835287330000e+14
9.000000000000000000e+01 4.273771472439495000e+14
9.031250000000000000e+01 4.266841493016803125e+14
9.062500000000000000e+01 4.259976196026865625e+14
9.093750000000000000e+01 4.253174880477298125e+14
9.125000000000000000e+01 4.246436845375713750e+14
9.156250000000000000e+01 4.239761389729726875e+14
9.187500000000000000e+01 4.233147812546951250e+14
9.218750000000000000e+01 4.226595412835001250e+14
9.250000000000000000e+01 4.220103489601490000e+14
9.281250000000000000e+01 4.213671341854032500e+14
9.312500000000000000e+01 4.207298268600240625e+14
9.343750000000000000e+01 4.200983568847730000e+14
9.375000000000000000e+01 4.194726541604114375e+14
9.406250000000000000e+01 4.188526485877007500e+14
9.437500000000000000e+01 4.182382700674022500e+14
9.468750000000000000e+01 4.176294485002775000e+14
9.500000000000000000e+01 4.170261137870877500e+14
9.531250000000000000e+01 4.164281958285943750e+14
9.562500000000000000e+01 4.158356245255589375e+14
9.593750000000000000e+01 4.152483297787426875e+14
9.625000000000000000e+01 4.146662414889070000e+14
9.656250000000000000e+01 4.140892895568132500e+14
9.687500000000000000e+01 4.135174038832230000e+14
9.718750000000000000e+01 4.129505143688975000e+14
9.750000000000000000e+01 4.123885509145981250e+14
9.781250000000000000e+01 4.118314434210863750e+14
9.812500000000000000e+01 4.112791217891235625e+14
9.843750000000000000e+01 4.107315159194710625e+14
9.875000000000000000e+01 4.101885557128902500e+14
9.906250000000000000e+01 4.096501710701427500e+14
9.937500000000000000e+01 4.091162918919896250e+14
9.968750000000000000e+01 4.085868480791925000e+14
1.000000000000000000e+02 4.080617695325126250e+14
1.003125000000000000e+02 4.075409861527115000e+14
1.006250000000000000e+02 4.070244278405503750e+14
1.009375000000000000e+02 4.065120244967907500e+14
1.012500000000000000e+02 4.060037060221940625e+14
1.015625000000000000e+02 4.054994023175215000e+14
1.018750000000000000e+02 4.049990432835346875e+14
1.021875000000000000e+02 4.045025588209949375e+14
1.025000000000000000e+02 4.040098788306636250e+14
1.028125000000000000e+02 4.035209332133020000e+14
1.031250000000000000e+02 4.030356518696718125e+14
1.034375000000000000e+02 4.025539647005341250e+14
1.037500000000000000e+02 4.020758016066503750e+14
1.040625000000000000e+02 4.016010924887821250e+14
1.043750000000000000e+02 4.011297672476906250e+14
1.046875000000000000e+02 4.006617557841371250e+14
1.050000000000000000e+02 4.001969879988833750e+14
1.053125000000000000e+02 3.997353937926906250e+14
1.056250000000000000e+02 3.992769030663201250e+14
1.059375000000000000e+02 3.988214457205333750e+14
1.062500000000000000e+02 3.983689516560918750e+14
1.065625000000000000e+02 3.979193507737568125e+14
1.068750000000000000e+02 3.974725729742896250e+14
1.071875000000000000e+02 3.970285481584517500e+14
1.075000000000000000e+02 3.965872062270045625e+14
1.078125000000000000e+02 3.961484770807095000e+14
1.081250000000000000e+02 3.957122906203278750e+14
1.084375000000000000e+02 3.952785767466212500e+14
1.087500000000000000e+02 3.948472653603508125e+14
1.090625000000000000e+02 3.944182863622781250e+14
1.093750000000000000e+02 3.939915696531643750e+14
1.096875000000000000e+02 3.935670451337710000e+14
1.100000000000000000e+02 3.931446427048595625e+14
1.103125000000000000e+02 3.927242922671913125e+14
1.106250000000000000e+02 3.923059237215276250e+14
1.109375000000000000e+02 3.918894669686300000e+14
1.112500000000000000e+02 3.914748519092597500e+14
1.115625000000000000e+02 3.910620084441783125e+14
1.118750000000000000e+02 3.906508664741470000e+14
1.121875000000000000e+02 3.902413558999273750e+14
1.125000000000000000e+02 3.898334066222806250e+14
1.128125000000000000e+02 3.894269485419682500e+14
1.131250000000000000e+02 3.890219115597516250e+14
1.134375000000000000e+02 3.886182255763921250e+14
1.137500000000000000e+02 3.882158204926511250e+14
1.140625000000000000e+02 3.878146262092900625e+14
1.143750000000000000e+02 3.874145715457166875e+14
1.146875000000000000e+02 3.870155826179549375e+14
1.150000000000000000e+02 3.866175941928572500e+14
1.153125000000000000e+02 3.862205594202871250e+14
1.156250000000000000e+02 3.858244530771798750e+14
1.159375000000000000e+02 3.854292683234813750e+14
1.162500000000000000e+02 3.850350069699667500e+14
1.165625000000000000e+02 3.846416681240267500e+14
1.168750000000000000e+02 3.842492498116987500e+14
1.171875000000000000e+02 3.838577500590200000e+14
1.175000000000000000e+02 3.834671668920277500e+14
1.178125000000000000e+02 3.830774983367593125e+14
1.181250000000000000e+02 3.826887424192520000e+14
1.184375000000000000e+02 3.823008971655430000e+14
1.187500000000000000e+02 3.819139606016697500e+14
1.190625000000000000e+02 3.815279307536695000e+14
1.193750000000000000e+02 3.811428056475795000e+14
1.196875000000000000e+02 3.807585833094370625e+14
1.200000000000000000e+02 3.803752617652795000e+14
1.203125000000000000e+02 3.799928390411441250e+14
1.206250000000000000e+02 3.796113131630681250e+14
1.209375000000000000e+02 3.792306821570888750e+14
1.212500000000000000e+02 3.788509440492436875e+14
1.215625000000000000e+02 3.784720968655698750e+14
1.218750000000000000e+02 3.780941386321046250e+14
1.221875000000000000e+02 3.777170673748852500e+14
1.225000000000000000e+02 3.773408811199490000e+14
1.228125000000000000e+02 3.769655778933333125e+14
1.231250000000000000e+02 3.765911557210753750e+14
1.234375000000000000e+02 3.762176126292125000e+14
1.237500000000000000e+02 3.758449466437820625e+14
1.240625000000000000e+02 3.754731557908211875e+14
1.243750000000000000e+02 3.751022380963673750e+14
1.246875000000000000e+02 3.747321915864576250e+14
1.250000000000000000e+02 3.743630142871295000e+14
1.253125000000000000e+02 3.739947042244201250e+14
1.256250000000000000e+02 3.736272594243670000e+14
1.259375000000000000e+02 3.732606779130071875e+14
1.262500000000000000e+02 3.728949577163780625e+14
1.265625000000000000e+02 3.725300968605169375e+14
1.268750000000000000e+02 3.721660933714611250e+14
1.271875000000000000e+02 3.718029452752478750e+14
1.275000000000000000e+02 3.714406505979143750e+14
1.278125000000000000e+02 3.710792073654981250e+14
1.281250000000000000e+02 3.707186136040362500e+14
1.284375000000000000e+02 3.703588673395662500e+14
1.287500000000000000e+02 3.699999665981251250e+14
1.290625000000000000e+02 3.696419094057503750e+14
1.293750000000000000e+02 3.692846937884792500e+14
1.296875000000000000e+02 3.689283177723490625e+14
1.300000000000000000e+02 3.685727793833970625e+14
1.303125000000000000e+02 3.682180766476604375e+14
1.306250000000000000e+02 3.678642075911766250e+14
1.309375000000000000e+02 3.675111702399830000e+14
1.312500000000000000e+02 3.671589626201166250e+14
1.315625000000000000e+02 3.668075827576149375e+14
1.318750000000000000e+02 3.664570286785151875e+14
1.321875000000000000e+02 3.661072984088546875e+14
1.325000000000000000e+02 3.657583899746706875e+14
1.328125000000000000e+02 3.654103014020005000e+14
1.331250000000000000e+02 3.650630307168815000e+14
1.334375000000000000e+02 3.647165759453508125e+14
1.337500000000000000e+02 3.643709351134458750e+14
1.340625000000000000e+02 3.640261062472038750e+14
1.343750000000000000e+02 3.636820873726621250e+14
1.346875000000000000e+02 3.633388765158580000e+14
1.350000000000000000e+02 3.629964717028287500e+14
1.353125000000000000e+02 3.626548709596116250e+14
1.356250000000000000e+02 3.623140723122439375e+14
1.359375000000000000e+02 3.619740737867630000e+14
1.362500000000000000e+02 3.616348734092060625e+14
1.365625000000000000e+02 3.612964692056105000e+14
1.368750000000000000e+02 3.609588592020135000e+14
1.371875000000000000e+02 3.606220414244524375e+14
1.375000000000000000e+02 3.602860138989645625e+14
1.378125000000000000e+02 3.599507746515871875e+14
1.381250000000000000e+02 3.596163217083576250e+14
1.384375000000000000e+02 3.592826530953130000e+14
1.387500000000000000e+02 3.589497668384908750e+14
1.390625000000000000e+02 3.586176609639283125e+14
1.393750000000000000e+02 3.582863334976626250e+14
1.396875000000000000e+02 3.579557824657313125e+14
1.400000000000000000e+02 3.576260058941715000e+14
1.403125000000000000e+02 3.572970018090205000e+14
1.406250000000000000e+02 3.569687682363156250e+14
1.409375000000000000e+02 3.566413032020941250e+14
1.412500000000000000e+02 3.563146047323933125e+14
1.415625000000000000e+02 3.559886708532505000e+14
1.418750000000000000e+02 3.556634995907030000e+14
1.421875000000000000e+02 3.553390889707880000e+14
1.425000000000000000e+02 3.550154370195429375e+14
1.428125000000000000e+02 3.546925417630048750e+14
1.431250000000000000e+02 3.543704012272114375e+14
1.434375000000000000e+02 3.540490134381996250e+14
1.437500000000000000e+02 3.537283764220069375e+14
1.440625000000000000e+02 3.534084882046705000e+14
1.443750000000000000e+02 3.530893468122277500e+14
1.446875000000000000e+02 3.527709502707158125e+14
1.450000000000000000e+02 3.524532966061721250e+14
1.453125000000000000e+02 3.521363838446338750e+14
1.456250000000000000e+02 3.518202100121383750e+14
1.459375000000000000e+02 3.515047731347230000e+14
1.462500000000000000e+02 3.511900712384250000e+14
1.465625000000000000e+02 3.508761023492816250e+14
1.468750000000000000e+02 3.505628644933302500e+14
1.471875000000000000e+02 3.502503556966080625e+14
1.475000000000000000e+02 3.499385739851523750e+14
1.478125000000000000e+02 3.496275173850006250e+14
1.481250000000000000e+02 3.493171839221898750e+14
1.484375000000000000e+02 3.490075716227575000e+14
1.487500000000000000e+02 3.486986785127409375e+14
1.490625000000000000e+02 3.483905026181772500e+14
1.493750000000000000e+02 3.480830419651038750e+14
1.496875000000000000e+02 3.477762945795581250e+14
1.500000000000000000e+02 3.474702584875772500e+14
1.503125000000000000e+02 3.471649317151985000e+14
1.506250000000000000e+02 3.468603122884591250e+14
1.509375000000000000e+02 3.465563982333965000e+14
1.512500000000000000e+02 3.462531875760480000e+14
1.515625000000000000e+02 3.459506783424507500e+14
1.518750000000000000e+02 3.456488685586421250e+14
1.521875000000000000e+02 3.453477562506593750e+14
1.525000000000000000e+02 3.450473394445399375e+14
1.528125000000000000e+02 3.447476161663208750e+14
1.531250000000000000e+02 3.444485844420396250e+14
1.534375000000000000e+02 3.441502422977334375e+14
1.537500000000000000e+02 3.438525877594395000e+14
1.540625000000000000e+02 3.435556188531953750e+14
1.543750000000000000e+02 3.432593336050381875e+14
1.546875000000000000e+02 3.429637300410052500e+14
1.550000000000000000e+02 3.426688061871337500e+14
1.553125000000000000e+02 3.423745600694611250e+14
1.556250000000000000e+02 3.420809897140245625e+14
1.559375000000000000e+02 3.417880931468615000e+14
1.562500000000000000e+02 3.414958683940090000e+14
1.565625000000000000e+02 3.412043134815046250e+14
1.568750000000000000e+02 3.409134264353855000e+14
1.571875000000000000e+02 3.406232052816888125e+14
1.575000000000000000e+02 3.403336480464521250e+14
1.578125000000000000e+02 3.400447527557126250e+14
1.581250000000000000e+02 3.397565174355074375e+14
1.584375000000000000e+02 3.394689401118740625e+14
1.587500000000000000e+02 3.391820188108497500e+14
1.590625000000000000e+02 3.388957515584716250e+14
1.593750000000000000e+02 3.386101363807771875e+14
1.596875000000000000e+02 3.383251713038036875e+14
1.600000000000000000e+02 3.380408543535883750e+14
1.603125000000000000e+02 3.377571835561685000e+14
1.606250000000000000e+02 3.374741569375815000e+14
1.609375000000000000e+02 3.371917725238645000e+14
1.612500000000000000e+02 3.369100283410548750e+14
1.615625000000000000e+02 3.366289224151899375e+14
1.618750000000000000e+02 3.363484527723068750e+14
1.621875000000000000e+02 3.360686174384430625e+14
1.625000000000000000e+02 3.357894144396358750e+14
1.628125000000000000e+02 3.355108418019223750e+14
1.631250000000000000e+02 3.352328975513400625e+14
1.634375000000000000e+02 3.349555797139261875e+14
1.637500000000000000e+02 3.346788863157179375e+14
1.640625000000000000e+02 3.344028153827526875e+14
1.643750000000000000e+02 3.341273649410677500e+14
1.646875000000000000e+02 3.338525330167003750e+14
1.650000000000000000e+02 3.335783176356878750e+14
1.653125000000000000e+02 3.333047168240675000e+14
1.656250000000000000e+02 3.330317286078766250e+14
1.659375000000000000e+02 3.327593510131523750e+14
1.662500000000000000e+02 3.324875820659322500e+14
1.665625000000000000e+02 3.322164197922534375e+14
1.668750000000000000e+02 3.319458622181532500e+14
1.671875000000000000e+02 3.316759073696688750e+14
1.675000000000000000e+02 3.314065532728377500e+14
1.678125000000000000e+02 3.311377979536971250e+14
1.681250000000000000e+02 3.308696394382843125e+14
1.684375000000000000e+02 3.306020757526365000e+14
1.687500000000000000e+02 3.303351049227911250e+14
1.690625000000000000e+02 3.300687249747853750e+14
1.693750000000000000e+02 3.298029339346565625e+14
1.696875000000000000e+02 3.295377298284420625e+14
1.700000000000000000e+02 3.292731106821790625e+14
1.703125000000000000e+02 3.290090745219048750e+14
1.706250000000000000e+02 3.287456193736566875e+14
1.709375000000000000e+02 3.284827432634719375e+14
1.712500000000000000e+02 3.282204442173880000e+14
1.715625000000000000e+02 3.279587202614419375e+14
1.718750000000000000e+02 3.276975694216712500e+14
1.721875000000000000e+02 3.274369897241130625e+14
1.725000000000000000e+02 3.271769791948048125e+14
1.728125000000000000e+02 3.269175358597836250e+14
1.731250000000000000e+02 3.266586577450869375e+14
1.734375000000000000e+02 3.264003428767520000e+14
1.737500000000000000e+02 3.261425892808161250e+14
1.740625000000000000e+02 3.258853949833164375e+14
1.743750000000000000e+02 3.256287580102905000e+14
1.746875000000000000e+02 3.253726763877753750e+14
1.750000000000000000e+02 3.251171481418085000e+14
1.753125000000000000e+02 3.248621712984270625e+14
1.756250000000000000e+02 3.246077438836685000e+14
1.759375000000000000e+02 3.243538639235700000e+14
1.762500000000000000e+02 3.241005294441688750e+14
1.765625000000000000e+02 3.238477384715023125e+14
1.768750000000000000e+02 3.235954890316077500e+14
1.771875000000000000e+02 3.233437791505223750e+14
1.775000000000000000e+02 3.230926068542835625e+14
1.778125000000000000e+02 3.228419701689286250e+14
1.781250000000000000e+02 3.225918671204947500e+14
1.784375000000000000e+02 3.223422957350193125e+14
1.787500000000000000e+02 3.220932540385395000e+14
1.790625000000000000e+02 3.218447400570927500e+14
1.793750000000000000e+02 3.215967518167163125e+14
1.796875000000000000e+02 3.213492873434473750e+14
1.800000000000000000e+02 3.211023446633233125e+14
1.803125000000000000e+02 3.208559218023813750e+14
1.806250000000000000e+02 3.206100167866590000e+14
1.809375000000000000e+02 3.203646276421932500e+14
1.812500000000000000e+02 3.201197523950215625e+14
1.815625000000000000e+02 3.198753890711811875e+14
1.818750000000000000e+02 3.196315356967094375e+14
1.821875000000000000e+02 3.193881902976436250e+14
1.825000000000000000e+02 3.191453509000210000e+14
1.828125000000000000e+02 3.189030155298788125e+14
1.831250000000000000e+02 3.186611822132545000e+14
1.834375000000000000e+02 3.184198489761851875e+14
1.837500000000000000e+02 3.181790138447082500e+14
1.840625000000000000e+02 3.179386748448609375e+14
1.843750000000000000e+02 3.176988300026806250e+14
1.846875000000000000e+02 3.174594773442045000e+14
1.850000000000000000e+02 3.172206148954700000e+14
1.853125000000000000e+02 3.169822406825143125e+14
1.856250000000000000e+02 3.167443527313746875e+14
1.859375000000000000e+02 3.165069490680884375e+14
1.862500000000000000e+02 3.162700277186928750e+14
1.865625000000000000e+02 3.160335867092253750e+14
1.868750000000000000e+02 3.157976240657231875e+14
1.871875000000000000e+02 3.155621378142235000e+14
1.875000000000000000e+02 3.153271259807637500e+14
1.878125000000000000e+02 3.150925865913811250e+14
1.881250000000000000e+02 3.148585176721128750e+14
1.884375000000000000e+02 3.146249172489964375e+14
1.887500000000000000e+02 3.143917833480690000e+14
1.890625000000000000e+02 3.141591139953679375e+14
1.893750000000000000e+02 3.139269072169303750e+14
1.896875000000000000e+02 3.136951610387938750e+14
1.900000000000000000e+02 3.134638734869954375e+14
1.903125000000000000e+02 3.132330425875726250e+14
1.906250000000000000e+02 3.130026663665625000e+14
1.909375000000000000e+02 3.127727428500024375e+14
1.912500000000000000e+02 3.125432700639298125e+14
1.915625000000000000e+02 3.123142460343817500e+14
1.918750000000000000e+02 3.120856687873956250e+14
1.921875000000000000e+02 3.118575363490088750e+14
1.925000000000000000e+02 3.116298467452586250e+14
1.928125000000000000e+02 3.114025980021821250e+14
1.931250000000000000e+02 3.111757881458167500e+14
1.934375000000000000e+02 3.109494152021998750e+14
1.937500000000000000e+02 3.107234771973685000e+14
1.940625000000000000e+02 3.104979721573603125e+14
1.943750000000000000e+02 3.102728981082123125e+14
1.946875000000000000e+02 3.100482530759618750e+14
1.950000000000000000e+02 3.098240350866463750e+14
1.953125000000000000e+02 3.096002421663030000e+14
1.956250000000000000e+02 3.093768723409690625e+14
1.959375000000000000e+02 3.091539236366818750e+14
1.962500000000000000e+02 3.089313940794787500e+14
1.965625000000000000e+02 3.087092816953969375e+14
1.968750000000000000e+02 3.084875845104737500e+14
1.971875000000000000e+02 3.082663005507463750e+14
1.975000000000000000e+02 3.080454278422523125e+14
1.978125000000000000e+02 3.078249644110286875e+14
1.981250000000000000e+02 3.076049082831128125e+14
1.984375000000000000e+02 3.073852574845420625e+14
1.987500000000000000e+02 3.071660100413536875e+14
1.990625000000000000e+02 3.069471639795848750e+14
1.993750000000000000e+02 3.067287173252731250e+14
1.996875000000000000e+02 3.065106681044556250e+14
2.000000000000000000e+02 3.062930143431696250e+14
2.003125000000000000e+02 3.060757540674524375e+14
2.006250000000000000e+02 3.058588853033413750e+14
2.009375000000000000e+02 3.056424060768736250e+14
2.012500000000000000e+02 3.054263144140867500e+14
2.015625000000000000e+02 3.052106083410177500e+14
2.018750000000000000e+02 3.049952858837040625e+14
2.021875000000000000e+02 3.047803450681829375e+14
2.025000000000000000e+02 3.045657839204916250e+14
2.028125000000000000e+02 3.043516004666676250e+14
2.031250000000000000e+02 3.041377927327479375e+14
2.034375000000000000e+02 3.039243587447700625e+14
2.037500000000000000e+02 3.037112965287712500e+14
2.040625000000000000e+02 3.034986041107886875e+14
2.043750000000000000e+02 3.032862795168596875e+14
2.046875000000000000e+02 3.030743207730216875e+14
2.050000000000000000e+02 3.028627259053118750e+14
2.053125000000000000e+02 3.026514929397675000e+14
2.056250000000000000e+02 3.024406199024259375e+14
2.059375000000000000e+02 3.022301048193245000e+14
2.062500000000000000e+02 3.020199457165003750e+14
2.065625000000000000e+02 3.018101406199908750e+14
2.068750000000000000e+02 3.016006875558334375e+14
2.071875000000000000e+02 3.013915845500651875e+14
2.075000000000000000e+02 3.011828296287235000e+14
2.078125000000000000e+02 3.009744208178455625e+14
2.081250000000000000e+02 3.007663561434688125e+14
2.084375000000000000e+02 3.005586336316304375e+14
2.087500000000000000e+02 3.003512513083677500e+14
2.090625000000000000e+02 3.001442071997181250e+14
2.093750000000000000e+02 2.999374993317187500e+14
2.096875000000000000e+02 2.997311257304068750e+14
2.100000000000000000e+02 2.995250844218198750e+14
2.103125000000000000e+02 2.993193734319950625e+14
2.106250000000000000e+02 2.991139907869697500e+14
2.109375000000000000e+02 2.989089345127811250e+14
2.112500000000000000e+02 2.987042026354666250e+14
2.115625000000000000e+02 2.984997931810633750e+14
2.118750000000000000e+02 2.982957041756086875e+14
2.121875000000000000e+02 2.980919336451400000e+14
2.125000000000000000e+02 2.978884796156945000e+14
2.128125000000000000e+02 2.976853401133093750e+14
2.131250000000000000e+02 2.974825131640222500e+14
2.134375000000000000e+02 2.972799967938700000e+14
2.137500000000000000e+02 2.970777890288902500e+14
2.140625000000000000e+02 2.968758878951201250e+14
2.143750000000000000e+02 2.966742914185968750e+14
2.146875000000000000e+02 2.964729976253579375e+14
2.150000000000000000e+02 2.962720045414405000e+14
2.153125000000000000e+02 2.960713101928818750e+14
2.156250000000000000e+02 2.958709126057193750e+14
2.159375000000000000e+02 2.956708098059903750e+14
2.162500000000000000e+02 2.954709998197320000e+14
2.165625000000000000e+02 2.952714806729816875e+14
2.168750000000000000e+02 2.950722503917765625e+14
2.171875000000000000e+02 2.948733070021540625e+14
2.175000000000000000e+02 2.946746485301514375e+14
2.178125000000000000e+02 2.944762730018059375e+14
2.181250000000000000e+02 2.942781784431549375e+14
2.184375000000000000e+02 2.940803628802356250e+14
2.187500000000000000e+02 2.938828243390853125e+14
2.190625000000000000e+02 2.936855608457413750e+14
2.193750000000000000e+02 2.934885704262411250e+14
2.196875000000000000e+02 2.932918511066216875e+14
2.200000000000000000e+02 2.930954009129205000e+14
2.203125000000000000e+02 2.928992178711748125e+14
2.206250000000000000e+02 2.927033000074218750e+14
2.209375000000000000e+02 2.925076453476990000e+14
2.212500000000000000e+02 2.923122519180435000e+14
2.215625000000000000e+02 2.921171177444926250e+14
2.218750000000000000e+02 2.919222408530838125e+14
2.221875000000000000e+02 2.917276192698541875e+14
2.225000000000000000e+02 2.915332510208411250e+14
2.228125000000000000e+02 2.913391341320818125e+14
2.231250000000000000e+02 2.911452666296136875e+14
2.234375000000000000e+02 2.909516465394739375e+14
2.237500000000000000e+02 2.907582718876998750e+14
2.240625000000000000e+02 2.905651407003288750e+14
2.243750000000000000e+02 2.903722510033981250e+14
2.246875000000000000e+02 2.901796008229448750e+14
2.250000000000000000e+02 2.899871881850065625e+14
2.253125000000000000e+02 2.897950111156203750e+14
2.256250000000000000e+02 2.896030676408236875e+14
2.259375000000000000e+02 2.894113557866536875e+14
2.262500000000000000e+02 2.892198735791477500e+14
2.265625000000000000e+02 2.890286190443431250e+14
2.268750000000000000e+02 2.888375902082772500e+14
2.271875000000000000e+02 2.886467850969871250e+14
2.275000000000000000e+02 2.884562017365102500e+14
2.278125000000000000e+02 2.882658381528838750e+14
2.281250000000000000e+02 2.880756923721453125e+14
2.284375000000000000e+02 2.878857624203317500e+14
2.287500000000000000e+02 2.876960463234806250e+14
2.290625000000000000e+02 2.875065421076291250e+14
2.293750000000000000e+02 2.873172477988146250e+14
2.296875000000000000e+02 2.871281614230742500e+14
2.300000000000000000e+02 2.869392810064455000e+14
2.303125000000000000e+02 2.867506045749655625e+14
2.306250000000000000e+02 2.865621301546718125e+14
2.309375000000000000e+02 2.863738557716013750e+14
2.312500000000000000e+02 2.861857794517916875e+14
2.315625000000000000e+02 2.859978992212800000e+14
2.318750000000000000e+02 2.858102131061036250e+14
2.321875000000000000e+02 2.856227191322996875e+14
2.325000000000000000e+02 2.854354153259057500e+14
2.328125000000000000e+02 2.852482997129588750e+14
2.331250000000000000e+02 2.850613703194965000e+14
2.334375000000000000e+02 2.848746251715559375e+14
2.337500000000000000e+02 2.846880622951743125e+14
2.340625000000000000e+02 2.845016797163891250e+14
2.343750000000000000e+02 2.843154754612374375e+14
2.346875000000000000e+02 2.841294475557566875e+14
2.350000000000000000e+02 2.839435940259841250e+14
2.353125000000000000e+02 2.837579128979571250e+14
2.356250000000000000e+02 2.835724021977128750e+14
2.359375000000000000e+02 2.833870599512887500e+14
2.362500000000000000e+02 2.832018841847218750e+14
2.365625000000000000e+02 2.830168729240497500e+14
2.368750000000000000e+02 2.828320241953095625e+14
2.371875000000000000e+02 2.826473360245386250e+14
2.375000000000000000e+02 2.824628064377741875e+14
2.378125000000000000e+02 2.822784334610536250e+14
2.381250000000000000e+02 2.820942151204141875e+14
2.384375000000000000e+02 2.819101494418931875e+14
2.387500000000000000e+02 2.817262344515277500e+14
2.390625000000000000e+02 2.815424681753554375e+14
2.393750000000000000e+02 2.813588486394133125e+14
2.396875000000000000e+02 2.811753738697388438e+14
2.400000000000000000e+02 2.809920418923692188e+14
2.403125000000000000e+02 2.808088507333417812e+14
2.406250000000000000e+02 2.806257984186937500e+14
2.409375000000000000e+02 2.804428829744624688e+14
2.412500000000000000e+02 2.802601024266852500e+14
2.415625000000000000e+02 2.800774548013993750e+14
2.418750000000000000e+02 2.798949381246420625e+14
2.421875000000000000e+02 2.797125504224506875e+14
2.425000000000000000e+02 2.795302897208625000e+14
2.428125000000000000e+02 2.793481540459148125e+14
2.431250000000000000e+02 2.791661414236449375e+14
2.434375000000000000e+02 2.789842498800901562e+14
2.437500000000000000e+02 2.788024774412877188e+14
2.440625000000000000e+02 2.786208221332749375e+14
2.443750000000000000e+02 2.784392819820890938e+14
2.446875000000000000e+02 2.782578550137675000e+14
2.450000000000000000e+02 2.780765392543474375e+14
2.453125000000000000e+02 2.778953327298662500e+14
2.456250000000000000e+02 2.777142334663611562e+14
2.459375000000000000e+02 2.775332394898694375e+14
2.462500000000000000e+02 2.773523488264284688e+14
2.465625000000000000e+02 2.771715595020754688e+14
2.468750000000000000e+02 2.769908695428477812e+14
2.471875000000000000e+02 2.768102769747826875e+14
2.475000000000000000e+02 2.766297798239174062e+14
2.478125000000000000e+02 2.764493761162893125e+14
2.481250000000000000e+02 2.762690638779356875e+14
2.484375000000000000e+02 2.760888411348937812e+14
2.487500000000000000e+02 2.759087059132009375e+14
2.490625000000000000e+02 2.757286562016060000e+14
2.493750000000000000e+02 2.755486898956368125e+14
2.496875000000000000e+02 2.753688051891285312e+14
2.500000000000000000e+02 2.751890009098193438e+14
2.503125000000000000e+02 2.750092766312155625e+14
2.506250000000000000e+02 2.748296325607264688e+14
2.509375000000000000e+02 2.746500692040687500e+14
2.512500000000000000e+02 2.744705869737380625e+14
2.515625000000000000e+02 2.742911862449415312e+14
2.518750000000000000e+02 2.741118673928864375e+14
2.521875000000000000e+02 2.739326307927798750e+14
2.525000000000000000e+02 2.737534768198290625e+14
2.528125000000000000e+02 2.735744058492412500e+14
2.531250000000000000e+02 2.733954182562235625e+14
2.534375000000000000e+02 2.732165144159832500e+14
2.537500000000000000e+02 2.730376947037275312e+14
2.540625000000000000e+02 2.728589594946635625e+14
2.543750000000000000e+02 2.726803091639985000e+14
2.546875000000000000e+02 2.725017440869395938e+14
2.550000000000000000e+02 2.723232646386940625e+14
2.553125000000000000e+02 2.721448711944690625e+14
2.556250000000000000e+02 2.719665641294718125e+14
2.559375000000000000e+02 2.717883438189095000e+14
2.562500000000000000e+02 2.716102106379893438e+14
2.565625000000000000e+02 2.714321649619184375e+14
2.568750000000000000e+02 2.712542071659040312e+14
2.571875000000000000e+02 2.710763376251533750e+14
2.575000000000000000e+02 2.708985567148736250e+14
2.578125000000000000e+02 2.707208648102720625e+14
2.581250000000000000e+02 2.705432622865557188e+14
2.584375000000000000e+02 2.703657495189319375e+14
2.587500000000000000e+02 2.701883268826077812e+14
2.590625000000000000e+02 2.700109947527905312e+14
2.593750000000000000e+02 2.698337535046873750e+14
2.596875000000000000e+02 2.696566035135055000e+14
2.600000000000000000e+02 2.694795451544521250e+14
2.603125000000000000e+02 2.693025788027344062e+14
2.606250000000000000e+02 2.691257048335596250e+14
2.609375000000000000e+02 2.689489236221348438e+14
2.612500000000000000e+02 2.687722355436673750e+14
2.615625000000000000e+02 2.685956409733643750e+14
2.618750000000000000e+02 2.684191402864330000e+14
2.621875000000000000e+02 2.682427338580805000e+14
2.625000000000000000e+02 2.680664220635140625e+14
2.628125000000000000e+02 2.678902052779408438e+14
2.631250000000000000e+02 2.677140838765680625e+14
2.634375000000000000e+02 2.675380582346029375e+14
2.637500000000000000e+02 2.673621287272526875e+14
2.640625000000000000e+02 2.671862957297244062e+14
2.643750000000000000e+02 2.670105596172254062e+14
2.646875000000000000e+02 2.668349207649628125e+14
2.650000000000000000e+02 2.666593795481438438e+14
2.653125000000000000e+02 2.664839363419756250e+14
2.656250000000000000e+02 2.663085915216655000e+14
2.659375000000000000e+02 2.661333454624205625e+14
2.662500000000000000e+02 2.659581985394480625e+14
2.665625000000000000e+02 2.657831511279551250e+14
2.668750000000000000e+02 2.656082036031489375e+14
2.671875000000000000e+02 2.654333563402368125e+14
2.675000000000000000e+02 2.652586097144258438e+14
2.678125000000000000e+02 2.650839641009233125e+14
2.681250000000000000e+02 2.649094198749363438e+14
2.684375000000000000e+02 2.647349774116720938e+14
2.687500000000000000e+02 2.645606370863379062e+14
2.690625000000000000e+02 2.643863992741408750e+14
2.693750000000000000e+02 2.642122643502881875e+14
2.696875000000000000e+02 2.640382326899870938e+14
2.700000000000000000e+02 2.638643046684447500e+14
2.703125000000000000e+02 2.636904806608683125e+14
2.706250000000000000e+02 2.635167610424650938e+14
2.709375000000000000e+02 2.633431461884421875e+14
2.712500000000000000e+02 2.631696364740068438e+14
2.715625000000000000e+02 2.629962322743662500e+14
2.718750000000000000e+02 2.628229339647275625e+14
2.721875000000000000e+02 2.626497419202980000e+14
2.725000000000000000e+02 2.624766565162847812e+14
2.728125000000000000e+02 2.623036781278951250e+14
2.731250000000000000e+02 2.621308071303361875e+14
2.734375000000000000e+02 2.619580438988151250e+14
2.737500000000000000e+02 2.617853888085391875e+14
2.740625000000000000e+02 2.616128422347156250e+14
2.743750000000000000e+02 2.614404045525515000e+14
2.746875000000000000e+02 2.612680761372541250e+14
2.750000000000000000e+02 2.610958573640305625e+14
2.753125000000000000e+02 2.609237486080881562e+14
2.756250000000000000e+02 2.607517502446340000e+14
2.759375000000000000e+02 2.605798626488754062e+14
2.762500000000000000e+02 2.604080861960194375e+14
2.765625000000000000e+02 2.602364212612733750e+14
2.768750000000000000e+02 2.600648682198443750e+14
2.771875000000000000e+02 2.598934274469397188e+14
2.775000000000000000e+02 2.597220993177664375e+14
2.778125000000000000e+02 2.595508842075319062e+14
2.781250000000000000e+02 2.593797824914432188e+14
2.784375000000000000e+02 2.592087945447075312e+14
2.787500000000000000e+02 2.590379207425321250e+14
2.790625000000000000e+02 2.588671614601241875e+14
2.793750000000000000e+02 2.586965170726908750e+14
2.796875000000000000e+02 2.585259879554394375e+14
2.800000000000000000e+02 2.583555744835770000e+14
2.803125000000000000e+02 2.581852770323108438e+14
2.806250000000000000e+02 2.580150959768480938e+14
2.809375000000000000e+02 2.578450316923959375e+14
2.812500000000000000e+02 2.576750845541616250e+14
2.815625000000000000e+02 2.575052549373523125e+14
2.818750000000000000e+02 2.573355432171752188e+14
2.821875000000000000e+02 2.571659497688375938e+14
2.825000000000000000e+02 2.569964749675465312e+14
2.828125000000000000e+02 2.568271191885093125e+14
2.831250000000000000e+02 2.566578828069330938e+14
2.834375000000000000e+02 2.564887661980250625e+14
2.837500000000000000e+02 2.563197697369924375e+14
2.840625000000000000e+02 2.561508937990423125e+14
2.843750000000000000e+02 2.559821387593820312e+14
2.846875000000000000e+02 2.558135049932187188e+14
2.850000000000000000e+02 2.556449928757596250e+14
2.853125000000000000e+02 2.554766027822119062e+14
2.856250000000000000e+02 2.553083350877827500e+14
2.859375000000000000e+02 2.551401901676794062e+14
2.862500000000000000e+02 2.549721683971089688e+14
2.865625000000000000e+02 2.548042701512786562e+14
2.868750000000000000e+02 2.546364958053957188e+14
2.871875000000000000e+02 2.544688457346673125e+14
2.875000000000000000e+02 2.543013203143006875e+14
2.878125000000000000e+02 2.541339199195030312e+14
2.881250000000000000e+02 2.539666449254815000e+14
2.884375000000000000e+02 2.537994957074433438e+14
2.887500000000000000e+02 2.536324726405956875e+14
2.890625000000000000e+02 2.534655761001457188e+14
2.893750000000000000e+02 2.532988064613007188e+14
2.896875000000000000e+02 2.531321640992678125e+14
2.900000000000000000e+02 2.529656493892542188e+14
2.903125000000000000e+02 2.527992627064671250e+14
2.906250000000000000e+02 2.526330044261138125e+14
2.909375000000000000e+02 2.524668749234013750e+14
2.912500000000000000e+02 2.523008745735370625e+14
2.915625000000000000e+02 2.521350037517280000e+14
2.918750000000000000e+02 2.519692628331814375e+14
2.921875000000000000e+02 2.518036521931045312e+14
2.925000000000000000e+02 2.516381722067045938e+14
2.928125000000000000e+02 2.514728232491887188e+14
2.931250000000000000e+02 2.513076056957641250e+14
2.934375000000000000e+02 2.511425199216379688e+14
2.937500000000000000e+02 2.509775663020175312e+14
2.940625000000000000e+02 2.508127452121099688e+14
2.943750000000000000e+02 2.506480570271224375e+14
2.946875000000000000e+02 2.504835021222621875e+14
2.950000000000000000e+02 2.503190808727363750e+14
2.953125000000000000e+02 2.501547936537522188e+14
2.956250000000000000e+02 2.499906408405169375e+14
2.959375000000000000e+02 2.498266228082376562e+14
2.962500000000000000e+02 2.496627399321215938e+14
2.965625000000000000e+02 2.494989925873760625e+14
2.968750000000000000e+02 2.493353811492080938e+14
2.971875000000000000e+02 2.491719059928249688e+14
2.975000000000000000e+02 2.490085674934339062e+14
2.978125000000000000e+02 2.488453660262420625e+14
2.981250000000000000e+02 2.486823019664565938e+14
2.984375000000000000e+02 2.485193756892847500e+14
2.987500000000000000e+02 2.483565875699337500e+14
2.990625000000000000e+02 2.481939379836107188e+14
2.993750000000000000e+02 2.480314273055229375e+14
2.996875000000000000e+02 2.478690559108775312e+14
3.000000000000000000e+02 2.477068241748816875e+14
3.003125000000000000e+02 2.475447324727426875e+14
3.006250000000000000e+02 2.473827811796676562e+14
3.009375000000000000e+02 2.472209706708638125e+14
3.012500000000000000e+02 2.470593013215383438e+14
3.015625000000000000e+02 2.468977735068984375e+14
3.018750000000000000e+02 2.467363876021513750e+14
3.021875000000000000e+02 2.465751439825042188e+14
3.025000000000000000e+02 2.464140430231641875e+14
3.028125000000000000e+02 2.462530850993386250e+14
3.031250000000000000e+02 2.460922705862345938e+14
3.034375000000000000e+02 2.459315998590592500e+14
3.037500000000000000e+02 2.457710732930199375e+14
3.040625000000000000e+02 2.456106912633236875e+14
3.043750000000000000e+02 2.454504541451778750e+14
3.046875000000000000e+02 2.452903623137895000e+14
3.050000000000000000e+02 2.451304161443659375e+14
3.053125000000000000e+02 2.449706160121143125e+14
3.056250000000000000e+02 2.448109622922417500e+14
3.059375000000000000e+02 2.446514553599555625e+14
3.062500000000000000e+02 2.444920955904628750e+14
3.065625000000000000e+02 2.443328833589708750e+14
3.068750000000000000e+02 2.441738190406868125e+14
3.071875000000000000e+02 2.440149030108179062e+14
3.075000000000000000e+02 2.438561356445713125e+14
3.078125000000000000e+02 2.436975173171541250e+14
3.081250000000000000e+02 2.435390484037736875e+14
3.084375000000000000e+02 2.433807292796371562e+14
3.087500000000000000e+02 2.432225603199516875e+14
3.090625000000000000e+02 2.430645418999245312e+14
3.093750000000000000e+02 2.429066743947628750e+14
3.096875000000000000e+02 2.427489581796738438e+14
3.100000000000000000e+02 2.425913936298646875e+14
3.103125000000000000e+02 2.424339811205426562e+14
3.106250000000000000e+02 2.422767210269148750e+14
3.109375000000000000e+02 2.421196137241885000e+14
3.112500000000000000e+02 2.419626595875708750e+14
3.115625000000000000e+02 2.418058589922690312e+14
3.118750000000000000e+02 2.416492123134903125e+14
3.121875000000000000e+02 2.414927199264417812e+14
3.125000000000000000e+02 2.413363822063306875e+14
3.128125000000000000e+02 2.411801995283642500e+14
3.131250000000000000e+02 2.410241722677496562e+14
3.134375000000000000e+02 2.408683007996940625e+14
3.137500000000000000e+02 2.407125854994047500e+14
3.140625000000000000e+02 2.405570267420888750e+14
3.143750000000000000e+02 2.404016249029536250e+14
3.146875000000000000e+02 2.402463803572061250e+14
3.150000000000000000e+02 2.400912934800536875e+14
3.153125000000000000e+02 2.399363646467034375e+14
3.156250000000000000e+02 2.397815942323626250e+14
3.159375000000000000e+02 2.396269826122383750e+14
3.162500000000000000e+02 2.394725301615379375e+14
3.165625000000000000e+02 2.393182372554685312e+14
3.168750000000000000e+02 2.391641042692373125e+14
3.171875000000000000e+02 2.390101315780513750e+14
3.175000000000000000e+02 2.388563195571181250e+14
3.178125000000000000e+02 2.387026685816446250e+14
3.181250000000000000e+02 2.385491790268381250e+14
3.184375000000000000e+02 2.383958512679058125e+14
3.187500000000000000e+02 2.382426856800547812e+14
3.190625000000000000e+02 2.380896826384924062e+14
3.193750000000000000e+02 2.379368425184257500e+14
3.196875000000000000e+02 2.377841656950620625e+14
3.200000000000000000e+02 2.376316525436085000e+14
3.203125000000000000e+02 2.374793034392723125e+14
3.206250000000000000e+02 2.373271187572606875e+14
3.209375000000000000e+02 2.371750988727807500e+14
3.212500000000000000e+02 2.370232441610398125e+14
3.215625000000000000e+02 2.368715549972450000e+14
3.218750000000000000e+02 2.367200317566034688e+14
3.221875000000000000e+02 2.365686748143225000e+14
3.225000000000000000e+02 2.364174845456092812e+14
3.228125000000000000e+02 2.362664613256709375e+14
3.231250000000000000e+02 2.361156055297146875e+14
3.234375000000000000e+02 2.359649175329477812e+14
3.237500000000000000e+02 2.358143977105774062e+14
3.240625000000000000e+02 2.356640464378107500e+14
3.243750000000000000e+02 2.355138640898549688e+14
3.246875000000000000e+02 2.353638510419172500e+14
3.250000000000000000e+02 2.352140076692048438e+14
3.253125000000000000e+02 2.350643343469249688e+14
3.256250000000000000e+02 2.349148314502847188e+14
3.259375000000000000e+02 2.347654993544914375e+14
3.262500000000000000e+02 2.346163384347521250e+14
3.265625000000000000e+02 2.344673490662740938e+14
3.268750000000000000e+02 2.343185316242645625e+14
3.271875000000000000e+02 2.341698864839306875e+14
3.275000000000000000e+02 2.340214140204797500e+14
3.278125000000000000e+02 2.338731146091188125e+14
3.281250000000000000e+02 2.337249886250551562e+14
3.284375000000000000e+02 2.335770364434958750e+14
3.287500000000000000e+02 2.334292584396483125e+14
3.290625000000000000e+02 2.332816549887195625e+14
3.293750000000000000e+02 2.331342264659168750e+14
3.296875000000000000e+02 2.329869732464474062e+14
3.300000000000000000e+02 2.328398957055183750e+14
3.303125000000000000e+02 2.326929942183370000e+14
3.306250000000000000e+02 2.325462691601103750e+14
3.309375000000000000e+02 2.323997209060458438e+14
3.312500000000000000e+02 2.322533498313505312e+14
3.315625000000000000e+02 2.321071563112315625e+14
3.318750000000000000e+02 2.319611407208962500e+14
3.321875000000000000e+02 2.318153034355517500e+14
3.325000000000000000e+02 2.316696448304052500e+14
3.328125000000000000e+02 2.315241652806639375e+14
3.331250000000000000e+02 2.313788651615350000e+14
3.334375000000000000e+02 2.312337448482256562e+14
3.337500000000000000e+02 2.310888047159430938e+14
3.340625000000000000e+02 2.309440451398945625e+14
3.343750000000000000e+02 2.307994664952871875e+14
3.346875000000000000e+02 2.306550691573281250e+14
3.350000000000000000e+02 2.305108535012246875e+14
3.353125000000000000e+02 2.303668199021840312e+14
3.356250000000000000e+02 2.302229687354133750e+14
3.359375000000000000e+02 2.300793003761198125e+14
3.362500000000000000e+02 2.299358151995106250e+14
3.365625000000000000e+02 2.297925135807930000e+14
3.368750000000000000e+02 2.296493958951741250e+14
3.371875000000000000e+02 2.295064625178611562e+14
3.375000000000000000e+02 2.293637138240613750e+14
3.378125000000000000e+02 2.292211501889818750e+14
3.381250000000000000e+02 2.290787719878299688e+14
3.384375000000000000e+02 2.289365795958127500e+14
3.387500000000000000e+02 2.287945733881375000e+14
3.390625000000000000e+02 2.286527537400113125e+14
3.393750000000000000e+02 2.285111210266415000e+14
3.396875000000000000e+02 2.283696756232351875e+14
3.400000000000000000e+02 2.282284179049995938e+14
3.403125000000000000e+02 2.280873482471418750e+14
3.406250000000000000e+02 2.279464670248692812e+14
3.409375000000000000e+02 2.278057746133890000e+14
3.412500000000000000e+02 2.276652713879081875e+14
3.415625000000000000e+02 2.275249577236340625e+14
3.418750000000000000e+02 2.273848339957738125e+14
3.421875000000000000e+02 2.272449005795346875e+14
3.425000000000000000e+02 2.271051578501238125e+14
3.428125000000000000e+02 2.269656061827484375e+14
3.431250000000000000e+02 2.268262459526157500e+14
3.434375000000000000e+02 2.266870775349328438e+14
3.437500000000000000e+02 2.265481013049070625e+14
3.440625000000000000e+02 2.264093176377455625e+14
3.443750000000000000e+02 2.262707269086555000e+14
3.446875000000000000e+02 2.261323294928441250e+14
3.450000000000000000e+02 2.259941257655185625e+14
3.453125000000000000e+02 2.258561161018860625e+14
3.456250000000000000e+02 2.257183008771537812e+14
3.459375000000000000e+02 2.255806804665289375e+14
3.462500000000000000e+02 2.254432552452187812e+14
3.465625000000000000e+02 2.253060255884304375e+14
3.468750000000000000e+02 2.251689918713710625e+14
3.471875000000000000e+02 2.250321544692479375e+14
3.475000000000000000e+02 2.248955137572682500e+14
3.478125000000000000e+02 2.247590701106391875e+14
3.481250000000000000e+02 2.246228239045679375e+14
3.484375000000000000e+02 2.244867755142616875e+14
3.487500000000000000e+02 2.243509253149276250e+14
3.490625000000000000e+02 2.242152736817729688e+14
3.493750000000000000e+02 2.240798209900049062e+14
3.496875000000000000e+02 2.239445676148306562e+14
3.500000000000000000e+02 2.238095139314573750e+14
3.503125000000000000e+02 2.236746603150923125e+14
3.506250000000000000e+02 2.235400071409425625e+14
3.509375000000000000e+02 2.234055547842154375e+14
3.512500000000000000e+02 2.232713036201181250e+14
3.515625000000000000e+02 2.231372540238577188e+14
3.518750000000000000e+02 2.230034063706415000e+14
3.521875000000000000e+02 2.228697610356766562e+14
3.525000000000000000e+02 2.227363183941703750e+14
3.528125000000000000e+02 2.226030788213298125e+14
3.531250000000000000e+02 2.224700426923622500e+14
3.534375000000000000e+02 2.223372103824748125e+14
3.537500000000000000e+02 2.222045822668747188e+14
3.540625000000000000e+02 2.220721587207691250e+14
3.543750000000000000e+02 2.219399401193653125e+14
3.546875000000000000e+02 2.218079268378704375e+14
3.550000000000000000e+02 2.216761192514916875e+14
3.553125000000000000e+02 2.215445177354362188e+14
3.556250000000000000e+02 2.214131226649113125e+14
3.559375000000000000e+02 2.212819344151240938e+14
3.562500000000000000e+02 2.211509533612818125e+14
3.565625000000000000e+02 2.210201798785916562e+14
3.568750000000000000e+02 2.208896143422608125e+14
3.571875000000000000e+02 2.207592571274964375e+14
3.575000000000000000e+02 2.206291086095057500e+14
3.578125000000000000e+02 2.204991691634960000e+14
3.581250000000000000e+02 2.203694391646742812e+14
3.584375000000000000e+02 2.202399189882478750e+14
3.587500000000000000e+02 2.201106090094239688e+14
3.590625000000000000e+02 2.199815096034097500e+14
3.593750000000000000e+02 2.198526211454123750e+14
3.596875000000000000e+02 2.197239440106391250e+14
3.600000000000000000e+02 2.195954785742971250e+14
3.603125000000000000e+02 2.194672252115935312e+14
3.606250000000000000e+02 2.193391842977356250e+14
3.609375000000000000e+02 2.192113562079305625e+14
3.612500000000000000e+02 2.190837413173856250e+14
3.615625000000000000e+02 2.189563400013078750e+14
3.618750000000000000e+02 2.188291526349046250e+14
3.621875000000000000e+02 2.187021795933829375e+14
3.625000000000000000e+02 2.185754212519500938e+14
3.628125000000000000e+02 2.184488779858133125e+14
3.631250000000000000e+02 2.183225501701797500e+14
3.634375000000000000e+02 2.181964381802566250e+14
3.637500000000000000e+02 2.180705423912511875e+14
3.640625000000000000e+02 2.179448631783705000e+14
3.643750000000000000e+02 2.178194009168218125e+14
3.646875000000000000e+02 2.176941559818123438e+14
3.650000000000000000e+02 2.175691287485492500e+14
3.653125000000000000e+02 2.174443195922398125e+14
3.656250000000000000e+02 2.173197288880911875e+14
3.659375000000000000e+02 2.171953570113105000e+14
3.662500000000000000e+02 2.170712043371051250e+14
3.665625000000000000e+02 2.169472712406820000e+14
3.668750000000000000e+02 2.168235580972485000e+14
3.671875000000000000e+02 2.167000652820117500e+14
3.675000000000000000e+02 2.165767931701790312e+14
3.678125000000000000e+02 2.164537421369575000e+14
3.681250000000000000e+02 2.163309125575543125e+14
3.684375000000000000e+02 2.162083048071767500e+14
3.687500000000000000e+02 2.160859192610318438e+14
3.690625000000000000e+02 2.159637562943269375e+14
3.693750000000000000e+02 2.158418162822691875e+14
3.696875000000000000e+02 2.157200996000657812e+14
3.700000000000000000e+02 2.155986066229239375e+14
3.703125000000000000e+02 2.154773377260508125e+14
3.706250000000000000e+02 2.153562932846536875e+14
3.709375000000000000e+02 2.152354736739396250e+14
3.712500000000000000e+02 2.151148792691159375e+14
3.715625000000000000e+02 2.149945104453897500e+14
3.718750000000000000e+02 2.148743675779682812e+14
3.721875000000000000e+02 2.147544510420587500e+14
3.725000000000000000e+02 2.146347612128683438e+14
3.728125000000000000e+02 2.145152984656042500e+14
3.731250000000000000e+02 2.143960631754736250e+14
3.734375000000000000e+02 2.142770557176837500e+14
3.737500000000000000e+02 2.141582764674417500e+14
3.740625000000000000e+02 2.140397257999548125e+14
3.743750000000000000e+02 2.139214040904302500e+14
3.746875000000000000e+02 2.138033117140751250e+14
3.750000000000000000e+02 2.136854490460966875e+14
3.753125000000000000e+02 2.135678164617021875e+14
3.756250000000000000e+02 2.134504143360987188e+14
3.759375000000000000e+02 2.133332430444935000e+14
3.762500000000000000e+02 2.132163029620938125e+14
3.765625000000000000e+02 2.130995944641066875e+14
3.768750000000000000e+02 2.129831179257395000e+14
3.771875000000000000e+02 2.128668737221993750e+14
3.775000000000000000e+02 2.127508622286935000e+14
3.778125000000000000e+02 2.126350838204290625e+14
3.781250000000000000e+02 2.125195388726133125e+14
3.784375000000000000e+02 2.124042277604533750e+14
3.787500000000000000e+02 2.122891508591565000e+14
3.790625000000000000e+02 2.121743085439298125e+14
3.793750000000000000e+02 2.120597011899805938e+14
3.796875000000000000e+02 2.119453291725160000e+14
3.800000000000000000e+02 2.118311928667432500e+14
3.803125000000000000e+02 2.117172926478695000e+14
3.806250000000000000e+02 2.116036288911019375e+14
3.809375000000000000e+02 2.114902019716478125e+14
3.812500000000000000e+02 2.113770122647143125e+14
3.815625000000000000e+02 2.112640601455086250e+14
3.818750000000000000e+02 2.111513459892378750e+14
3.821875000000000000e+02 2.110388701711094062e+14
3.825000000000000000e+02 2.109266330663303125e+14
3.828125000000000000e+02 2.108146350501077500e+14
3.831250000000000000e+02 2.107028764976490625e+14
3.834375000000000000e+02 2.105913577841613125e+14
3.837500000000000000e+02 2.104800792848517500e+14
3.840625000000000000e+02 2.103690413874745000e+14
3.843750000000000000e+02 2.102582445111511875e+14
3.846875000000000000e+02 2.101476889746276250e+14
3.850000000000000000e+02 2.100373748833513125e+14
3.853125000000000000e+02 2.099273020918305312e+14
3.856250000000000000e+02 2.098174702412750625e+14
3.859375000000000000e+02 2.097078788725190625e+14
3.862500000000000000e+02 2.095985275577641875e+14
3.865625000000000000e+02 2.094894158817588750e+14
3.868750000000000000e+02 2.093805434292516875e+14
3.871875000000000000e+02 2.092719097849911250e+14
3.875000000000000000e+02 2.091635145337257500e+14
3.878125000000000000e+02 2.090553572602040000e+14
3.881250000000000000e+02 2.089474375491745000e+14
3.884375000000000000e+02 2.088397549853857500e+14
3.887500000000000000e+02 2.087323091535862500e+14
3.890625000000000000e+02 2.086250996385245312e+14
3.893750000000000000e+02 2.085181260249491250e+14
3.896875000000000000e+02 2.084113878976085000e+14
3.900000000000000000e+02 2.083048848412513125e+14
3.903125000000000000e+02 2.081986164406260000e+14
3.906250000000000000e+02 2.080925822804810625e+14
3.909375000000000000e+02 2.079867819455650625e+14
3.912500000000000000e+02 2.078812150206264375e+14
3.915625000000000000e+02 2.077758810904139062e+14
3.918750000000000000e+02 2.076707797396758750e+14
3.921875000000000000e+02 2.075659105531608438e+14
3.925000000000000000e+02 2.074612731156174062e+14
3.928125000000000000e+02 2.073568670117940000e+14
3.931250000000000000e+02 2.072526918264391875e+14
3.934375000000000000e+02 2.071487471443015000e+14
3.937500000000000000e+02 2.070450325501295000e+14
3.940625000000000000e+02 2.069415476286716875e+14
3.943750000000000000e+02 2.068382919646765625e+14
3.946875000000000000e+02 2.067352651428926875e+14
3.950000000000000000e+02 2.066324667480685625e+14
3.953125000000000000e+02 2.065298963649526875e+14
3.956250000000000000e+02 2.064275535782936250e+14
3.959375000000000000e+02 2.063254379728398750e+14
3.962500000000000000e+02 2.062235491333400000e+14
3.965625000000000000e+02 2.061218866445425000e+14
3.968750000000000000e+02 2.060204500911958750e+14
3.971875000000000000e+02 2.059192390580486875e+14
3.975000000000000000e+02 2.058182531298494375e+14
3.978125000000000000e+02 2.057174918913466875e+14
3.981250000000000000e+02 2.056169549272889062e+14
3.984375000000000000e+02 2.055166418224246562e+14
3.987500000000000000e+02 2.054165521615024375e+14
3.990625000000000000e+02 2.053166855292708750e+14
3.993750000000000000e+02 2.052170415104783125e+14
3.996875000000000000e+02 2.051176196898734062e+14
4.000000000000000000e+02 2.050184196522046250e+14
4.003125000000000000e+02 2.049194409822205625e+14
4.006250000000000000e+02 2.048206832646696562e+14
4.009375000000000000e+02 2.047221460843004688e+14
4.012500000000000000e+02 2.046238290258615938e+14
4.015625000000000000e+02 2.045257316741013750e+14
4.018750000000000000e+02 2.044278536137685625e+14
4.021875000000000000e+02 2.043301944296115000e+14
4.025000000000000000e+02 2.042327537063788125e+14
4.028125000000000000e+02 2.041355310288189375e+14
4.031250000000000000e+02 2.040385259816805000e+14
4.034375000000000000e+02 2.039417381497120000e+14
4.037500000000000000e+02 2.038451671176619375e+14
4.040625000000000000e+02 2.037488124702788125e+14
4.043750000000000000e+02 2.036526737923111875e+14
4.046875000000000000e+02 2.035567506685075312e+14
4.050000000000000000e+02 2.034610426836164375e+14
4.053125000000000000e+02 2.033655494223864375e+14
4.056250000000000000e+02 2.032702704695660625e+14
4.059375000000000000e+02 2.031752054099037500e+14
4.062500000000000000e+02 2.030803538281480938e+14
4.065625000000000000e+02 2.029857153090475938e+14
4.068750000000000000e+02 2.028912894373507500e+14
4.071875000000000000e+02 2.027970757978061562e+14
4.075000000000000000e+02 2.027030739751623125e+14
4.078125000000000000e+02 2.026092835541676875e+14
4.081250000000000000e+02 2.025157041195708750e+14
4.084375000000000000e+02 2.024223352561203750e+14
4.087500000000000000e+02 2.023291765485646875e+14
4.090625000000000000e+02 2.022362275816524062e+14
4.093750000000000000e+02 2.021434879401319688e+14
4.096875000000000000e+02 2.020509572087519375e+14
4.100000000000000000e+02 2.019586349722608750e+14
4.103125000000000000e+02 2.018665208154072500e+14
4.106250000000000000e+02 2.017746143229396250e+14
4.109375000000000000e+02 2.016829150796064375e+14
4.112500000000000000e+02 2.015914226701563750e+14
4.115625000000000000e+02 2.015001366793378125e+14
4.118750000000000000e+02 2.014090566918993750e+14
4.121875000000000000e+02 2.013181822925895000e+14
4.125000000000000000e+02 2.012275130661567812e+14
4.128125000000000000e+02 2.011370485973497188e+14
4.131250000000000000e+02 2.010467884709168125e+14
4.134375000000000000e+02 2.009567322716066562e+14
4.137500000000000000e+02 2.008668795841677188e+14
4.140625000000000000e+02 2.007772299933485000e+14
4.143750000000000000e+02 2.006877830838975938e+14
4.146875000000000000e+02 2.005985384405634375e+14
4.150000000000000000e+02 2.005094956480946875e+14
4.153125000000000000e+02 2.004206542912397188e+14
4.156250000000000000e+02 2.003320139547471875e+14
4.159375000000000000e+02 2.002435742233655000e+14
4.162500000000000000e+02 2.001553346818432500e+14
4.165625000000000000e+02 2.000672949149289688e+14
4.168750000000000000e+02 1.999794545073711562e+14
4.171875000000000000e+02 1.998918130439183750e+14
4.175000000000000000e+02 1.998043701093190938e+14
4.178125000000000000e+02 1.997171252883218750e+14
4.181250000000000000e+02 1.996300781656752188e+14
4.184375000000000000e+02 1.995432283261276875e+14
4.187500000000000000e+02 1.994565753544276875e+14
4.190625000000000000e+02 1.993701188353239375e+14
4.193750000000000000e+02 1.992838583535648125e+14
4.196875000000000000e+02 1.991977934938989375e+14
4.200000000000000000e+02 1.991119238410747188e+14
4.203125000000000000e+02 1.990262489798407812e+14
4.206250000000000000e+02 1.989407684949456250e+14
4.209375000000000000e+02 1.988554819711377500e+14
4.212500000000000000e+02 1.987703889931656875e+14
4.215625000000000000e+02 1.986854891457779375e+14
4.218750000000000000e+02 1.986007820137231250e+14
4.221875000000000000e+02 1.985162671817496875e+14
4.225000000000000000e+02 1.984319442346061562e+14
4.228125000000000000e+02 1.983478127570410625e+14
4.231250000000000000e+02 1.982638723338029062e+14
4.234375000000000000e+02 1.981801225496402500e+14
4.237500000000000000e+02 1.980965629893016875e+14
4.240625000000000000e+02 1.980131932375355938e+14
4.243750000000000000e+02 1.979300128790906250e+14
4.246875000000000000e+02 1.978470214987151875e+14
4.250000000000000000e+02 1.977642186811579375e+14
4.253125000000000000e+02 1.976816040111672500e+14
4.256250000000000000e+02 1.975991770734917500e+14
4.259375000000000000e+02 1.975169374528800000e+14
4.262500000000000000e+02 1.974348847340803750e+14
4.265625000000000000e+02 1.973530185018415312e+14
4.268750000000000000e+02 1.972713383409119375e+14
4.271875000000000000e+02 1.971898438360401562e+14
4.275000000000000000e+02 1.971085345719746875e+14
4.278125000000000000e+02 1.970274101334640625e+14
4.281250000000000000e+02 1.969464701052567812e+14
4.284375000000000000e+02 1.968657140721013750e+14
4.287500000000000000e+02 1.967851416187463750e+14
4.290625000000000000e+02 1.967047523299403750e+14
4.293750000000000000e+02 1.966245457904317500e+14
4.296875000000000000e+02 1.965445215849691250e+14
4.300000000000000000e+02 1.964646792983010938e+14
4.303125000000000000e+02 1.963850185151760000e+14
4.306250000000000000e+02 1.963055388203425312e+14
4.309375000000000000e+02 1.962262397985491250e+14
4.312500000000000000e+02 1.961471210345443125e+14
4.315625000000000000e+02 1.960681821130766250e+14
4.318750000000000000e+02 1.959894226188945938e+14
4.321875000000000000e+02 1.959108421367467500e+14
4.325000000000000000e+02 1.958324402513816250e+14
4.328125000000000000e+02 1.957542165475477500e+14
4.331250000000000000e+02 1.956761706099935938e+14
4.334375000000000000e+02 1.955983020234677500e+14
4.337500000000000000e+02 1.955206103727187188e+14
4.340625000000000000e+02 1.954430952424950000e+14
4.343750000000000000e+02 1.953657562175451250e+14
4.346875000000000000e+02 1.952885928826176250e+14
4.350000000000000000e+02 1.952116048224610312e+14
4.353125000000000000e+02 1.951347916218238750e+14
4.356250000000000000e+02 1.950581528654546562e+14
4.359375000000000000e+02 1.949816881381019375e+14
4.362500000000000000e+02 1.949053970245142500e+14
4.365625000000000000e+02 1.948292791094400625e+14
4.368750000000000000e+02 1.947533339776278750e+14
4.371875000000000000e+02 1.946775612138263125e+14
4.375000000000000000e+02 1.946019604027838750e+14
4.378125000000000000e+02 1.945265311292490000e+14
4.381250000000000000e+02 1.944512729779703125e+14
4.384375000000000000e+02 1.943761855336962500e+14
4.387500000000000000e+02 1.943012683811754375e+14
4.390625000000000000e+02 1.942265211051563750e+14
4.393750000000000000e+02 1.941519432903875000e+14
4.396875000000000000e+02 1.940775345216174375e+14
4.400000000000000000e+02 1.940032943835946875e+14
4.403125000000000000e+02 1.939292224610677500e+14
4.406250000000000000e+02 1.938553183387851250e+14
4.409375000000000000e+02 1.937815816014953750e+14
4.412500000000000000e+02 1.937080118339470312e+14
4.415625000000000000e+02 1.936346086208886250e+14
4.418750000000000000e+02 1.935613715470686562e+14
4.421875000000000000e+02 1.934883001972356562e+14
4.425000000000000000e+02 1.934153941561381250e+14
4.428125000000000000e+02 1.933426530085246875e+14
4.431250000000000000e+02 1.932700763391436875e+14
4.434375000000000000e+02 1.931976637327438750e+14
4.437500000000000000e+02 1.931254147740735625e+14
4.440625000000000000e+02 1.930533290478813750e+14
4.443750000000000000e+02 1.929814061389158750e+14
4.446875000000000000e+02 1.929096456319255000e+14
4.450000000000000000e+02 1.928380471116588750e+14
4.453125000000000000e+02 1.927666101628644062e+14
4.456250000000000000e+02 1.926953343702906875e+14
4.459375000000000000e+02 1.926242193186862500e+14
4.462500000000000000e+02 1.925532645927995938e+14
4.465625000000000000e+02 1.924824697773792500e+14
4.468750000000000000e+02 1.924118344571737812e+14
4.471875000000000000e+02 1.923413582169316250e+14
4.475000000000000000e+02 1.922710406414013750e+14
4.478125000000000000e+02 1.922008813153315625e+14
4.481250000000000000e+02 1.921308798234706875e+14
4.484375000000000000e+02 1.920610357505672500e+14
4.487500000000000000e+02 1.919913486813698125e+14
4.490625000000000000e+02 1.919218182006268438e+14
4.493750000000000000e+02 1.918524438930869688e+14
4.496875000000000000e+02 1.917832253434986250e+14
4.500000000000000000e+02 1.917141621366103750e+14
4.503125000000000000e+02 1.916452538571707188e+14
4.506250000000000000e+02 1.915765000899281875e+14
4.509375000000000000e+02 1.915079004196313750e+14
4.512500000000000000e+02 1.914394544310287500e+14
4.515625000000000000e+02 1.913711620345260312e+14
4.518750000000000000e+02 1.913030239546722500e+14
4.521875000000000000e+02 1.912350383107582500e+14
4.525000000000000000e+02 1.911671976859013750e+14
4.528125000000000000e+02 1.910994881500740000e+14
4.531250000000000000e+02 1.910318902370748438e+14
4.534375000000000000e+02 1.909643818754446875e+14
4.537500000000000000e+02 1.908969418078673750e+14
4.540625000000000000e+02 1.908295491026840625e+14
4.543750000000000000e+02 1.907621828282359375e+14
4.546875000000000000e+02 1.906948220528641250e+14
4.550000000000000000e+02 1.906274458449098125e+14
4.553125000000000000e+02 1.905600332727140625e+14
4.556250000000000000e+02 1.904925634046180625e+14
4.559375000000000000e+02 1.904250153089630000e+14
4.562500000000000000e+02 1.903573680540900000e+14
4.565625000000000000e+02 1.902896007083401250e+14
4.568750000000000000e+02 1.902216923400546562e+14
4.571875000000000000e+02 1.901536220175746562e+14
4.575000000000000000e+02 1.900853688092412812e+14
4.578125000000000000e+02 1.900169117833956875e+14
4.581250000000000000e+02 1.899482300083790625e+14
4.584375000000000000e+02 1.898793025525325625e+14
4.587500000000000000e+02 1.898101084841971875e+14
4.590625000000000000e+02 1.897406268717142500e+14
4.593750000000000000e+02 1.896708367834248125e+14
4.596875000000000000e+02 1.896007172876700625e+14
4.600000000000000000e+02 1.895302474527910938e+14
4.603125000000000000e+02 1.894594063471291250e+14
4.606250000000000000e+02 1.893881730390252500e+14
4.609375000000000000e+02 1.893165265968206562e+14
4.612500000000000000e+02 1.892444460888564375e+14
4.615625000000000000e+02 1.891719105834738125e+14
4.618750000000000000e+02 1.890988991490138438e+14
4.621875000000000000e+02 1.890253908538176875e+14
4.625000000000000000e+02 1.889513647662265938e+14
4.628125000000000000e+02 1.888767999545816250e+14
4.631250000000000000e+02 1.888016754872239375e+14
4.634375000000000000e+02 1.887259704324947500e+14
4.637500000000000000e+02 1.886496638587350938e+14
4.640625000000000000e+02 1.885727348342861562e+14
4.643750000000000000e+02 1.884951624274890938e+14
4.646875000000000000e+02 1.884169257066850625e+14
4.650000000000000000e+02 1.883380037402152188e+14
4.653125000000000000e+02 1.882583755964206875e+14
4.656250000000000000e+02 1.881780203436426562e+14
4.659375000000000000e+02 1.880969170502222188e+14
4.662500000000000000e+02 1.880150447845005312e+14
4.665625000000000000e+02 1.879323826148187500e+14
4.668750000000000000e+02 1.878489096095180312e+14
4.671875000000000000e+02 1.877646048369395000e+14
4.675000000000000000e+02 1.876794473654243438e+14
4.678125000000000000e+02 1.875934162633136875e+14
4.681250000000000000e+02 1.875064905989486875e+14
4.684375000000000000e+02 1.874186494406704375e+14
4.687500000000000000e+02 1.873298718568201562e+14
4.690625000000000000e+02 1.872401369157390000e+14
4.693750000000000000e+02 1.871494236857680312e+14
4.696875000000000000e+02 1.870577112352484375e+14
4.700000000000000000e+02 1.869649786325213750e+14
4.703125000000000000e+02 1.868712049459280000e+14
4.706250000000000000e+02 1.867763692438094688e+14
4.709375000000000000e+02 1.866804505945069062e+14
4.712500000000000000e+02 1.865834280663614688e+14
4.715625000000000000e+02 1.864852807277142500e+14
4.718750000000000000e+02 1.863859876469064375e+14
4.721875000000000000e+02 1.862855278922792188e+14
4.725000000000000000e+02 1.861838805321736875e+14
4.728125000000000000e+02 1.860810246349310312e+14
4.731250000000000000e+02 1.859769392688923750e+14
4.734375000000000000e+02 1.858716035023988750e+14
4.737500000000000000e+02 1.857649964037916250e+14
4.740625000000000000e+02 1.856570970414118750e+14
4.743750000000000000e+02 1.855478844836006875e+14
4.746875000000000000e+02 1.854373377986992500e+14
4.750000000000000000e+02 1.853254360550486875e+14
4.753125000000000000e+02 1.852121583209901875e+14
4.756250000000000000e+02 1.850974836648648750e+14
4.759375000000000000e+02 1.849813911550138438e+14
4.762500000000000000e+02 1.848638598597783125e+14
4.765625000000000000e+02 1.847448688474993750e+14
4.768750000000000000e+02 1.846243971865182500e+14
4.771875000000000000e+02 1.845024239451760000e+14
4.775000000000000000e+02 1.843789281918138125e+14
4.778125000000000000e+02 1.842538889947728750e+14
4.781250000000000000e+02 1.841272854223942812e+14
4.784375000000000000e+02 1.839990965430191875e+14
4.787500000000000000e+02 1.838693014249887500e+14
4.790625000000000000e+02 1.837378791366441250e+14
4.793750000000000000e+02 1.836048087463263750e+14
4.796875000000000000e+02 1.834700693223768125e+14
4.800000000000000000e+02 1.833336399331364375e+14
4.803125000000000000e+02 1.831954996469464688e+14
4.806250000000000000e+02 1.830556275321480625e+14
4.809375000000000000e+02 1.829140026570823125e+14
4.812500000000000000e+02 1.827706040900903750e+14
4.815625000000000000e+02 1.826254108995133750e+14
4.818750000000000000e+02 1.824784021536925625e+14
4.821875000000000000e+02 1.823295569209690312e+14
4.825000000000000000e+02 1.821788542696839375e+14
4.828125000000000000e+02 1.820262732681783438e+14
4.831250000000000000e+02 1.818717929847935312e+14
4.834375000000000000e+02 1.817153924878705625e+14
4.837500000000000000e+02 1.815570508457505625e+14
4.840625000000000000e+02 1.813967471267747500e+14
4.843750000000000000e+02 1.812344603992842500e+14
4.846875000000000000e+02 1.810701697316201875e+14
4.850000000000000000e+02 1.809038541921237188e+14
4.853125000000000000e+02 1.807354928491360000e+14
4.856250000000000000e+02 1.805650647709981875e+14
4.859375000000000000e+02 1.803925490260513750e+14
4.862500000000000000e+02 1.802179246826368125e+14
4.865625000000000000e+02 1.800411708090955000e+14
4.868750000000000000e+02 1.798622664737687188e+14
4.871875000000000000e+02 1.796811907449975625e+14
4.875000000000000000e+02 1.794979226911231875e+14
4.878125000000000000e+02 1.793124413804867188e+14
4.881250000000000000e+02 1.791247258814293750e+14
4.884375000000000000e+02 1.789347552622921875e+14
4.887500000000000000e+02 1.787425085914163750e+14
4.890625000000000000e+02 1.785479649371430625e+14
4.893750000000000000e+02 1.783511033678134375e+14
4.896875000000000000e+02 1.781519029517685938e+14
4.900000000000000000e+02 1.779503427573497500e+14
4.903125000000000000e+02 1.777464018528979688e+14
4.906250000000000000e+02 1.775400593067545000e+14
4.909375000000000000e+02 1.773312941872603125e+14
4.912500000000000000e+02 1.771200855627567500e+14
4.915625000000000000e+02 1.769064125015848750e+14
4.918750000000000000e+02 1.766902540720858125e+14
4.921875000000000000e+02 1.764715893426007500e+14
4.925000000000000000e+02 1.762503973814707812e+14
4.928125000000000000e+02 1.760266572570371250e+14
4.931250000000000000e+02 1.758003480376409375e+14
4.934375000000000000e+02 1.755714487916232500e+14
4.937500000000000000e+02 1.753399385873253125e+14
4.940625000000000000e+02 1.751057964930882500e+14
4.943750000000000000e+02 1.748690015772531875e+14
4.946875000000000000e+02 1.746295329081613125e+14
4.950000000000000000e+02 1.743873695541537188e+14
4.953125000000000000e+02 1.741424905835716250e+14
4.956250000000000000e+02 1.738948750647560625e+14
4.959375000000000000e+02 1.736445020660483125e+14
4.962500000000000000e+02 1.733913506557895000e+14
4.965625000000000000e+02 1.731353999023206250e+14
4.968750000000000000e+02 1.728766288739830312e+14
4.971875000000000000e+02 1.726150166391177500e+14
4.975000000000000000e+02 1.723505422660659375e+14
4.978125000000000000e+02 1.720831848231687812e+14
4.981250000000000000e+02 1.718129233787674062e+14
4.984375000000000000e+02 1.715397370012029375e+14
4.987500000000000000e+02 1.712636047588165625e+14
4.990625000000000000e+02 1.709845057199494375e+14
4.993750000000000000e+02 1.707024189529426875e+14
4.996875000000000000e+02 1.704173235261374375e+14
5.000000000000000000e+02 1.701291985078748438e+14
5.003125000000000000e+02 1.698380229664960312e+14
5.006250000000000000e+02 1.695437759703422500e+14
5.009375000000000000e+02 1.692464365877545312e+14
5.012500000000000000e+02 1.689459838870740938e+14
5.015625000000000000e+02 1.686423969366420625e+14
5.018750000000000000e+02 1.683356548047995312e+14
5.021875000000000000e+02 1.680257365598877500e+14
5.025000000000000000e+02 1.677126212702477812e+14
5.028125000000000000e+02 1.673962880042208125e+14
5.031250000000000000e+02 1.670767158301480000e+14
5.034375000000000000e+02 1.667538838163704688e+14
5.037500000000000000e+02 1.664277710312293438e+14
5.040625000000000000e+02 1.660983565430658438e+14
5.043750000000000000e+02 1.657656194202210625e+14
5.046875000000000000e+02 1.654295387310361250e+14
5.050000000000000000e+02 1.650900935438522188e+14
5.053125000000000000e+02 1.647472629270105000e+14
5.056250000000000000e+02 1.644010259488520625e+14
5.059375000000000000e+02 1.640513616777181562e+14
5.062500000000000000e+02 1.636982491819498125e+14
5.065625000000000000e+02 1.633416675298882500e+14
5.068750000000000000e+02 1.629815957898745625e+14
5.071875000000000000e+02 1.626180130302499375e+14
5.075000000000000000e+02 1.622508983193555625e+14
5.078125000000000000e+02 1.618802307255325000e+14
5.081250000000000000e+02 1.615059893171219062e+14
5.084375000000000000e+02 1.611281531624650000e+14
5.087500000000000000e+02 1.607467013299028438e+14
5.090625000000000000e+02 1.603616128877766250e+14
5.093750000000000000e+02 1.599728669044275000e+14
5.096875000000000000e+02 1.595804424481966250e+14
5.100000000000000000e+02 1.591843185874251250e+14
5.103125000000000000e+02 1.587844743904541562e+14
5.106250000000000000e+02 1.583808889256248438e+14
5.109375000000000000e+02 1.579735412612783750e+14
5.112500000000000000e+02 1.575624104657558125e+14
5.115625000000000000e+02 1.571474756073984375e+14
5.118750000000000000e+02 1.567287157545473125e+14
5.121875000000000000e+02 1.563061099755435625e+14
5.125000000000000000e+02 1.558796373387283750e+14
5.128125000000000000e+02 1.554492769124429062e+14
5.131250000000000000e+02 1.550150077650282812e+14
5.134375000000000000e+02 1.545768089648256875e+14
5.137500000000000000e+02 1.541346595801762188e+14
5.140625000000000000e+02 1.536885386794210312e+14
5.143750000000000000e+02 1.532384253309012500e+14
5.146875000000000000e+02 1.527842986029581250e+14
5.150000000000000000e+02 1.523261375639327188e+14
5.153125000000000000e+02 1.518639212821661875e+14
5.156250000000000000e+02 1.513976288259996562e+14
5.159375000000000000e+02 1.509272392637743438e+14
5.162500000000000000e+02 1.504527316638313125e+14
5.165625000000000000e+02 1.499740850945117812e+14
5.168750000000000000e+02 1.494912786241568750e+14
5.171875000000000000e+02 1.490042913211077188e+14
5.175000000000000000e+02 1.485131022537055000e+14
5.178125000000000000e+02 1.480176904902913438e+14
5.181250000000000000e+02 1.475180350992063750e+14
5.184375000000000000e+02 1.470141151487917500e+14
5.187500000000000000e+02 1.465058887757296875e+14
5.190625000000000000e+02 1.459933769116792500e+14
5.193750000000000000e+02 1.454765795566403125e+14
