-2.000000000000000000e+01 -2.208826530198635254e+12
-1.968679419354838700e+01 -2.351068967572723145e+12
-1.937358838709677400e+01 -2.491096464223378906e+12
-1.906038258064516455e+01 -2.628909020150604492e+12
-1.874717677419355155e+01 -2.764506635354396484e+12
-1.843397096774193855e+01 -2.897889309834756836e+12
-1.812076516129032555e+01 -3.029057043591685547e+12
-1.780755935483871255e+01 -3.158009836625181641e+12
-1.749435354838710310e+01 -3.284747688935246582e+12
-1.718114774193549010e+01 -3.409270600521878906e+12
-1.686794193548387710e+01 -3.531578571385080078e+12
-1.655473612903226410e+01 -3.651671601524848633e+12
-1.624153032258065110e+01 -3.769549690941185547e+12
-1.592832451612903988e+01 -3.885212839634089844e+12
-1.561511870967742688e+01 -3.998661047603562988e+12
-1.530191290322581565e+01 -4.109894314849604492e+12
-1.498870709677420265e+01 -4.218912641372212891e+12
-1.467550129032258965e+01 -4.325716027171390137e+12
-1.436229548387097843e+01 -4.430304472247134766e+12
-1.404908967741936543e+01 -4.532677976599448242e+12
-1.373588387096775421e+01 -4.632836540228330078e+12
-1.342267806451614121e+01 -4.730780163133779297e+12
-1.310947225806452821e+01 -4.826508845315795898e+12
-1.279626645161291520e+01 -4.920022586774381836e+12
-1.248306064516130398e+01 -5.011321387509535156e+12
-1.216985483870969276e+01 -5.100405247521255859e+12
-1.185664903225807976e+01 -5.187274166809546875e+12
-1.154344322580646676e+01 -5.271928145374404297e+12
-1.123023741935485376e+01 -5.354367183215830078e+12
-1.091703161290324253e+01 -5.434591280333824219e+12
-1.060382580645162953e+01 -5.512600436728385742e+12
-1.029062000000001831e+01 -5.588394652399515625e+12
-9.977414193548405308e+00 -5.661973927347235352e+12
-9.664208387096792308e+00 -5.728992665167732422e+12
-9.351002580645181084e+00 -5.795000301893271484e+12
-9.037796774193568083e+00 -5.883423537388140625e+12
-8.724590967741956860e+00 -5.995973017354752930e+12
-8.411385161290343859e+00 -6.126611557252158203e+12
-8.098179354838730859e+00 -6.262709582776640625e+12
-7.784973548387119635e+00 -6.384682301746408203e+12
-7.471767741935506635e+00 -6.487389621722840820e+12
-7.158561935483893635e+00 -6.590813234747421875e+12
-6.845356129032282411e+00 -6.701153671459236328e+12
-6.532150322580669410e+00 -6.822951957645490234e+12
-6.218944516129056410e+00 -6.949741401278166016e+12
-5.905738709677445186e+00 -7.078269531334836914e+12
-5.592532903225832186e+00 -7.190652241174880859e+12
-5.279327096774220962e+00 -7.276686624155134766e+12
-4.966121290322607962e+00 -7.334253735180373047e+12
-4.652915483870994962e+00 -7.371172128735521484e+12
-4.339709677419383738e+00 -7.394894082742406250e+12
-4.026503870967770737e+00 -7.425183982746843750e+12
-3.713298064516159513e+00 -7.465902998011291016e+12
-3.400092258064546513e+00 -7.519786248098542969e+12
-3.086886451612933513e+00 -7.581225288946283203e+12
-2.773680645161320513e+00 -7.651074295991604492e+12
-2.460474838709707512e+00 -7.725644504293290039e+12
-2.147269032258098065e+00 -7.788622801620334961e+12
-1.834063225806485065e+00 -7.826784007405938477e+12
-1.520857419354872064e+00 -7.841133432269578125e+12
-1.207651612903259064e+00 -7.834202495948308594e+12
-8.944458064516460638e-01 -7.821709293146948242e+12
-5.812400000000366163e-01 -7.819711439120491211e+12
-2.680341935484236160e-01 -7.828120924609091797e+12
4.517161290318938427e-02 -7.842188593343313477e+12
3.583774193548023845e-01 -7.845642676370582031e+12
6.715832258064153848e-01 -8.290705160437085938e+12
9.847890322580248323e-01 -7.978093532027708984e+12
1.297994838709637833e+00 -6.406871860479837891e+12
1.611200645161250833e+00 -3.359873304196204102e+12
1.924406451612863833e+00 1.059485991192268066e+12
2.237612258064476833e+00 6.389555328949644531e+12
2.550818064516086281e+00 1.173511159457704688e+13
2.864023870967699281e+00 1.778587869364564844e+13
3.177229677419312281e+00 2.445306532879271094e+13
3.490435483870925282e+00 3.173367588357730469e+13
3.803641290322538282e+00 3.961189419847612500e+13
4.116847096774151282e+00 4.806587091722135938e+13
4.430052903225760730e+00 5.707564205752787500e+13
4.743258709677373730e+00 6.662199778670363281e+13
5.056464516128986730e+00 7.668572827205659375e+13
5.369670322580599731e+00 8.724762368089464062e+13
5.682876129032212731e+00 9.828847418052568750e+13
5.996081935483822178e+00 1.097890699382577031e+14
6.309287741935435179e+00 1.217302011213985938e+14
6.622493548387048179e+00 1.340926578972563438e+14
6.935699354838661179e+00 1.468572304331389375e+14
7.248905161290274179e+00 1.600047088963541875e+14
7.562110967741887180e+00 1.735158834542100312e+14
7.875316774193496627e+00 1.873715442740144375e+14
8.188522580645109628e+00 2.015524815230753438e+14
8.501728387096722628e+00 2.160394853687007188e+14
8.814934193548335628e+00 2.308133459781984688e+14
9.128139999999948628e+00 2.458548535188765000e+14
9.441345806451558076e+00 2.611447981580427188e+14
9.754551612903171076e+00 2.766638135162228750e+14
1.006775741935478408e+01 2.923921418469868750e+14
1.038096322580639708e+01 3.083112777781630000e+14
1.069416903225801008e+01 3.244053772328781250e+14
1.100737483870961952e+01 3.406617270699051250e+14
1.132058064516123252e+01 3.570702754433155000e+14
1.163378645161284553e+01 3.736222228814392500e+14
1.194699225806445853e+01 3.903083785456502500e+14
1.226019806451606797e+01 4.071193950505406250e+14
1.257340387096768097e+01 4.240459250107021250e+14
1.288660967741929397e+01 4.410786210407266250e+14
1.319981548387090697e+01 4.582081357552061250e+14
1.351302129032251997e+01 4.754251217687323125e+14
1.382622709677413297e+01 4.927202316958970625e+14
1.413943290322574597e+01 5.100841181512922500e+14
1.445263870967735897e+01 5.275074337495099375e+14
1.476584451612897197e+01 5.449808311051416250e+14
1.507905032258058498e+01 5.624949628327792500e+14
1.539225612903219087e+01 5.800404815470147500e+14
1.570546193548380387e+01 5.976080398624400000e+14
1.601866774193541687e+01 6.151882903936470000e+14
1.633187354838702987e+01 6.327718857552276250e+14
1.664507935483864287e+01 6.503494785617735000e+14
1.695828516129025587e+01 6.679117214278767500e+14
1.727149096774186887e+01 6.854492669681287500e+14
1.758469677419348187e+01 7.029527677971220000e+14
1.789790258064509487e+01 7.204128765294478750e+14
1.821110838709670787e+01 7.378202457796983750e+14
1.852431419354831377e+01 7.551655281624652500e+14
1.883751999999992677e+01 7.724393762923405000e+14
1.915072580645153977e+01 7.896324427839162500e+14
1.946393161290315277e+01 8.067353802517840000e+14
1.977713741935476577e+01 8.237388413105357500e+14
2.009034322580637877e+01 8.406334785747633750e+14
2.040354903225799177e+01 8.574099446590587500e+14
2.071675483870960477e+01 8.740588921780135000e+14
2.102996064516121777e+01 8.905709737462197500e+14
2.134316645161283077e+01 9.069368419782692500e+14
2.165637225806444377e+01 9.231471494887538750e+14
2.196957806451604966e+01 9.391925488922655000e+14
2.228278387096766266e+01 9.550636928033957500e+14
2.259598967741927567e+01 9.707512338367370000e+14
2.290919548387088867e+01 9.862458246068808750e+14
2.322240129032250167e+01 1.001538117728418875e+15
2.353560709677411467e+01 1.016618765815943500e+15
2.384881290322572767e+01 1.031478421484046250e+15
2.416201870967734067e+01 1.046107737347319250e+15
2.447522451612895367e+01 1.060497366020353750e+15
2.478843032258056667e+01 1.074637960117742000e+15
2.510163612903217256e+01 1.088519796089269125e+15
2.541484193548378556e+01 1.102132209972703125e+15
2.572804774193539856e+01 1.115467547124266375e+15
2.604125354838701156e+01 1.128524547701897250e+15
2.635445935483862456e+01 1.141309475159669500e+15
2.666766516129023756e+01 1.153834987753372500e+15
2.698087096774185056e+01 1.166116753057251000e+15
2.729407677419346356e+01 1.178169498233531000e+15
2.760728258064507656e+01 1.190007574279633750e+15
2.792048838709668956e+01 1.201645332192978750e+15
2.823369419354830256e+01 1.213097122970986250e+15
2.854689999999990846e+01 1.224377297611076750e+15
2.886010580645152146e+01 1.235500207110670250e+15
2.917331161290313446e+01 1.246480202467187250e+15
2.948651741935474746e+01 1.257331634678047750e+15
2.979972322580636046e+01 1.268068854740671500e+15
3.011292903225797346e+01 1.278706213652479500e+15
3.042613483870958646e+01 1.289258062410891750e+15
3.073934064516119946e+01 1.299738752013328250e+15
3.105254645161281246e+01 1.310162633457209250e+15
3.136575225806442546e+01 1.320544057739955000e+15
3.167895806451603846e+01 1.330897375858985500e+15
3.199216387096764436e+01 1.341236938811721250e+15
3.230536967741925736e+01 1.351577097595582500e+15
3.261857548387087036e+01 1.361932440513668000e+15
3.293178129032248336e+01 1.372318149133274000e+15
3.324498709677409636e+01 1.382747506576265500e+15
3.355819290322570936e+01 1.393229761767970000e+15
3.387139870967732236e+01 1.403769417520138000e+15
3.418460451612893536e+01 1.414366942447982000e+15
3.449781032258054836e+01 1.425020906721283000e+15
3.481101612903216136e+01 1.435730473774020500e+15
3.512422193548377436e+01 1.446495044345851000e+15
3.543742774193538025e+01 1.457314019176433000e+15
3.575063354838699325e+01 1.468186799005423250e+15
3.606383935483860625e+01 1.479112784572479500e+15
3.637704516129021926e+01 1.490091376617259750e+15
3.669025096774183226e+01 1.501121975879420750e+15
3.700345677419344526e+01 1.512203983098620000e+15
3.731666258064505826e+01 1.523336799014515500e+15
3.762986838709667126e+01 1.534519824366764250e+15
3.794307419354828426e+01 1.545752459895023750e+15
3.825627999999989726e+01 1.557034106338951250e+15
3.856948580645150315e+01 1.568364164438205000e+15
3.888269161290311615e+01 1.579742034932442000e+15
3.919589741935472915e+01 1.591167118561319750e+15
3.950910322580634215e+01 1.602638816064496000e+15
3.982230903225795515e+01 1.614156528181627500e+15
4.013551483870956815e+01 1.625719875984564500e+15
4.044872064516118115e+01 1.637329031375637000e+15
4.076192645161279415e+01 1.648982403599637000e+15
4.107513225806440715e+01 1.660674656254093500e+15
4.138833806451602015e+01 1.672396046292692000e+15
4.170154387096763315e+01 1.684133085021854250e+15
4.201474967741923905e+01 1.695870521090465000e+15
4.232795548387085205e+01 1.707593653977888500e+15
4.264116129032246505e+01 1.719288003495682000e+15
4.295436709677407805e+01 1.730939089455402250e+15
4.326757290322569105e+01 1.742532431668606000e+15
4.358077870967730405e+01 1.754053549946850500e+15
4.389398451612891705e+01 1.765487964101691500e+15
4.420719032258053005e+01 1.776821193944687000e+15
4.452039612903213595e+01 1.788038759287393500e+15
4.483360193548375605e+01 1.799126179941367750e+15
4.514680774193536195e+01 1.810068975718166750e+15
4.546001354838698205e+01 1.820852666429347250e+15
4.577321935483858795e+01 1.831462771886465500e+15
4.608642516129020805e+01 1.841884811901079500e+15
4.639963096774181395e+01 1.852104306284745500e+15
4.671283677419343405e+01 1.862106774849020000e+15
4.702604258064503995e+01 1.871877737405460500e+15
4.733924838709664584e+01 1.881402713765623000e+15
4.765245419354826595e+01 1.890667223741065500e+15
4.796565999999987184e+01 1.899656345725204500e+15
4.827886580645149195e+01 1.908354054566107500e+15
4.859207161290309784e+01 1.916747856456960750e+15
4.890527741935471795e+01 1.924832761699324500e+15
4.921848322580632384e+01 1.932612608957553000e+15
4.953168903225794395e+01 1.940098741004376500e+15
4.984489483870954984e+01 1.947306031957641500e+15
5.015810064516116995e+01 1.954248252389846250e+15
5.047130645161277585e+01 1.960938731455349000e+15
5.078451225806438174e+01 1.967390798308507500e+15
5.109771806451600185e+01 1.973617782103680750e+15
5.141092387096760774e+01 1.979633011995226500e+15
5.172412967741922785e+01 1.985449817137503000e+15
5.203733548387083374e+01 1.991081526684869000e+15
5.235054129032245385e+01 1.996541469791682000e+15
5.266374709677405974e+01 2.001842975612300500e+15
5.297695290322567985e+01 2.006999373301083000e+15
5.329015870967728574e+01 2.012023992012387250e+15
5.360336451612889164e+01 2.016930160900571500e+15
5.391657032258051174e+01 2.021731209119994500e+15
5.422977612903211764e+01 2.026440465825014000e+15
5.454298193548373774e+01 2.031071260169988750e+15
5.485618774193534364e+01 2.035636921309276500e+15
5.516939354838696374e+01 2.040150778397235500e+15
5.548259935483856964e+01 2.044626501485750500e+15
5.579580516129018974e+01 2.049078612870520750e+15
5.610901096774179564e+01 2.053518907667036750e+15
5.642221677419341574e+01 2.057953385732845500e+15
5.673542258064502164e+01 2.062381228974970750e+15
5.704862838709662753e+01 2.066795824042492500e+15
5.736183419354824764e+01 2.071187830404281250e+15
5.767503999999985353e+01 2.075548759773023500e+15
5.798824580645147364e+01 2.079870464758931000e+15
5.830145161290307954e+01 2.084144797972216500e+15
5.861465741935469964e+01 2.088363612023091750e+15
5.892786322580630554e+01 2.092518759521769500e+15
5.924106903225792564e+01 2.096602093078461500e+15
5.955427483870953154e+01 2.100605465303380250e+15
5.986748064516115164e+01 2.104520728806738250e+15
6.018068645161275754e+01 2.108339736198747500e+15
6.049389225806436343e+01 2.112054340089620000e+15
6.080709806451598354e+01 2.115656393089568500e+15
6.112030387096758943e+01 2.119137747808804750e+15
6.143350967741920954e+01 2.122490256857541250e+15
6.174671548387081543e+01 2.125705772845990250e+15
6.205992129032243554e+01 2.128776148384363500e+15
6.237312709677404143e+01 2.131693236082874000e+15
6.268633290322566154e+01 2.134448888551734000e+15
6.299953870967726743e+01 2.137034958401155000e+15
6.331274451612888754e+01 2.139443298241350000e+15
6.362595032258049343e+01 2.141665760682530500e+15
6.393915612903209933e+01 2.143694198334909750e+15
6.425236193548371944e+01 2.145520463808699500e+15
6.456556774193532533e+01 2.147136409714111750e+15
6.487877354838694544e+01 2.148533888661358750e+15
6.519197935483855133e+01 2.149704753260652500e+15
6.550518516129017144e+01 2.150640856122206000e+15
6.581839096774177733e+01 2.151334049856231000e+15
6.613159677419339744e+01 2.151776187072940250e+15
6.644480258064500333e+01 2.151959120382545750e+15
6.675800838709662344e+01 2.151874702395259500e+15
6.707121419354822933e+01 2.151514785721293500e+15
6.738441999999983523e+01 2.150871222970860500e+15
6.769762580645145533e+01 2.149935866754172500e+15
6.801083161290306123e+01 2.148700569681442250e+15
6.832403741935468133e+01 2.147157184362881750e+15
6.863724322580628723e+01 2.145297563408703000e+15
6.895044903225790733e+01 2.143113559429118500e+15
6.926365483870951323e+01 2.140597025034339750e+15
6.957686064516113333e+01 2.137739812834580000e+15
6.989006645161273923e+01 2.134533775440050750e+15
7.020327225806434512e+01 2.130970765460964500e+15
7.051647806451596523e+01 2.127042313845390500e+15
7.082968387096757112e+01 2.122739147386038250e+15
7.114288967741919123e+01 2.118054566172765750e+15
7.145609548387079712e+01 2.112987338551871500e+15
7.176930129032241723e+01 2.107542666112523500e+15
7.208250709677402313e+01 2.101731218700331000e+15
7.239571290322564323e+01 2.095566239458050500e+15
7.270891870967724913e+01 2.089060167373080750e+15
7.302212451612886923e+01 2.082225119770676750e+15
7.333533032258047513e+01 2.075073213976092250e+15
7.364853612903208102e+01 2.067616567314582250e+15
7.396174193548370113e+01 2.059867297111401500e+15
7.427494774193530702e+01 2.051837520691804750e+15
7.458815354838692713e+01 2.043539355381046000e+15
7.490135935483853302e+01 2.034984918504380750e+15
7.521456516129015313e+01 2.026186327387062750e+15
7.552777096774175902e+01 2.017155699354347250e+15
7.584097677419337913e+01 2.007905151731488500e+15
7.615418258064498502e+01 1.998446801843741500e+15
7.646738838709660513e+01 1.988792767016361000e+15
7.678059419354821102e+01 1.978955164574601000e+15
7.709379999999981692e+01 1.968946111843717000e+15
7.740700580645143702e+01 1.958777726148962750e+15
7.772021161290304292e+01 1.948462124815593000e+15
7.803341741935466302e+01 1.938011425168863000e+15
7.834662322580626892e+01 1.927437744534027000e+15
7.865982903225788903e+01 1.916753200236339250e+15
7.897303483870949492e+01 1.905969909601055000e+15
7.928624064516111503e+01 1.895099989953429000e+15
7.959944645161272092e+01 1.884155558618715500e+15
7.991265225806434103e+01 1.873148732922169000e+15
8.022585806451594692e+01 1.862091630189044500e+15
8.053906387096755282e+01 1.850996367744596500e+15
8.085226967741917292e+01 1.839875062914079500e+15
8.116547548387077882e+01 1.828739833022748250e+15
8.147868129032239892e+01 1.817602795395857500e+15
8.179188709677400482e+01 1.806476067358662000e+15
8.210509290322562492e+01 1.795371766236415500e+15
8.241829870967723082e+01 1.784302009354373500e+15
8.273150451612885092e+01 1.773278914037790500e+15
8.304471032258045682e+01 1.762314597611921000e+15
8.335791612903207692e+01 1.751421177402019750e+15
8.367112193548368282e+01 1.740610770733341500e+15
8.398432774193528871e+01 1.729895494931140500e+15
8.429753354838690882e+01 1.719287467320671500e+15
8.461073935483851471e+01 1.708798805227189500e+15
8.492394516129013482e+01 1.698441625975948500e+15
8.523715096774174071e+01 1.688228046892203750e+15
8.555035677419336082e+01 1.678170185301209500e+15
8.586356258064496672e+01 1.668280410318263250e+15
8.617676838709658682e+01 1.658571720533767500e+15
8.648997419354819272e+01 1.649055100217786500e+15
8.680317999999981282e+01 1.639737253209661500e+15
8.711638580645141872e+01 1.630619847547886500e+15
8.742959161290302461e+01 1.621700270840231500e+15
8.774279741935464472e+01 1.612973896374128500e+15
8.805600322580625061e+01 1.604436726912114750e+15
8.836920903225787072e+01 1.596085017006770500e+15
8.868241483870947661e+01 1.587915021210675500e+15
8.899562064516109672e+01 1.579922994076410250e+15
8.930882645161270261e+01 1.572105190156554500e+15
8.962203225806432272e+01 1.564457864003688750e+15
8.993523806451592861e+01 1.556977270170392500e+15
9.024844387096754872e+01 1.549659663209246250e+15
9.056164967741915461e+01 1.542501297672830000e+15
9.087485548387076051e+01 1.535498428113723500e+15
9.118806129032238061e+01 1.528647309084506500e+15
9.150126709677398651e+01 1.521944195137760000e+15
9.181447290322560661e+01 1.515385340826063500e+15
9.212767870967721251e+01 1.508967000701997250e+15
9.244088451612883262e+01 1.502685429318141000e+15
9.275409032258043851e+01 1.496536881227075000e+15
9.306729612903205862e+01 1.490517610981379500e+15
9.338050193548366451e+01 1.484623873133634250e+15
9.369370774193527041e+01 1.478851922236419500e+15
9.400691354838689051e+01 1.473198012842315250e+15
9.432011935483849641e+01 1.467658399503901750e+15
9.463332516129011651e+01 1.462229336773758500e+15
9.494653096774172241e+01 1.456907079204466000e+15
9.525973677419334251e+01 1.451687881348604000e+15
9.557294258064494841e+01 1.446567997758753250e+15
9.588614838709656851e+01 1.441543682987493000e+15
9.619935419354817441e+01 1.436611191587403750e+15
9.651255999999979451e+01 1.431766778111065250e+15
9.682576580645140041e+01 1.427006697111058000e+15
9.713897161290300630e+01 1.422327203139961750e+15
9.745217741935462641e+01 1.417724550750356500e+15
9.776538322580623230e+01 1.413194994494822500e+15
9.807858903225785241e+01 1.408734788925939500e+15
9.839179483870945830e+01 1.404340188596288000e+15
9.870500064516107841e+01 1.400007448058448000e+15
9.901820645161268430e+01 1.395732821864999500e+15
9.933141225806430441e+01 1.391512564568522000e+15
9.964461806451591031e+01 1.387342930721596500e+15
9.995782387096753041e+01 1.383220174876802250e+15
1.002710296774191363e+02 1.379140551586719500e+15
1.005842354838707422e+02 1.375100315403929000e+15
1.008974412903223623e+02 1.371095663370829500e+15
1.012106470967739682e+02 1.367122648754371500e+15
1.015238529032255883e+02 1.363177784902945250e+15
1.018370587096771942e+02 1.359258562838004000e+15
1.021502645161288143e+02 1.355363623784603000e+15
1.024634703225804202e+02 1.351492586640859750e+15
1.027766761290320403e+02 1.347645530386334000e+15
1.030898819354836462e+02 1.343822390225134000e+15
1.034030877419352663e+02 1.340023043851188000e+15
1.037162935483868722e+02 1.336247368958424750e+15
1.040294993548384781e+02 1.332495243240772000e+15
1.043427051612900982e+02 1.328766544392158750e+15
1.046559109677417041e+02 1.325061150106513500e+15
1.049691167741933242e+02 1.321378938077764250e+15
1.052823225806449301e+02 1.317719785999840000e+15
1.055955283870965502e+02 1.314083571566668750e+15
1.059087341935481561e+02 1.310470172472179000e+15
1.062219399999997762e+02 1.306879466410299250e+15
1.065351458064513821e+02 1.303311331074958000e+15
1.068483516129030022e+02 1.299765644160083750e+15
1.071615574193546081e+02 1.296242283359604750e+15
1.074747632258062140e+02 1.292741126367449500e+15
1.077879690322578341e+02 1.289262050877546250e+15
1.081011748387094542e+02 1.285804934583824000e+15
1.084143806451610601e+02 1.282369655180210500e+15
1.087275864516126660e+02 1.278956090360634500e+15
1.090407922580642719e+02 1.275564117819024250e+15
1.093539980645159062e+02 1.272193615249308500e+15
1.096672038709675121e+02 1.268844460345415500e+15
1.099804096774191180e+02 1.265516530801274000e+15
1.102936154838707239e+02 1.262209704310812000e+15
1.106068212903223298e+02 1.258923858567958000e+15
1.109200270967739641e+02 1.255658871266640500e+15
1.112332329032255700e+02 1.252414620100788000e+15
1.115464387096771759e+02 1.249190982764328750e+15
1.118596445161287818e+02 1.245987836951191500e+15
1.121728503225804161e+02 1.242805060355304500e+15
1.124860561290320220e+02 1.239642530670596250e+15
1.127992619354836279e+02 1.236500125590995250e+15
1.131124677419352338e+02 1.233377722810429500e+15
1.134256735483868681e+02 1.230275200022828000e+15
1.137388793548384740e+02 1.227192434922119000e+15
1.140520851612900799e+02 1.224129305202231000e+15
1.143652909677416858e+02 1.221085688557092000e+15
1.146784967741932917e+02 1.218061462680630750e+15
1.149917025806449260e+02 1.215056505266775500e+15
1.153049083870965319e+02 1.212070694009455000e+15
1.156181141935481378e+02 1.209103906602597750e+15
1.159313199999997437e+02 1.206156020740132000e+15
1.162445258064513780e+02 1.203226914115986250e+15
1.165577316129029839e+02 1.200316464424088500e+15
1.168709374193545898e+02 1.197424549358367750e+15
1.171841432258061957e+02 1.194551046612752250e+15
1.174973490322578016e+02 1.191695833881170500e+15
1.178105548387094359e+02 1.188858788857550500e+15
1.181237606451610418e+02 1.186039789235821250e+15
1.184369664516126477e+02 1.183238712709911000e+15
1.187501722580642536e+02 1.180455436973748000e+15
1.190633780645158879e+02 1.177689839721261000e+15
1.193765838709674938e+02 1.174941798646378250e+15
1.196897896774190997e+02 1.172211191443028250e+15
1.200029954838707056e+02 1.169497895805139000e+15
1.203162012903223399e+02 1.166801789426639500e+15
1.206294070967739458e+02 1.164122750001458250e+15
1.209426129032255517e+02 1.161460655223523250e+15
1.212558187096771576e+02 1.158815382786763250e+15
1.215690245161287635e+02 1.156186810385106500e+15
1.218822303225803978e+02 1.153574815712481500e+15
1.221954361290320037e+02 1.150979276462816500e+15
1.225086419354836096e+02 1.148400070330040500e+15
1.228218477419352155e+02 1.145837075008081750e+15
1.231350535483868498e+02 1.143290168190868000e+15
1.234482593548384557e+02 1.140759227572328000e+15
1.237614651612900616e+02 1.138244130846390750e+15
1.240746709677416675e+02 1.135744755706984000e+15
1.243878767741932734e+02 1.133260979848036500e+15
1.247010825806449077e+02 1.130792680963477250e+15
1.250142883870965136e+02 1.128339736747233500e+15
1.253274941935481195e+02 1.125902024893234500e+15
1.256406999999997254e+02 1.123479423095408375e+15
1.259539058064513597e+02 1.121071809047683625e+15
1.262671116129029656e+02 1.118679060443988500e+15
1.265803174193545715e+02 1.116301054978252000e+15
1.268935232258061774e+02 1.113937670344402250e+15
1.272067290322577833e+02 1.111588784236367500e+15
1.275199348387094176e+02 1.109254274348076500e+15
1.278331406451610235e+02 1.106934018373457250e+15
1.281463464516126294e+02 1.104627894006438375e+15
1.284595522580642353e+02 1.102335778940948750e+15
1.287727580645158696e+02 1.100057550870916000e+15
1.290859638709674755e+02 1.097793087490269250e+15
1.293991696774190814e+02 1.095542266492936750e+15
1.297123754838706873e+02 1.093304965572846875e+15
1.300255812903223216e+02 1.091081062423928000e+15
1.303387870967739275e+02 1.088870434740108500e+15
1.306519929032255334e+02 1.086672960215317000e+15
1.309651987096771393e+02 1.084488516543482000e+15
1.312784045161287452e+02 1.082316981418531750e+15
1.315916103225803795e+02 1.080158232534394500e+15
1.319048161290319854e+02 1.078012147584999250e+15
1.322180219354835913e+02 1.075878604264274000e+15
1.325312277419351972e+02 1.073757480266146875e+15
1.328444335483868315e+02 1.071648653284547000e+15
1.331576393548384374e+02 1.069552001013402500e+15
1.334708451612900433e+02 1.067467401146642000e+15
1.337840509677416492e+02 1.065394731378193750e+15
1.340972567741932551e+02 1.063333869401986250e+15
1.344104625806448894e+02 1.061284692911947875e+15
1.347236683870964953e+02 1.059247079602006750e+15
1.350368741935481012e+02 1.057220907166092000e+15
1.353500799999997071e+02 1.055206053298131500e+15
1.356632858064513414e+02 1.053202395692053875e+15
1.359764916129029473e+02 1.051209812041787875e+15
1.362896974193545532e+02 1.049228180041261250e+15
1.366029032258061591e+02 1.047257377384403125e+15
1.369161090322577934e+02 1.045297281765141500e+15
1.372293148387093993e+02 1.043347770877405000e+15
1.375425206451610052e+02 1.041408722415121750e+15
1.378557264516126111e+02 1.039480014072220625e+15
1.381689322580642170e+02 1.037561523542629875e+15
1.384821380645158513e+02 1.035653128520277750e+15
1.387953438709674572e+02 1.033754706699093000e+15
1.391085496774190631e+02 1.031866135773003875e+15
1.394217554838706690e+02 1.029987293435938750e+15
1.397349612903223033e+02 1.028118057381826375e+15
1.400481670967739092e+02 1.026258305304594750e+15
1.403613729032255151e+02 1.024407914898172750e+15
1.406745787096771210e+02 1.022566763856488500e+15
1.409877845161287269e+02 1.020734729873470375e+15
1.413009903225803612e+02 1.018911690643047250e+15
1.416141961290319671e+02 1.017097523859147125e+15
1.419274019354835730e+02 1.015292107215698625e+15
1.422406077419351789e+02 1.013495318406630000e+15
1.425538135483868132e+02 1.011707035125870000e+15
1.428670193548384191e+02 1.009927135067346750e+15
1.431802251612900250e+02 1.008155495924989000e+15
1.434934309677416309e+02 1.006391995392724750e+15
1.438066367741932368e+02 1.004636511164482750e+15
1.441198425806448711e+02 1.002888920934191500e+15
1.444330483870964770e+02 1.001149102395779500e+15
1.447462541935480829e+02 9.994169332431746250e+14
1.450594599999996888e+02 9.976922911703057500e+14
1.453726658064513231e+02 9.959750538711012500e+14
1.456858716129029290e+02 9.942650990394896250e+14
1.459990774193545349e+02 9.925623043693991250e+14
1.463122832258061408e+02 9.908665475547585000e+14
1.466254890322577751e+02 9.891777062894957500e+14
1.469386948387093810e+02 9.874956582675397500e+14
1.472519006451609869e+02 9.858202811828186250e+14
1.475651064516125928e+02 9.841514527292608750e+14
1.478783122580641987e+02 9.824890506007948750e+14
1.481915180645158330e+02 9.808329524913493750e+14
1.485047238709674389e+02 9.791830360948525000e+14
1.488179296774190448e+02 9.775391791052326250e+14
1.491311354838706507e+02 9.759012592164186250e+14
1.494443412903222850e+02 9.742691541223385000e+14
1.497575470967738909e+02 9.726427415169207500e+14
1.500707529032254968e+02 9.710218990940940000e+14
1.503839587096771027e+02 9.694065045477866250e+14
1.506971645161287086e+02 9.677964355719267500e+14
1.510103703225803429e+02 9.661915698604432500e+14
1.513235761290319488e+02 9.645917851072643750e+14
1.516367819354835547e+02 9.629969590063185000e+14
1.519499877419351606e+02 9.614069692515342500e+14
1.522631935483867949e+02 9.598216935368397500e+14
1.525763993548384008e+02 9.582410095561638750e+14
1.528896051612900067e+02 9.566647950034345000e+14
1.532028109677416126e+02 9.550929275725805000e+14
1.535160167741932469e+02 9.535252849575302500e+14
1.538292225806448528e+02 9.519617448522120000e+14
1.541424283870964587e+02 9.504021849505542500e+14
1.544556341935480646e+02 9.488464829464857500e+14
1.547688399999996705e+02 9.472945165339345000e+14
1.550820458064513048e+02 9.457461634068288750e+14
1.553952516129029107e+02 9.442013012590977500e+14
1.557084574193545166e+02 9.426598077846692500e+14
1.560216632258061225e+02 9.411215606774721250e+14
1.563348690322577568e+02 9.395864376314342500e+14
1.566480748387093627e+02 9.380543163404846250e+14
1.569612806451609686e+02 9.365250744985513750e+14
1.572744864516125745e+02 9.349985897995631250e+14
1.575876922580641804e+02 9.334747399374481250e+14
1.579008980645158147e+02 9.319534026061348750e+14
1.582141038709674206e+02 9.304344554995517500e+14
1.585273096774190265e+02 9.289177763116273750e+14
1.588405154838706324e+02 9.274032427362900000e+14
1.591537212903222667e+02 9.258907324674680000e+14
1.594669270967738726e+02 9.243801231990901250e+14
1.597801329032254785e+02 9.228712926250845000e+14
1.600933387096770844e+02 9.213641184393797500e+14
1.604065445161286902e+02 9.198584783359042500e+14
1.607197503225803246e+02 9.183542500085863750e+14
1.610329561290319305e+02 9.168513111513547500e+14
1.613461619354835364e+02 9.153495394581375000e+14
1.616593677419351422e+02 9.138488105628285000e+14
1.619725735483867766e+02 9.123489949492355000e+14
1.622857793548383825e+02 9.108499795814421250e+14
1.625989851612899884e+02 9.093516864441212500e+14
1.629121909677415942e+02 9.078540787226375000e+14
1.632253967741932286e+02 9.063571546229437500e+14
1.635386025806448345e+02 9.048609288312702500e+14
1.638518083870964404e+02 9.033654108837605000e+14
1.641650141935480463e+02 9.018706082565230000e+14
1.644782199999996521e+02 9.003765284256665000e+14
1.647914258064512865e+02 8.988831788673005000e+14
1.651046316129028924e+02 8.973905670575330000e+14
1.654178374193544983e+02 8.958987004724732500e+14
1.657310432258061041e+02 8.944075865882300000e+14
1.660442490322577385e+02 8.929172328809121250e+14
1.663574548387093444e+02 8.914276468266285000e+14
1.666706606451609503e+02 8.899388359014875000e+14
1.669838664516125561e+02 8.884508075815987500e+14
1.672970722580641620e+02 8.869635693430703750e+14
1.676102780645157964e+02 8.854771286620115000e+14
1.679234838709674023e+02 8.839914930145308750e+14
1.682366896774190081e+02 8.825066698767372500e+14
1.685498954838706140e+02 8.810226667247397500e+14
1.688631012903222484e+02 8.795394910346470000e+14
1.691763070967738543e+02 8.780571502825675000e+14
1.694895129032254601e+02 8.765756519446106250e+14
1.698027187096770660e+02 8.750950034968847500e+14
1.701159245161287004e+02 8.736152124154990000e+14
1.704291303225803063e+02 8.721362861765620000e+14
1.707423361290319122e+02 8.706582322561830000e+14
1.710555419354835180e+02 8.691810581304702500e+14
1.713687477419351239e+02 8.677047712755327500e+14
1.716819535483867583e+02 8.662293791674792500e+14
1.719951593548383642e+02 8.647548892824190000e+14
1.723083651612899700e+02 8.632813090964605000e+14
1.726215709677415759e+02 8.618086460857125000e+14
1.729347767741932103e+02 8.603369077262838750e+14
1.732479825806448162e+02 8.588661014942836250e+14
1.735611883870964220e+02 8.573962348658205000e+14
1.738743941935480279e+02 8.559273153170031250e+14
1.741875999999996338e+02 8.544593503239406250e+14
1.745008058064512682e+02 8.529923473627415000e+14
1.748140116129028740e+02 8.515263139095147500e+14
1.751272174193544799e+02 8.500612574403691250e+14
1.754404232258060858e+02 8.485971854314135000e+14
1.757536290322577202e+02 8.471341053587567500e+14
1.760668348387093260e+02 8.456720246985077500e+14
1.763800406451609319e+02 8.442109509267750000e+14
1.766932464516125378e+02 8.427508915196677500e+14
1.770064522580641722e+02 8.412918539532945000e+14
1.773196580645157781e+02 8.398338457037642500e+14
1.776328638709673839e+02 8.383768742471857500e+14
1.779460696774189898e+02 8.369209470596676250e+14
1.782592754838705957e+02 8.354660716173192500e+14
1.785724812903222301e+02 8.340122553962490000e+14
1.788856870967738359e+02 8.325595058725657500e+14
1.791988929032254418e+02 8.311078305223783750e+14
1.795120987096770477e+02 8.296572368217956250e+14
1.798253045161286821e+02 8.282077322469263750e+14
1.801385103225802879e+02 8.267593242738796250e+14
1.804517161290318938e+02 8.253120203787640000e+14
1.807649219354834997e+02 8.238658280376882500e+14
1.810781277419351056e+02 8.224207547267615000e+14
1.813913335483867399e+02 8.209768079220922500e+14
1.817045393548383458e+02 8.195339950997895000e+14
1.820177451612899517e+02 8.180923237359618750e+14
1.823309509677415576e+02 8.166518013067182500e+14
1.826441567741931919e+02 8.152124352881677500e+14
1.829573625806447978e+02 8.137742331564190000e+14
1.832705683870964037e+02 8.123372023875807500e+14
1.835837741935480096e+02 8.109013504577620000e+14
1.838969799999996155e+02 8.094666848430713750e+14
1.842101858064512498e+02 8.080332130196176250e+14
1.845233916129028557e+02 8.066009424635100000e+14
1.848365974193544616e+02 8.051698806508568750e+14
1.851498032258060675e+02 8.037400350577672500e+14
1.854630090322577018e+02 8.023114131603500000e+14
1.857762148387093077e+02 8.008840224347140000e+14
1.860894206451609136e+02 7.994578703569678750e+14
1.864026264516125195e+02 7.980329644032205000e+14
1.867158322580641538e+02 7.966093120495807500e+14
1.870290380645157597e+02 7.951869207721572500e+14
1.873422438709673656e+02 7.937657980470592500e+14
1.876554496774189715e+02 7.923459513503951250e+14
1.879686554838705774e+02 7.909273881582741250e+14
1.882818612903222117e+02 7.895101159468045000e+14
1.885950670967738176e+02 7.880941421920957500e+14
1.889082729032254235e+02 7.866794743702562500e+14
1.892214787096770294e+02 7.852661199573951250e+14
1.895346845161286637e+02 7.838540864296207500e+14
1.898478903225802696e+02 7.824433812630425000e+14
1.901610961290318755e+02 7.810340119337686250e+14
1.904743019354834814e+02 7.796259859179083750e+14
1.907875077419350873e+02 7.782193106915705000e+14
1.911007135483867216e+02 7.768139937308635000e+14
1.914139193548383275e+02 7.754100425118967500e+14
1.917271251612899334e+02 7.740074645107785000e+14
1.920403309677415393e+02 7.726062672036177500e+14
1.923535367741931736e+02 7.712064580665235000e+14
1.926667425806447795e+02 7.698080445756046250e+14
1.929799483870963854e+02 7.684110342069697500e+14
1.932931541935479913e+02 7.670154344367276250e+14
1.936063599999996256e+02 7.656212527409873750e+14
1.939195658064512315e+02 7.642284965958575000e+14
1.942327716129028374e+02 7.628371734774470000e+14
1.945459774193544433e+02 7.614472908618650000e+14
1.948591832258060492e+02 7.600588562252197500e+14
1.951723890322576835e+02 7.586718770436202500e+14
1.954855948387092894e+02 7.572863607931753750e+14
1.957988006451608953e+02 7.559023149499940000e+14
1.961120064516125012e+02 7.545197469901850000e+14
1.964252122580641355e+02 7.531386643898571250e+14
1.967384180645157414e+02 7.517590746251190000e+14
1.970516238709673473e+02 7.503809851720797500e+14
1.973648296774189532e+02 7.490044035068481250e+14
1.976780354838705591e+02 7.476293371055327500e+14
1.979912412903221934e+02 7.462557934442425000e+14
1.983044470967737993e+02 7.448837799990865000e+14
1.986176529032254052e+02 7.435133042461731250e+14
1.989308587096770111e+02 7.421443736616115000e+14
1.992440645161286454e+02 7.407769957215105000e+14
1.995572703225802513e+02 7.394111779019787500e+14
1.998704761290318572e+02 7.380469276791251250e+14
2.001836819354834631e+02 7.366842525290586250e+14
2.004968877419350974e+02 7.353231599278877500e+14
2.008100935483867033e+02 7.339636573517217500e+14
2.011232993548383092e+02 7.326057522766690000e+14
2.014365051612899151e+02 7.312494521788385000e+14
2.017497109677415210e+02 7.298947645343391250e+14
2.020629167741931553e+02 7.285416968192797500e+14
2.023761225806447612e+02 7.271902565097688750e+14
2.026893283870963671e+02 7.258404510819157500e+14
2.030025341935479730e+02 7.244922880118287500e+14
2.033157399999996073e+02 7.231457747756171250e+14
2.036289458064512132e+02 7.218009188493895000e+14
2.039421516129028191e+02 7.204577277092546250e+14
2.042553574193544250e+02 7.191162088313215000e+14
2.045685632258060309e+02 7.177763696916990000e+14
2.048817690322576652e+02 7.164382177664956250e+14
2.051949748387092711e+02 7.151017605318203750e+14
2.055081806451608770e+02 7.137670054637822500e+14
2.058213864516124829e+02 7.124339600384897500e+14
2.061345922580641172e+02 7.111026317320518750e+14
2.064477980645157231e+02 7.097730280205775000e+14
2.067610038709673290e+02 7.084451563801755000e+14
2.070742096774189349e+02 7.071190242869542500e+14
2.073874154838705408e+02 7.057946392170230000e+14
2.077006212903221751e+02 7.044720086464905000e+14
2.080138270967737810e+02 7.031511400514655000e+14
2.083270329032253869e+02 7.018320409080567500e+14
2.086402387096769928e+02 7.005147186923731250e+14
2.089534445161286271e+02 6.991991808805236250e+14
2.092666503225802330e+02 6.978854349486170000e+14
2.095798561290318389e+02 6.965734883727620000e+14
2.098930619354834448e+02 6.952633486290675000e+14
2.102062677419350791e+02 6.939550231936422500e+14
2.105194735483866850e+02 6.926485195425951250e+14
2.108326793548382909e+02 6.913438451520350000e+14
2.111458851612898968e+02 6.900410074980705000e+14
2.114590909677415027e+02 6.887400140568107500e+14
2.117722967741931370e+02 6.874408723043641250e+14
2.120855025806447429e+02 6.861435897168398750e+14
2.123987083870963488e+02 6.848481737703466250e+14
2.127119141935479547e+02 6.835546319409932500e+14
2.130251199999995890e+02 6.822629717048885000e+14
2.133383258064511949e+02 6.809732005381415000e+14
2.136515316129028008e+02 6.796853259168607500e+14
2.139647374193544067e+02 6.783993553171552500e+14
2.142779432258060126e+02 6.771152962151335000e+14
2.145911490322576469e+02 6.758331560869047500e+14
2.149043548387092528e+02 6.745529424085773750e+14
2.152175606451608587e+02 6.732746626562605000e+14
2.155307664516124646e+02 6.719983243060630000e+14
2.158439722580640989e+02 6.707239348340935000e+14
2.161571780645157048e+02 6.694515017164611250e+14
2.164703838709673107e+02 6.681810324292742500e+14
2.167835896774189166e+02 6.669125344486420000e+14
2.170967954838705509e+02 6.656460152506732500e+14
2.174100012903221568e+02 6.643814823114766250e+14
2.177232070967737627e+02 6.631189431071611250e+14
2.180364129032253686e+02 6.618584051138355000e+14
2.183496187096769745e+02 6.605998758076082500e+14
2.186628245161286088e+02 6.593433626645886250e+14
2.189760303225802147e+02 6.580888731608855000e+14
2.192892361290318206e+02 6.568364147726072500e+14
2.196024419354834265e+02 6.555859949758631250e+14
2.199156477419350608e+02 6.543376212467617500e+14
2.202288535483866667e+02 6.530913010614120000e+14
2.205420593548382726e+02 6.518470418959226250e+14
2.208552651612898785e+02 6.506048512264025000e+14
2.211684709677414844e+02 6.493647365289605000e+14
2.214816767741931187e+02 6.481267052797055000e+14
2.217948825806447246e+02 6.468907649547460000e+14
2.221080883870963305e+02 6.456569232029880000e+14
2.224212941935479364e+02 6.444251881053296250e+14
2.227344999999995707e+02 6.431955663602935000e+14
2.230477058064511766e+02 6.419680617288542500e+14
2.233609116129027825e+02 6.407426745160477500e+14
2.236741174193543884e+02 6.395194020893621250e+14
2.239873232258059943e+02 6.382982404339097500e+14
2.243005290322576286e+02 6.370791859667955000e+14
2.246137348387092345e+02 6.358622352779215000e+14
2.249269406451608404e+02 6.346473849571890000e+14
2.252401464516124463e+02 6.334346315945002500e+14
2.255533522580640806e+02 6.322239717797568750e+14
2.258665580645156865e+02 6.310154021028608750e+14
2.261797638709672924e+02 6.298089191537135000e+14
2.264929696774188983e+02 6.286045195222171250e+14
2.268061754838705326e+02 6.274021997982731250e+14
2.271193812903221385e+02 6.262019565717836250e+14
2.274325870967737444e+02 6.250037864326502500e+14
2.277457929032253503e+02 6.238076859707747500e+14
2.280589987096769562e+02 6.226136517760591250e+14
2.283722045161285905e+02 6.214216804384051250e+14
2.286854103225801964e+02 6.202317685477145000e+14
2.289986161290318023e+02 6.190439126938890000e+14
2.293118219354834082e+02 6.178581094668303750e+14
2.296250277419350425e+02 6.166743554564405000e+14
2.299382335483866484e+02 6.154926472526210000e+14
2.302514393548382543e+02 6.143129814452740000e+14
2.305646451612898602e+02 6.131353546243012500e+14
2.308778509677414661e+02 6.119597633796043750e+14
2.311910567741931004e+02 6.107862043010851250e+14
2.315042625806447063e+02 6.096146739786456250e+14
2.318174683870963122e+02 6.084451690021873750e+14
2.321306741935479181e+02 6.072776859616121250e+14
2.324438799999995524e+02 6.061122214468217500e+14
2.327570858064511583e+02 6.049487720477182500e+14
2.330702916129027642e+02 6.037873343542032500e+14
2.333834974193543701e+02 6.026279049561785000e+14
2.336967032258060044e+02 6.014704804435458750e+14
2.340099090322576103e+02 6.003150574062072500e+14
2.343231148387092162e+02 5.991616324340642500e+14
2.346363206451608221e+02 5.980102021170187500e+14
2.349495264516124280e+02 5.968607630449725000e+14
2.352627322580640623e+02 5.957133118078272500e+14
2.355759380645156682e+02 5.945678449954851250e+14
2.358891438709672741e+02 5.934243591978475000e+14
2.362023496774189084e+02 5.922828510048165000e+14
2.365155554838705143e+02 5.911433170062937500e+14
2.368287612903221202e+02 5.900057537921811250e+14
2.371419670967737261e+02 5.888701579523803750e+14
2.374551729032253320e+02 5.877365260767932500e+14
2.377683787096769379e+02 5.866048547553217500e+14
2.380815845161285438e+02 5.854751405778672500e+14
2.383947903225801497e+02 5.843473801343320000e+14
2.387079961290318124e+02 5.832215700146173750e+14
2.390212019354834183e+02 5.820977068086255000e+14
2.393344077419350242e+02 5.809757871062581250e+14
2.396476135483866301e+02 5.798558074974170000e+14
2.399608193548382360e+02 5.787377645720041250e+14
2.402740251612898419e+02 5.776216549199210000e+14
2.405872309677414478e+02 5.765074751310695000e+14
2.409004367741930537e+02 5.753952217953513750e+14
2.412136425806446596e+02 5.742848915026685000e+14
2.415268483870963223e+02 5.731764808429225000e+14
2.418400541935479282e+02 5.720699864060156250e+14
2.421532599999995341e+02 5.709654047818492500e+14
2.424664658064511400e+02 5.698627325603252500e+14
2.427796716129027459e+02 5.687619663313457500e+14
2.430928774193543518e+02 5.676631026848120000e+14
2.434060832258059577e+02 5.665661382106262500e+14
2.437192890322575636e+02 5.654710694986900000e+14
2.440324948387091695e+02 5.643778931389051250e+14
2.443457006451608322e+02 5.632866057211735000e+14
2.446589064516124381e+02 5.621972038353968125e+14
2.449721122580640440e+02 5.611096840714770625e+14
2.452853180645156499e+02 5.600240430193159375e+14
2.455985238709672558e+02 5.589402772688151250e+14
2.459117296774188617e+02 5.578583834098765625e+14
2.462249354838704676e+02 5.567783580324019375e+14
2.465381412903220735e+02 5.557001977262930000e+14
2.468513470967737362e+02 5.546238990814517500e+14
2.471645529032253421e+02 5.535494586877798750e+14
2.474777587096769480e+02 5.524768731351792500e+14
2.477909645161285539e+02 5.514061390135515625e+14
2.481041703225801598e+02 5.503372529127986250e+14
2.484173761290317657e+02 5.492702114228223125e+14
2.487305819354833716e+02 5.482050111335243750e+14
2.490437877419349775e+02 5.471416486348065625e+14
2.493569935483865834e+02 5.460801205165708125e+14
2.496701993548382461e+02 5.450204233687186250e+14
2.499834051612898520e+02 5.439625537811521250e+14
2.502966109677414579e+02 5.429065083437730000e+14
2.506098167741930638e+02 5.418522836464830000e+14
2.509230225806446697e+02 5.407998762791840000e+14
2.512362283870962756e+02 5.397492828317777500e+14
2.515494341935478815e+02 5.387004998941660000e+14
2.518626399999994874e+02 5.376535240562505625e+14
2.521758458064510933e+02 5.366083519079332500e+14
2.524890516129027560e+02 5.355649800391158750e+14
2.528022574193543619e+02 5.345234050397002500e+14
2.531154632258059678e+02 5.334836234995881250e+14
2.534286690322575737e+02 5.324456320086813750e+14
2.537418748387091796e+02 5.314094271568817500e+14
2.540550806451607855e+02 5.303750055340910625e+14
2.543682864516123914e+02 5.293423637302111250e+14
2.546814922580639973e+02 5.283114983351436875e+14
2.549946980645156032e+02 5.272824059387905000e+14
2.553079038709672659e+02 5.262550831310534375e+14
2.556211096774188718e+02 5.252295265018342500e+14
2.559343154838704777e+02 5.242057326410348125e+14
2.562475212903220836e+02 5.231836981385569375e+14
2.565607270967736895e+02 5.221634195843022500e+14
2.568739329032252954e+02 5.211448935681726250e+14
2.571871387096769013e+02 5.201281166800700625e+14
2.575003445161285072e+02 5.191130855098960625e+14
2.578135503225801131e+02 5.180997966475525625e+14
2.581267561290317758e+02 5.170882466829413750e+14
2.584399619354833817e+02 5.160784322059642500e+14
2.587531677419349876e+02 5.150703498065228750e+14
2.590663735483865935e+02 5.140639960745193750e+14
2.593795793548381994e+02 5.130593675998552500e+14
2.596927851612898053e+02 5.120564609724325000e+14
2.600059909677414112e+02 5.110552727821527500e+14
2.603191967741930171e+02 5.100557996189178125e+14
2.606324025806446798e+02 5.090580380726296250e+14
2.609456083870962857e+02 5.080619847331898125e+14
2.612588141935478916e+02 5.070676361905003125e+14
2.615720199999994975e+02 5.060749890344628125e+14
2.618852258064511034e+02 5.050840398549792500e+14
2.621984316129027093e+02 5.040947852419513125e+14
2.625116374193543152e+02 5.031072217852808750e+14
2.628248432258059211e+02 5.021213460748695000e+14
2.631380490322575270e+02 5.011371547006192500e+14
2.634512548387091897e+02 5.001546442524317500e+14
2.637644606451607956e+02 4.991738113202089375e+14
2.640776664516124015e+02 4.981946524938525000e+14
2.643908722580640074e+02 4.972171643632645000e+14
2.647040780645156133e+02 4.962413435183463750e+14
2.650172838709672192e+02 4.952671865490001250e+14
2.653304896774188251e+02 4.942946900451275000e+14
2.656436954838704310e+02 4.933238505966302500e+14
2.659569012903220369e+02 4.923546647934101250e+14
2.662701070967736996e+02 4.913871292253690000e+14
2.665833129032253055e+02 4.904212404824087500e+14
2.668965187096769114e+02 4.894569951544311250e+14
2.672097245161285173e+02 4.884943898313379375e+14
2.675229303225801232e+02 4.875334211030309375e+14
2.678361361290317291e+02 4.865740855594119375e+14
2.681493419354833350e+02 4.856163797903827500e+14
2.684625477419349409e+02 4.846603003858451250e+14
2.687757535483865468e+02 4.837058439357008750e+14
2.690889593548382095e+02 4.827530070298516250e+14
2.694021651612898154e+02 4.818017862581995000e+14
2.697153709677414213e+02 4.808521782106461250e+14
2.700285767741930272e+02 4.799041794770934375e+14
2.703417825806446331e+02 4.789577866474430625e+14
2.706549883870962390e+02 4.780129963115968750e+14
2.709681941935478449e+02 4.770698050594566250e+14
2.712813999999994508e+02 4.761282094809241875e+14
2.715946058064510567e+02 4.751882061659012500e+14
2.719078116129027194e+02 4.742497917042896250e+14
2.722210174193543253e+02 4.733129626859911250e+14
2.725342232258059312e+02 4.723777157009076875e+14
2.728474290322575371e+02 4.714440473389410000e+14
2.731606348387091430e+02 4.705119541899928750e+14
2.734738406451607489e+02 4.695814328439649375e+14
2.737870464516123548e+02 4.686524798907592500e+14
2.741002522580639607e+02 4.677250919202773750e+14
2.744134580645155665e+02 4.667992655224213750e+14
2.747266638709672293e+02 4.658749972870928750e+14
2.750398696774188352e+02 4.649522838041936875e+14
2.753530754838704411e+02 4.640311216636256250e+14
2.756662812903220470e+02 4.631115074552905000e+14
2.759794870967736529e+02 4.621934377690901250e+14
2.762926929032252588e+02 4.612769091949262500e+14
2.766058987096768647e+02 4.603619183227007500e+14
2.769191045161284706e+02 4.594484617423151875e+14
2.772323103225801333e+02 4.585365360436715625e+14
2.775455161290317392e+02 4.576261378166717500e+14
2.778587219354833451e+02 4.567172636512173750e+14
2.781719277419349510e+02 4.558099101372103125e+14
2.784851335483865569e+02 4.549040738645523750e+14
2.787983393548381628e+02 4.539997514231452500e+14
2.791115451612897687e+02 4.530969394028908750e+14
2.794247509677413746e+02 4.521956343936910625e+14
2.797379567741929804e+02 4.512958329854473750e+14
2.800511625806446432e+02 4.503975317680618750e+14
2.803643683870962491e+02 4.495007273314361250e+14
2.806775741935478550e+02 4.486054162654721250e+14
2.809907799999994609e+02 4.477115951600716875e+14
2.813039858064510668e+02 4.468192606051365000e+14
2.816171916129026727e+02 4.459284091905683125e+14
2.819303974193542786e+02 4.450390375062691250e+14
2.822436032258058844e+02 4.441511421421405000e+14
2.825568090322574903e+02 4.432647196880842500e+14
2.828700148387091531e+02 4.423797667340023125e+14
2.831832206451607590e+02 4.414962798697963750e+14
2.834964264516123649e+02 4.406142556853683750e+14
2.838096322580639708e+02 4.397336907706200000e+14
2.841228380645155767e+02 4.388545817154531250e+14
2.844360438709671826e+02 4.379769251097693750e+14
2.847492496774187885e+02 4.371007175434707500e+14
2.850624554838703943e+02 4.362259556064588750e+14
2.853756612903220002e+02 4.353526358886356250e+14
2.856888670967736630e+02 4.344807549799028125e+14
2.860020729032252689e+02 4.336103094701623125e+14
2.863152787096768748e+02 4.327412959493157500e+14
2.866284845161284807e+02 4.318737110072651875e+14
2.869416903225800866e+02 4.310075512339121250e+14
2.872548961290316925e+02 4.301428132191584375e+14
2.875681019354832983e+02 4.292794935529060000e+14
2.878813077419349042e+02 4.284175888250565000e+14
2.881945135483865101e+02 4.275570956255118750e+14
2.885077193548381729e+02 4.266980105441738750e+14
2.888209251612897788e+02 4.258403301709441875e+14
2.891341309677413847e+02 4.249840510957247500e+14
2.894473367741929906e+02 4.241291699084173750e+14
2.897605425806445965e+02 4.232756831989237500e+14
2.900737483870962024e+02 4.224235875571456875e+14
2.903869541935478082e+02 4.215728795729850625e+14
2.907001599999994141e+02 4.207235558363436250e+14
2.910133658064510200e+02 4.198756129371230625e+14
2.913265716129026828e+02 4.190290474652252500e+14
2.916397774193542887e+02 4.181838560105520625e+14
2.919529832258058946e+02 4.173400351630052500e+14
2.922661890322575005e+02 4.164975815124866875e+14
2.925793948387091064e+02 4.156564916488981250e+14
2.928926006451607122e+02 4.148167621621411875e+14
2.932058064516123181e+02 4.139783896421178125e+14
2.935190122580639240e+02 4.131413706787298125e+14
2.938322180645155868e+02 4.123057018618788750e+14
2.941454238709671927e+02 4.114713797814671250e+14
2.944586296774187986e+02 4.106384010273959375e+14
2.947718354838704045e+02 4.098067621895673750e+14
2.950850412903220104e+02 4.089764598578831250e+14
2.953982470967736162e+02 4.081474906222450625e+14
2.957114529032252221e+02 4.073198510725549375e+14
2.960246587096768280e+02 4.064935377987145000e+14
2.963378645161284339e+02 4.056685473906256250e+14
2.966510703225800967e+02 4.048448764381900000e+14
2.969642761290317026e+02 4.040225215313095000e+14
2.972774819354833085e+02 4.032014792598860000e+14
2.975906877419349144e+02 4.023817462138212500e+14
2.979038935483865203e+02 4.015633189830170000e+14
2.982170993548381261e+02 4.007461941573750000e+14
2.985303051612897320e+02 3.999303683267971250e+14
2.988435109677413379e+02 3.991158380811852500e+14
2.991567167741929438e+02 3.983026000104408750e+14
2.994699225806446066e+02 3.974906507044661250e+14
2.997831283870962125e+02 3.966799867531626875e+14
3.000963341935478184e+02 3.958706047464323750e+14
3.004095399999994243e+02 3.950625012741770000e+14
3.007227458064510301e+02 3.942556729262981875e+14
3.010359516129026360e+02 3.934501162926978750e+14
3.013491574193542419e+02 3.926458279632779375e+14
3.016623632258058478e+02 3.918428045279400000e+14
3.019755690322574537e+02 3.910410425765859375e+14
3.022887748387091165e+02 3.902405386991175000e+14
3.026019806451607224e+02 3.894412894854366250e+14
3.029151864516123283e+02 3.886432915254449375e+14
3.032283922580639342e+02 3.878465414090444375e+14
3.035415980645155400e+02 3.870510357261367500e+14
3.038548038709671459e+02 3.862567710666238125e+14
3.041680096774187518e+02 3.854637440204072500e+14
3.044812154838703577e+02 3.846719511773888750e+14
3.047944212903219636e+02 3.838813891274706250e+14
3.051076270967736264e+02 3.830920544605542500e+14
3.054208329032252323e+02 3.823039437665413750e+14
3.057340387096768382e+02 3.815170536353340625e+14
3.060472445161284440e+02 3.807313806568340000e+14
3.063604503225800499e+02 3.799469214209430000e+14
3.066736561290316558e+02 3.791636725175627500e+14
3.069868619354832617e+02 3.783816305365952500e+14
3.073000677419348676e+02 3.776007920679421250e+14
3.076132735483864735e+02 3.768211537015051875e+14
3.079264793548381363e+02 3.760427120271862500e+14
3.082396851612897422e+02 3.752654636348871875e+14
3.085528909677413480e+02 3.744894051145097500e+14
3.088660967741929539e+02 3.737145330559556875e+14
3.091793025806445598e+02 3.729408440491268750e+14
3.094925083870961657e+02 3.721683346839251250e+14
3.098057141935477716e+02 3.713970015502521250e+14
3.101189199999993775e+02 3.706268412380096250e+14
3.104321258064510403e+02 3.698578503370995625e+14
3.107453316129026462e+02 3.690900254374237500e+14
3.110585374193542521e+02 3.683233631288838750e+14
3.113717432258058579e+02 3.675578600013818750e+14
3.116849490322574638e+02 3.667935126448195000e+14
3.119981548387090697e+02 3.660303176490984375e+14
3.123113606451606756e+02 3.652682716041206250e+14
3.126245664516122815e+02 3.645073710997877500e+14
3.129377722580638874e+02 3.637476127260016250e+14
3.132509780645155502e+02 3.629889930726641250e+14
3.135641838709671561e+02 3.622315087296768750e+14
3.138773896774187619e+02 3.614751562869418125e+14
3.141905954838703678e+02 3.607199323343608750e+14
3.145038012903219737e+02 3.599658334618356250e+14
3.148170070967735796e+02 3.592128562592680000e+14
3.151302129032251855e+02 3.584609973165596250e+14
3.154434187096767914e+02 3.577102532236123750e+14
3.157566245161283973e+02 3.569606205703281250e+14
3.160698303225800601e+02 3.562120959466086250e+14
3.163830361290316660e+02 3.554646759423556250e+14
3.166962419354832718e+02 3.547183571474710625e+14
3.170094477419348777e+02 3.539731361518566875e+14
3.173226535483864836e+02 3.532290095454141250e+14
3.176358593548380895e+02 3.524859739180453125e+14
3.179490651612896954e+02 3.517440258596521250e+14
3.182622709677413013e+02 3.510031619601361250e+14
3.185754767741929072e+02 3.502633788093993750e+14
3.188886825806445700e+02 3.495246729973435000e+14
3.192018883870961758e+02 3.487870411138702500e+14
3.195150941935477817e+02 3.480504797488816250e+14
3.198282999999993876e+02 3.473149854922792500e+14
3.201415058064509935e+02 3.465805549339650000e+14
3.204547116129025994e+02 3.458471846638406875e+14
3.207679174193542053e+02 3.451148712718081250e+14
3.210811232258058112e+02 3.443836113477690000e+14
3.213943290322574171e+02 3.436534014816251875e+14
3.217075348387090798e+02 3.429242382632785000e+14
3.220207406451606857e+02 3.421961182826306250e+14
3.223339464516122916e+02 3.414690381295835000e+14
3.226471522580638975e+02 3.407429943940388750e+14
3.229603580645155034e+02 3.400179836658985000e+14
3.232735638709671093e+02 3.392940025350642500e+14
3.235867696774187152e+02 3.385710475914378750e+14
3.238999754838703211e+02 3.378491154249211250e+14
3.242131812903219270e+02 3.371282026254158750e+14
3.245263870967735897e+02 3.364083057828238750e+14
3.248395929032251956e+02 3.356894214870468750e+14
3.251527987096768015e+02 3.349715463279868750e+14
3.254660045161284074e+02 3.342546768955455000e+14
3.257792103225800133e+02 3.335388097796246250e+14
3.260924161290316192e+02 3.328239415701260000e+14
3.264056219354832251e+02 3.321100688569513750e+14
3.267188277419348310e+02 3.313971882300025625e+14
3.270320335483864937e+02 3.306852962791813750e+14
3.273452393548380996e+02 3.299743895943896875e+14
3.276584451612897055e+02 3.292644647655292500e+14
3.279716509677413114e+02 3.285555183825018750e+14
3.282848567741929173e+02 3.278475470352093750e+14
3.285980625806445232e+02 3.271405473135535000e+14
3.289112683870961291e+02 3.264345158074360000e+14
3.292244741935477350e+02 3.257294491067587500e+14
3.295376799999993409e+02 3.250253438014235000e+14
3.298508858064510036e+02 3.243221964813320000e+14
3.301640916129026095e+02 3.236200037363861250e+14
3.304772974193542154e+02 3.229187621564877500e+14
3.307905032258058213e+02 3.222184683315386250e+14
3.311037090322574272e+02 3.215191188514405000e+14
3.314169148387090331e+02 3.208207103060951250e+14
3.317301206451606390e+02 3.201232392854043750e+14
3.320433264516122449e+02 3.194267023792700625e+14
3.323565322580638508e+02 3.187310961775938750e+14
3.326697380645155135e+02 3.180364172702776250e+14
3.329829438709671194e+02 3.173426622472232500e+14
3.332961496774187253e+02 3.166498276983324375e+14
3.336093554838703312e+02 3.159579102135070625e+14
3.339225612903219371e+02 3.152669063826488750e+14
3.342357670967735430e+02 3.145768127956596875e+14
3.345489729032251489e+02 3.138876260424412500e+14
3.348621787096767548e+02 3.131993427128953750e+14
3.351753845161283607e+02 3.125119593969238125e+14
3.354885903225800234e+02 3.118254726844283750e+14
3.358017961290316293e+02 3.111398791653110625e+14
3.361150019354832352e+02 3.104551754294735000e+14
3.364282077419348411e+02 3.097713580668174375e+14
3.367414135483864470e+02 3.090884236672447500e+14
3.370546193548380529e+02 3.084063688206572500e+14
3.373678251612896588e+02 3.077251901169566250e+14
3.376810309677412647e+02 3.070448841460447500e+14
3.379942367741928706e+02 3.063654474978235000e+14
3.383074425806445333e+02 3.056868767621945000e+14
3.386206483870961392e+02 3.050091685290596875e+14
3.389338541935477451e+02 3.043323193883208125e+14
3.392470599999993510e+02 3.036563259298797500e+14
3.395602658064509569e+02 3.029811847436381250e+14
3.398734716129025628e+02 3.023068924194978750e+14
3.401866774193541687e+02 3.016334455473608125e+14
3.404998832258057746e+02 3.009608407171285625e+14
3.408130890322573805e+02 3.002890745187030625e+14
3.411262948387090432e+02 2.996181435419860000e+14
3.414395006451606491e+02 2.989480443768793125e+14
3.417527064516122550e+02 2.982787736132847500e+14
3.420659122580638609e+02 2.976103278411040625e+14
3.423791180645154668e+02 2.969427036502391250e+14
3.426923238709670727e+02 2.962758976305917500e+14
3.430055296774186786e+02 2.956099063720635625e+14
3.433187354838702845e+02 2.949447264645565000e+14
3.436319412903219472e+02 2.942803544979723750e+14
3.439451470967735531e+02 2.936167870622128125e+14
3.442583529032251590e+02 2.929540207471798125e+14
3.445715587096767649e+02 2.922920521427751875e+14
3.448847645161283708e+02 2.916308778389005625e+14
3.451979703225799767e+02 2.909704944254578750e+14
3.455111761290315826e+02 2.903108984923487500e+14
3.458243819354831885e+02 2.896520866294751875e+14
3.461375877419347944e+02 2.889940554267388750e+14
3.464507935483864571e+02 2.883368014740416250e+14
3.467639993548380630e+02 2.876803213612852500e+14
3.470772051612896689e+02 2.870246116783715625e+14
3.473904109677412748e+02 2.863696690152023125e+14
3.477036167741928807e+02 2.857154899616793750e+14
3.480168225806444866e+02 2.850620711077043750e+14
3.483300283870960925e+02 2.844094090431793125e+14
3.486432341935476984e+02 2.837575003580058750e+14
3.489564399999993043e+02 2.831063416420858750e+14
3.492696458064509670e+02 2.824559294853210625e+14
3.495828516129025729e+02 2.818062604776132500e+14
3.498960574193541788e+02 2.811573312088643750e+14
3.502092632258057847e+02 2.805091382689761562e+14
3.505224690322573906e+02 2.798616782478503125e+14
3.508356748387089965e+02 2.792149477353887812e+14
3.511488806451606024e+02 2.785689433214932188e+14
3.514620864516122083e+02 2.779236615960654688e+14
3.517752922580638142e+02 2.772790991490073125e+14
3.520884980645154769e+02 2.766352525702205625e+14
3.524017038709670828e+02 2.759921184496070312e+14
3.527149096774186887e+02 2.753496933770685312e+14
3.530281154838702946e+02 2.747079739425069062e+14
3.533413212903219005e+02 2.740669567358238438e+14
3.536545270967735064e+02 2.734266383469211562e+14
3.539677329032251123e+02 2.727870153657006875e+14
3.542809387096767182e+02 2.721480843820641562e+14
3.545941445161283241e+02 2.715098419859134688e+14
3.549073503225799868e+02 2.708722847671503750e+14
3.552205561290315927e+02 2.702354093156766250e+14
3.555337619354831986e+02 2.695992122213940625e+14
3.558469677419348045e+02 2.689636900742045000e+14
3.561601735483864104e+02 2.683288394640097500e+14
3.564733793548380163e+02 2.676946569807115938e+14
3.567865851612896222e+02 2.670611392142117812e+14
3.570997909677412281e+02 2.664282827544121250e+14
3.574129967741928908e+02 2.657960841912143750e+14
3.577262025806444967e+02 2.651645401145204375e+14
3.580394083870961026e+02 2.645336471142320625e+14
3.583526141935477085e+02 2.639034017802510938e+14
3.586658199999993144e+02 2.632738007024792500e+14
3.589790258064509203e+02 2.626448404708183750e+14
3.592922316129025262e+02 2.620165176751702500e+14
3.596054374193541321e+02 2.613888289054366250e+14
3.599186432258057380e+02 2.607617707515193438e+14
3.602318490322574007e+02 2.601353398033202188e+14
3.605450548387090066e+02 2.595095326507410312e+14
3.608582606451606125e+02 2.588843458836835625e+14
3.611714664516122184e+02 2.582597760920496250e+14
3.614846722580638243e+02 2.576358198657410625e+14
3.617978780645154302e+02 2.570124737946596250e+14
3.621110838709670361e+02 2.563897344687071250e+14
3.624242896774186420e+02 2.557675984777852812e+14
3.627374954838702479e+02 2.551460624117960000e+14
3.630507012903219106e+02 2.545251228606409688e+14
3.633639070967735165e+02 2.539047764142220625e+14
3.636771129032251224e+02 2.532850196624410625e+14
3.639903187096767283e+02 2.526658491951998750e+14
3.643035245161283342e+02 2.520472616024001250e+14
3.646167303225799401e+02 2.514292534739436562e+14
3.649299361290315460e+02 2.508118213997323438e+14
3.652431419354831519e+02 2.501949619696678750e+14
3.655563477419347578e+02 2.495786717736520625e+14
3.658695535483864205e+02 2.489629474015867500e+14
3.661827593548380264e+02 2.483477854433736875e+14
3.664959651612896323e+02 2.477331824889148125e+14
3.668091709677412382e+02 2.471191351281117812e+14
3.671223767741928441e+02 2.465056399508664375e+14
3.674355825806444500e+02 2.458926935470805625e+14
3.677487883870960559e+02 2.452802925066559688e+14
3.680619941935476618e+02 2.446684334194944062e+14
3.683751999999992677e+02 2.440571128754977500e+14
3.686884058064509304e+02 2.434463274645676875e+14
3.690016116129025363e+02 2.428360737766061250e+14
3.693148174193541422e+02 2.422263484015148125e+14
3.696280232258057481e+02 2.416171479291955625e+14
3.699412290322573540e+02 2.410084689495501875e+14
3.702544348387089599e+02 2.404003080524804375e+14
3.705676406451605658e+02 2.397926618278881562e+14
3.708808464516121717e+02 2.391855268656751250e+14
3.711940522580637776e+02 2.385788997557430625e+14
3.715072580645154403e+02 2.379727770879938750e+14
3.718204638709670462e+02 2.373671554523292500e+14
3.721336696774186521e+02 2.367620314386511250e+14
3.724468754838702580e+02 2.361574016368612812e+14
3.727600812903218639e+02 2.355532626368614375e+14
3.730732870967734698e+02 2.349496110285533750e+14
3.733864929032250757e+02 2.343464434018389375e+14
3.736996987096766816e+02 2.337437563466199062e+14
3.740129045161283443e+02 2.331415464527980625e+14
3.743261103225799502e+02 2.325398103102752812e+14
3.746393161290315561e+02 2.319385445089532500e+14
3.749525219354831620e+02 2.313377456387339062e+14
3.752657277419347679e+02 2.307374102895189375e+14
3.755789335483863738e+02 2.301375350512101875e+14
3.758921393548379797e+02 2.295381165137094375e+14
3.762053451612895856e+02 2.289391512669184375e+14
3.765185509677411915e+02 2.283406359007390000e+14
3.768317567741928542e+02 2.277425670050729688e+14
3.771449625806444601e+02 2.271449411698220938e+14
3.774581683870960660e+02 2.265477549848882500e+14
3.777713741935476719e+02 2.259510050401732188e+14
3.780845799999992778e+02 2.253546879255787500e+14
3.783977858064508837e+02 2.247588002310066875e+14
3.787109916129024896e+02 2.241633385463586875e+14
3.790241974193540955e+02 2.235682994615367500e+14
3.793374032258057014e+02 2.229736795664425000e+14
3.796506090322573641e+02 2.223794754509778125e+14
3.799638148387089700e+02 2.217856837050445000e+14
3.802770206451605759e+02 2.211923009185443750e+14
3.805902264516121818e+02 2.205993236813791875e+14
3.809034322580637877e+02 2.200067485834507500e+14
3.812166380645153936e+02 2.194145722146608750e+14
3.815298438709669995e+02 2.188227911649113438e+14
3.818430496774186054e+02 2.182314020241039375e+14
3.821562554838702113e+02 2.176404013821404375e+14
3.824694612903218740e+02 2.170497858289226250e+14
3.827826670967734799e+02 2.164595519543524375e+14
3.830958729032250858e+02 2.158696963483315938e+14
3.834090787096766917e+02 2.152802156007618750e+14
3.837222845161282976e+02 2.146911063015450625e+14
3.840354903225799035e+02 2.141023650405829375e+14
3.843486961290315094e+02 2.135139884077773750e+14
3.846619019354831153e+02 2.129259729930301250e+14
3.849751077419347212e+02 2.123383153862429375e+14
3.852883135483863839e+02 2.117510121773176562e+14
3.856015193548379898e+02 2.111640599561560625e+14
3.859147251612895957e+02 2.105774553126600312e+14
3.862279309677412016e+02 2.099911948367313125e+14
3.865411367741928075e+02 2.094052751182716875e+14
3.868543425806444134e+02 2.088196927471829375e+14
3.871675483870960193e+02 2.082344443133669375e+14
3.874807541935476252e+02 2.076495264067253750e+14
3.877939599999992311e+02 2.070649356171600625e+14
3.881071658064508938e+02 2.064806685345728438e+14
3.884203716129024997e+02 2.058967217488655000e+14
3.887335774193541056e+02 2.053130918499398438e+14
3.890467832258057115e+02 2.047297754276977500e+14
3.893599890322573174e+02 2.041467690720408125e+14
3.896731948387089233e+02 2.035640693728710000e+14
3.899864006451605292e+02 2.029816729200900625e+14
3.902996064516121351e+02 2.023995763035997500e+14
3.906128122580637978e+02 2.018177761133018750e+14
3.909260180645154037e+02 2.012362689390982500e+14
3.912392238709670096e+02 2.006550513708907500e+14
3.915524296774186155e+02 2.000741199985811250e+14
3.918656354838702214e+02 1.994934714120710938e+14
3.921788412903218273e+02 1.989131022012625312e+14
3.924920470967734332e+02 1.983330089560571875e+14
3.928052529032250391e+02 1.977531882663568750e+14
3.931184587096766450e+02 1.971736367220634062e+14
3.934316645161283077e+02 1.965943509130785625e+14
3.937448703225799136e+02 1.960153274293041250e+14
3.940580761290315195e+02 1.954365628606419688e+14
3.943712819354831254e+02 1.948580537969938125e+14
3.946844877419347313e+02 1.942797968282615312e+14
3.949976935483863372e+02 1.937017885443468125e+14
3.953108993548379431e+02 1.931240255351515625e+14
3.956241051612895490e+02 1.925465043905775000e+14
3.959373109677411549e+02 1.919692217005264375e+14
3.962505167741928176e+02 1.913921740549001250e+14
3.965637225806444235e+02 1.908153580436004688e+14
3.968769283870960294e+02 1.902387702565291875e+14
3.971901341935476353e+02 1.896624072835881875e+14
3.975033399999992412e+02 1.890862657146791250e+14
3.978165458064508471e+02 1.885103421397039375e+14
3.981297516129024530e+02 1.879346331485642500e+14
3.984429574193540589e+02 1.873591353311620000e+14
3.987561632258056648e+02 1.867838452773988750e+14
3.990693690322573275e+02 1.862087595771767500e+14
3.993825748387089334e+02 1.856338748203973750e+14
3.996957806451605393e+02 1.850591875969625625e+14
4.000089864516121452e+02 1.844846944967742500e+14
4.003221922580637511e+02 1.839103921097340312e+14
4.006353980645153570e+02 1.833362770257438125e+14
4.009486038709669629e+02 1.827623458347053750e+14
4.012618096774185688e+02 1.821885951265204375e+14
4.015750154838701746e+02 1.816150214910908125e+14
4.018882212903218374e+02 1.810416215183184375e+14
4.022014270967734433e+02 1.804683917981049375e+14
4.025146329032250492e+02 1.798953289203522500e+14
4.028278387096766551e+02 1.793224294749620625e+14
4.031410445161282610e+02 1.787496900518362812e+14
4.034542503225798669e+02 1.781771072408766250e+14
4.037674561290314728e+02 1.776046776319849375e+14
4.040806619354830787e+02 1.770323978150629375e+14
4.043938677419346845e+02 1.764602643800124375e+14
4.047070735483863473e+02 1.758882739167353125e+14
4.050202793548379532e+02 1.753164230151332500e+14
4.053334851612895591e+02 1.747447082651081875e+14
4.056466909677411650e+02 1.741731262565618125e+14
4.059598967741927709e+02 1.736016735793960000e+14
4.062731025806443768e+02 1.730303468235124688e+14
4.065863083870959827e+02 1.724591425788130625e+14
4.068995141935475885e+02 1.718880574351995625e+14
4.072127199999992513e+02 1.713170879825736875e+14
4.075259258064508572e+02 1.707462308108373750e+14
4.078391316129024631e+02 1.701754825098924062e+14
4.081523374193540690e+02 1.696048396696405000e+14
4.084655432258056749e+02 1.690342988799835625e+14
4.087787490322572808e+02 1.684638567308232500e+14
4.090919548387088867e+02 1.678935098120614375e+14
4.094051606451604925e+02 1.673232547135999062e+14
4.097183664516120984e+02 1.667530880253404375e+14
4.100315722580637612e+02 1.661830063371848438e+14
4.103447780645153671e+02 1.656130062390349062e+14
4.106579838709669730e+02 1.650430843207925000e+14
4.109711896774185789e+02 1.644732371723593438e+14
4.112843954838701848e+02 1.639034613836372500e+14
4.115976012903217907e+02 1.633337535445280625e+14
4.119108070967733966e+02 1.627641102449335312e+14
4.122240129032250024e+02 1.621945280747554375e+14
4.125372187096766083e+02 1.616250036238956250e+14
4.128504245161282711e+02 1.610555334822558125e+14
4.131636303225798770e+02 1.604861142397378750e+14
4.134768361290314829e+02 1.599167424862435938e+14
4.137900419354830888e+02 1.593474148116747500e+14
4.141032477419346947e+02 1.587781278059331875e+14
4.144164535483863006e+02 1.582088780589206875e+14
4.147296593548379064e+02 1.576396621605390000e+14
4.150428651612895123e+02 1.570704767006898750e+14
4.153560709677411182e+02 1.565013182692752188e+14
4.156692767741927810e+02 1.559321834561968125e+14
4.159824825806443869e+02 1.553630688513563750e+14
4.162956883870959928e+02 1.547939710446558125e+14
4.166088941935475987e+02 1.542248866259968750e+14
4.169220999999992046e+02 1.536558121852813750e+14
4.172353058064508105e+02 1.530867443124110625e+14
4.175485116129024163e+02 1.525176795972877812e+14
4.178617174193540222e+02 1.519486146298132812e+14
4.181749232258056281e+02 1.513795459998893750e+14
4.184881290322572909e+02 1.508104702974178750e+14
4.188013348387088968e+02 1.502413841123005625e+14
4.191145406451605027e+02 1.496722840344392812e+14
4.194277464516121086e+02 1.491031666537357812e+14
4.197409522580637145e+02 1.485340285600918750e+14
4.200541580645153203e+02 1.479648663434093750e+14
4.203673638709669262e+02 1.473956765935900312e+14
4.206805696774185321e+02 1.468264559005356562e+14
4.209937754838701949e+02 1.462572008541480625e+14
4.213069812903218008e+02 1.456879080443290625e+14
4.216201870967734067e+02 1.451185740609804062e+14
4.219333929032250126e+02 1.445491954940040000e+14
4.222465987096766185e+02 1.439797689333015000e+14
4.225598045161282243e+02 1.434102909687747500e+14
4.228730103225798302e+02 1.428407581903256875e+14
4.231862161290314361e+02 1.422711671878558750e+14
4.234994219354830420e+02 1.417015145512671875e+14
4.238126277419347048e+02 1.411317968704615000e+14
4.241258335483863107e+02 1.405620107353405312e+14
4.244390393548379166e+02 1.399921527358061250e+14
4.247522451612895225e+02 1.394222194617601094e+14
4.250654509677411284e+02 1.388522075031041875e+14
4.253786567741927342e+02 1.382821134497402656e+14
4.256918625806443401e+02 1.377119338915700312e+14
4.260050683870959460e+02 1.371416654184953281e+14
4.263182741935475519e+02 1.365713046204179375e+14
4.266314799999992147e+02 1.360008480872396875e+14
4.269446858064508206e+02 1.354302924088623438e+14
4.272578916129024265e+02 1.348596341751877500e+14
4.275710974193540324e+02 1.342888699761177031e+14
4.278843032258056382e+02 1.337179964015539531e+14
4.281975090322572441e+02 1.331470100413982969e+14
4.285107148387088500e+02 1.325759074855525938e+14
4.288239206451604559e+02 1.320046853239185625e+14
4.291371264516120618e+02 1.314333401463980000e+14
4.294503322580637246e+02 1.308618685428927500e+14
4.297635380645153305e+02 1.302902671033045938e+14
4.300767438709669364e+02 1.297185324175353750e+14
4.303899496774185423e+02 1.291466610754868438e+14
4.307031554838701481e+02 1.285746496670608125e+14
4.310163612903217540e+02 1.280024947821590625e+14
4.313295670967733599e+02 1.274301930106834062e+14
4.316427729032249658e+02 1.268577409425355938e+14
4.319559787096765717e+02 1.262851351676174531e+14
4.322691845161282345e+02 1.257123722758307969e+14
4.325823903225798404e+02 1.251394488570773906e+14
4.328955961290314463e+02 1.245663615012590938e+14
4.332088019354830521e+02 1.239931067982776719e+14
4.335220077419346580e+02 1.234196813380349062e+14
4.338352135483862639e+02 1.228460817104326094e+14
4.341484193548378698e+02 1.222723045053725781e+14
4.344616251612894757e+02 1.216983463127565781e+14
4.347748309677410816e+02 1.211242037224864062e+14
4.350880367741927444e+02 1.205498733244638906e+14
4.354012425806443503e+02 1.199753517085908125e+14
4.357144483870959562e+02 1.194006354647690000e+14
4.360276541935475620e+02 1.188257211829002344e+14
4.363408599999991679e+02 1.182506054528863125e+14
4.366540658064507738e+02 1.176752848646290469e+14
4.369672716129023797e+02 1.170997560080301875e+14
4.372804774193539856e+02 1.165240154729915312e+14
4.375936832258056484e+02 1.159480598494149062e+14
4.379068890322572543e+02 1.153718857272020938e+14
4.382200948387088602e+02 1.147954896962549062e+14
4.385333006451604660e+02 1.142188683464751875e+14
4.388465064516120719e+02 1.136420182677646562e+14
4.391597122580636778e+02 1.130649360500251562e+14
4.394729180645152837e+02 1.124876182831584688e+14
4.397861238709668896e+02 1.119100615570663594e+14
4.400993296774184955e+02 1.113322624616506406e+14
4.404125354838701583e+02 1.107542175868130938e+14
4.407257412903217642e+02 1.101759235224555625e+14
4.410389470967733700e+02 1.095973768584798438e+14
4.413521529032249759e+02 1.090185741847877344e+14
4.416653587096765818e+02 1.084395120912810156e+14
4.419785645161281877e+02 1.078601871678614688e+14
4.422917703225797936e+02 1.072805960044309375e+14
4.426049761290313995e+02 1.067007351908911562e+14
4.429181819354830054e+02 1.061206013171439219e+14
4.432313877419346682e+02 1.055401909730910625e+14
4.435445935483862741e+02 1.049595007486343750e+14
4.438577993548378799e+02 1.043785272336756562e+14
4.441710051612894858e+02 1.037972670181167500e+14
4.444842109677410917e+02 1.032157166918593750e+14
4.447974167741926976e+02 1.026338728448053750e+14
4.451106225806443035e+02 1.020517320668565625e+14
4.454238283870959094e+02 1.014692909479146562e+14
4.457370341935475153e+02 1.008865460778814844e+14
4.460502399999991781e+02 1.003034940466588438e+14
4.463634458064507839e+02 9.972013144414859375e+13
4.466766516129023898e+02 9.913645486025246875e+13
4.469898574193539957e+02 9.855246088487231250e+13
4.473030632258056016e+02 9.796814610790987500e+13
4.476162690322572075e+02 9.738350711926700000e+13
4.479294748387088134e+02 9.679854050884543750e+13
4.482426806451604193e+02 9.621324286654698438e+13
4.485558864516120252e+02 9.562761078227345312e+13
4.488690922580636880e+02 9.504164084592662500e+13
4.491822980645152938e+02 9.445532964740831250e+13
4.494955038709668997e+02 9.386867377662034375e+13
4.498087096774185056e+02 9.328166982346450000e+13
4.501219154838701115e+02 9.269431437784256250e+13
4.504351212903217174e+02 9.210660402965634375e+13
4.507483270967733233e+02 9.151853536880764062e+13
4.510615329032249292e+02 9.093010498519820312e+13
4.513747387096765351e+02 9.034130946872985938e+13
4.516879445161281978e+02 8.975214540930440625e+13
4.520011503225798037e+02 8.916260939682365625e+13
4.523143561290314096e+02 8.857269802118937500e+13
4.526275619354830155e+02 8.798240787230343750e+13
4.529407677419346214e+02 8.739173554006756250e+13
4.532539735483862273e+02 8.680067761438359375e+13
4.535671793548378332e+02 8.620923068515326562e+13
4.538803851612894391e+02 8.561739134227842188e+13
4.541935909677411018e+02 8.502515617566081250e+13
4.545067967741927077e+02 8.443252177520229688e+13
4.548200025806443136e+02 8.383948473080465625e+13
4.551332083870959195e+02 8.324604163236971875e+13
4.554464141935475254e+02 8.265218906979921875e+13
4.557596199999991313e+02 8.205792363299495312e+13
4.560728258064507372e+02 8.146324191185878125e+13
4.563860316129023431e+02 8.086814049629242188e+13
4.566992374193539490e+02 8.027261597619771875e+13
4.570124432258056117e+02 7.967666494147645312e+13
4.573256490322572176e+02 7.908028398203042188e+13
4.576388548387088235e+02 7.848346968776143750e+13
4.579520606451604294e+02 7.788621864857134375e+13
4.582652664516120353e+02 7.728852745436187500e+13
4.585784722580636412e+02 7.669039269503484375e+13
4.588916780645152471e+02 7.609181096049203125e+13
4.592048838709668530e+02 7.549277884063521875e+13
4.595180896774184589e+02 7.489329292536621875e+13
4.598312954838701216e+02 7.429334980458682812e+13
4.601445012903217275e+02 7.369294606819887500e+13
4.604577070967733334e+02 7.309207830610412500e+13
4.607709129032249393e+02 7.249074310820443750e+13
4.610841187096765452e+02 7.188893706440153125e+13
4.613973245161281511e+02 7.128665676459725000e+13
4.617105303225797570e+02 7.068389879869337500e+13
4.620237361290313629e+02 7.008065975659168750e+13
4.623369419354829688e+02 6.947693622819396875e+13
4.626501477419346315e+02 6.887272480340203906e+13
4.629633535483862374e+02 6.826802207211769531e+13
4.632765593548378433e+02 6.766282462424278125e+13
4.635897651612894492e+02 6.705712904967906250e+13
4.639029709677410551e+02 6.645093193832832031e+13
4.642161767741926610e+02 6.584422988009235156e+13
4.645293825806442669e+02 6.523701946487297656e+13
4.648425883870958728e+02 6.462929387247374219e+13
4.651557941935474787e+02 6.402105651299286719e+13
4.654689999999991414e+02 6.341230738643035156e+13
