-2.000000000000000000e+01 1.643778099586059326e+12
-1.968750000000000000e+01 1.286318639123061768e+12
-1.937500000000000000e+01 9.393110628875903320e+11
-1.906250000000000000e+01 6.027553708796450195e+11
-1.875000000000000000e+01 2.766515630992258301e+11
-1.843750000000000000e+01 -3.900036045366708374e+10
-1.812500000000000000e+01 -3.442003997790336914e+11
-1.781250000000000000e+01 -6.389485548768740234e+11
-1.750000000000000000e+01 -9.232448257471881104e+11
-1.718750000000000000e+01 -1.197089212389975830e+12
-1.687500000000000000e+01 -1.460481714805237305e+12
-1.656250000000000000e+01 -1.713422332992972412e+12
-1.625000000000000000e+01 -1.955911066953181396e+12
-1.593750000000000000e+01 -2.187947916685864258e+12
-1.562500000000000000e+01 -2.409532882191020508e+12
-1.531250000000000000e+01 -2.620665963468650391e+12
-1.500000000000000000e+01 -2.821347160518754395e+12
-1.468750000000000000e+01 -3.011576473341332031e+12
-1.437500000000000000e+01 -3.191353901936382812e+12
-1.406250000000000000e+01 -3.360679446303908203e+12
-1.375000000000000000e+01 -3.519553106443906738e+12
-1.343750000000000000e+01 -3.667974882356378906e+12
-1.312500000000000000e+01 -3.805944774041325195e+12
-1.281250000000000000e+01 -3.933462781498745117e+12
-1.250000000000000000e+01 -4.050528904728638672e+12
-1.218750000000000000e+01 -4.157143143731005371e+12
-1.187500000000000000e+01 -4.253305498505846191e+12
-1.156250000000000000e+01 -4.339015969053161133e+12
-1.125000000000000000e+01 -4.414274555372949219e+12
-1.093750000000000000e+01 -4.479081257465211914e+12
-1.062500000000000000e+01 -4.533436075329947266e+12
-1.031250000000000000e+01 -4.577339008967157227e+12
-1.000000000000000000e+01 -4.610790058376857422e+12
-9.687500000000000000e+00 -4.629922376451493164e+12
-9.375000000000000000e+00 -4.644978398013972656e+12
-9.062500000000000000e+00 -4.659238426015591797e+12
-8.750000000000000000e+00 -4.682987164117525391e+12
-8.437500000000000000e+00 -4.698773374452455078e+12
-8.125000000000000000e+00 -4.689212252855578125e+12
-7.812500000000000000e+00 -4.649030531491751953e+12
-7.500000000000000000e+00 -4.600791156185436523e+12
-7.187500000000000000e+00 -4.558483221566944336e+12
-6.875000000000000000e+00 -4.538652021179780273e+12
-6.562500000000000000e+00 -4.532268580785132812e+12
-6.250000000000000000e+00 -4.515701590668263672e+12
-5.937500000000000000e+00 -4.484482340338847656e+12
-5.625000000000000000e+00 -4.451277797357564453e+12
-5.312500000000000000e+00 -4.416357076663197266e+12
-5.000000000000000000e+00 -4.372642924551288086e+12
-4.687500000000000000e+00 -4.319354437798994629e+12
-4.375000000000000000e+00 -4.244231903075043457e+12
-4.062500000000000000e+00 -4.134595375886449219e+12
-3.750000000000000000e+00 -3.999924827509130371e+12
-3.437500000000000000e+00 -3.844762808867602051e+12
-3.125000000000000000e+00 -3.674514165696538086e+12
-2.812500000000000000e+00 -3.498347619099901367e+12
-2.500000000000000000e+00 -3.329473594683522949e+12
-2.187500000000000000e+00 -3.171673858942034668e+12
-1.875000000000000000e+00 -3.017890416146843750e+12
-1.562500000000000000e+00 -2.860229805376874023e+12
-1.250000000000000000e+00 -2.691904659437148438e+12
-9.375000000000000000e-01 -2.506648127283724609e+12
-6.250000000000000000e-01 -2.308233650027481445e+12
-3.125000000000000000e-01 -2.102468727037605469e+12
0.000000000000000000e+00 -1.879851144035478271e+12
3.125000000000000000e-01 -1.644532193137599121e+12
6.250000000000000000e-01 -5.344255408422458008e+12
9.375000000000000000e-01 3.237379438281463623e+11
1.250000000000000000e+00 1.270668240534423438e+13
1.562500000000000000e+00 2.874035858802244141e+13
1.875000000000000000e+00 4.489449625882025000e+13
2.187500000000000000e+00 5.712569444404608594e+13
2.500000000000000000e+00 6.084239532665496875e+13
2.812500000000000000e+00 6.863363148311081250e+13
3.125000000000000000e+00 7.706158236372271875e+13
3.437500000000000000e+00 8.615111914915550000e+13
3.750000000000000000e+00 9.592711302007390625e+13
4.062500000000000000e+00 1.064144351571427500e+14
4.375000000000000000e+00 1.176379567410268125e+14
4.687500000000000000e+00 1.296225489523908750e+14
5.000000000000000000e+00 1.423930829718997500e+14
5.312500000000000000e+00 1.559744299802181875e+14
5.625000000000000000e+00 1.703914611580110000e+14
5.937500000000000000e+00 1.856690476859429375e+14
6.250000000000000000e+00 2.018320607446788438e+14
6.562500000000000000e+00 2.189065619008281875e+14
6.875000000000000000e+00 2.369215886858625000e+14
7.187500000000000000e+00 2.558966555436951250e+14
7.500000000000000000e+00 2.758310403571784375e+14
7.812500000000000000e+00 2.967002132902698125e+14
8.125000000000000000e+00 3.184594079458655625e+14
8.437500000000000000e+00 3.410543348393038750e+14
8.750000000000000000e+00 3.644336804507850625e+14
9.062500000000000000e+00 3.885473216464538750e+14
9.375000000000000000e+00 4.133451352924553750e+14
9.687500000000000000e+00 4.387769982549345000e+14
1.000000000000000000e+01 4.647927874000361250e+14
1.031250000000000000e+01 4.913423795939051250e+14
1.062500000000000000e+01 5.183756517026866875e+14
1.093750000000000000e+01 5.458424805925254375e+14
1.125000000000000000e+01 5.736927431295663750e+14
1.156250000000000000e+01 6.018763161799543750e+14
1.187500000000000000e+01 6.303430766098345000e+14
1.218750000000000000e+01 6.590429012853516250e+14
1.250000000000000000e+01 6.879256670726507500e+14
1.281250000000000000e+01 7.169412508378767500e+14
1.312500000000000000e+01 7.460395294471745000e+14
1.343750000000000000e+01 7.751701404806722500e+14
1.375000000000000000e+01 8.042821233034568750e+14
1.406250000000000000e+01 8.333264315687480000e+14
1.437500000000000000e+01 8.622580867920482500e+14
1.468750000000000000e+01 8.910368962091922500e+14
1.500000000000000000e+01 9.196267349182977500e+14
1.531250000000000000e+01 9.479933923056156250e+14
1.562500000000000000e+01 9.761020595423546250e+14
1.593750000000000000e+01 1.003917688513707375e+15
1.625000000000000000e+01 1.031405231104866125e+15
1.656250000000000000e+01 1.058529639201023250e+15
1.687500000000000000e+01 1.085255864687371750e+15
1.718750000000000000e+01 1.111548859449103500e+15
1.750000000000000000e+01 1.137373575371411000e+15
1.781250000000000000e+01 1.162694964339486750e+15
1.812500000000000000e+01 1.187477978238523250e+15
1.843750000000000000e+01 1.211687568953712750e+15
1.875000000000000000e+01 1.235288688370248000e+15
1.906250000000000000e+01 1.258246288373321250e+15
1.937500000000000000e+01 1.280525320848125000e+15
1.968750000000000000e+01 1.302090737679851500e+15
2.000000000000000000e+01 1.322907490753693500e+15
2.031250000000000000e+01 1.342940012543309750e+15
2.062500000000000000e+01 1.362151436993527000e+15
2.093750000000000000e+01 1.380509053341436500e+15
2.125000000000000000e+01 1.397988980820195250e+15
2.156250000000000000e+01 1.414577726893622000e+15
2.187500000000000000e+01 1.430270629021601250e+15
2.218750000000000000e+01 1.445067179956282500e+15
2.250000000000000000e+01 1.458965573920982000e+15
2.281250000000000000e+01 1.471963485727483000e+15
2.312500000000000000e+01 1.484058590187569500e+15
2.343750000000000000e+01 1.495248562113024000e+15
2.375000000000000000e+01 1.505531076315630250e+15
2.406250000000000000e+01 1.514903807607172000e+15
2.437500000000000000e+01 1.523364430799431750e+15
2.468750000000000000e+01 1.530910620704193750e+15
2.500000000000000000e+01 1.537540052133240500e+15
2.531250000000000000e+01 1.543250399898356000e+15
2.562500000000000000e+01 1.548039338811323000e+15
2.593750000000000000e+01 1.551904543683925500e+15
2.625000000000000000e+01 1.554843689327946500e+15
2.656250000000000000e+01 1.556854450555169000e+15
2.687500000000000000e+01 1.557934502177376500e+15
2.718750000000000000e+01 1.558080686657884750e+15
2.750000000000000000e+01 1.557287765588837500e+15
2.781250000000000000e+01 1.555557159350125500e+15
2.812500000000000000e+01 1.552904438245599000e+15
2.843750000000000000e+01 1.549361819548472000e+15
2.875000000000000000e+01 1.544975670455919000e+15
2.906250000000000000e+01 1.539799016952859500e+15
2.937500000000000000e+01 1.533882804153043000e+15
2.968750000000000000e+01 1.527277144821751500e+15
3.000000000000000000e+01 1.520032151724265000e+15
3.031250000000000000e+01 1.512197937625865250e+15
3.062500000000000000e+01 1.503824615291833500e+15
3.093750000000000000e+01 1.494962297487450500e+15
3.125000000000000000e+01 1.485661096977997500e+15
3.156250000000000000e+01 1.475971126528756000e+15
3.187500000000000000e+01 1.465942498905007000e+15
3.218750000000000000e+01 1.455625326872032000e+15
3.250000000000000000e+01 1.445069723195111500e+15
3.281250000000000000e+01 1.434325800639527000e+15
3.312500000000000000e+01 1.423443671970559500e+15
3.343750000000000000e+01 1.412473449953490500e+15
3.375000000000000000e+01 1.401466052861420500e+15
3.406250000000000000e+01 1.390474412737000000e+15
3.437500000000000000e+01 1.379545017560321000e+15
3.468750000000000000e+01 1.368710661678542250e+15
3.500000000000000000e+01 1.357988029282429000e+15
3.531250000000000000e+01 1.347380110929813000e+15
3.562500000000000000e+01 1.336883453115967750e+15
3.593750000000000000e+01 1.326496616105716000e+15
3.625000000000000000e+01 1.316218965671701000e+15
3.656250000000000000e+01 1.306049867586565000e+15
3.687500000000000000e+01 1.295988687622951250e+15
3.718750000000000000e+01 1.286034791553501750e+15
3.750000000000000000e+01 1.276187545150860000e+15
3.781250000000000000e+01 1.266446314187668250e+15
3.812500000000000000e+01 1.256810464436569000e+15
3.843750000000000000e+01 1.247279361670205500e+15
3.875000000000000000e+01 1.237852371661220000e+15
3.906250000000000000e+01 1.228528860182255500e+15
3.937500000000000000e+01 1.219308193005954500e+15
3.968750000000000000e+01 1.210189735904960000e+15
4.000000000000000000e+01 1.201172854651914500e+15
4.031250000000000000e+01 1.192256915019460500e+15
4.062500000000000000e+01 1.183441282780241250e+15
4.093750000000000000e+01 1.174725323706899000e+15
4.125000000000000000e+01 1.166108403572076750e+15
4.156250000000000000e+01 1.157589888148417000e+15
4.187500000000000000e+01 1.149169143208562500e+15
4.218750000000000000e+01 1.140845534525155750e+15
4.250000000000000000e+01 1.132618427870840000e+15
4.281250000000000000e+01 1.124487189018257500e+15
4.312500000000000000e+01 1.116451183740051250e+15
4.343750000000000000e+01 1.108509777808863875e+15
4.375000000000000000e+01 1.100662336997337750e+15
4.406250000000000000e+01 1.092908227078116125e+15
4.437500000000000000e+01 1.085246813823841375e+15
4.468750000000000000e+01 1.077677463007156250e+15
4.500000000000000000e+01 1.070199540400703500e+15
4.531250000000000000e+01 1.062812411777125875e+15
4.562500000000000000e+01 1.055515442909066000e+15
4.593750000000000000e+01 1.048307999569166750e+15
4.625000000000000000e+01 1.041189447530070625e+15
4.656250000000000000e+01 1.034159152564420250e+15
4.687500000000000000e+01 1.027216480444858625e+15
4.718750000000000000e+01 1.020360796944028250e+15
4.750000000000000000e+01 1.013591467834572250e+15
4.781250000000000000e+01 1.006907858889132875e+15
4.812500000000000000e+01 1.000309335880352750e+15
4.843750000000000000e+01 9.937952645808750000e+14
4.875000000000000000e+01 9.873650107633421250e+14
4.906250000000000000e+01 9.810179402003967500e+14
4.937500000000000000e+01 9.747534186646817500e+14
4.968750000000000000e+01 9.685708119288396250e+14
5.000000000000000000e+01 9.624694857655133750e+14
5.031250000000000000e+01 9.564488059473455000e+14
5.062500000000000000e+01 9.505081382469787500e+14
5.093750000000000000e+01 9.446468484370557500e+14
5.125000000000000000e+01 9.388643022902195000e+14
5.156250000000000000e+01 9.331598655791122500e+14
5.187500000000000000e+01 9.275329040763775000e+14
5.218750000000000000e+01 9.219827835546568750e+14
5.250000000000000000e+01 9.165088697865938750e+14
5.281250000000000000e+01 9.111105285448310000e+14
5.312500000000000000e+01 9.057871256020110000e+14
5.343750000000000000e+01 9.005380267307763750e+14
5.375000000000000000e+01 8.953625977037700000e+14
5.406250000000000000e+01 8.902602042936345000e+14
5.437500000000000000e+01 8.852302122730127500e+14
5.468750000000000000e+01 8.802719874145472500e+14
5.500000000000000000e+01 8.753848954908807500e+14
5.531250000000000000e+01 8.705683022746562500e+14
5.562500000000000000e+01 8.658215735385162500e+14
5.593750000000000000e+01 8.611440750551033750e+14
5.625000000000000000e+01 8.565351725970603750e+14
5.656250000000000000e+01 8.519942319370300000e+14
5.687500000000000000e+01 8.475206188476548750e+14
5.718750000000000000e+01 8.431136991015778750e+14
5.750000000000000000e+01 8.387728384714417500e+14
5.781250000000000000e+01 8.344974027298888750e+14
5.812500000000000000e+01 8.302867576495622500e+14
5.843750000000000000e+01 8.261402690031043750e+14
5.875000000000000000e+01 8.220573025631582500e+14
5.906250000000000000e+01 8.180372241023662500e+14
5.937500000000000000e+01 8.140793993933711250e+14
5.968750000000000000e+01 8.101831942088158750e+14
6.000000000000000000e+01 8.063479743213432500e+14
6.031250000000000000e+01 8.025731055035953750e+14
6.062500000000000000e+01 7.988579535282155000e+14
6.093750000000000000e+01 7.952018841678461250e+14
6.125000000000000000e+01 7.916042631951300000e+14
6.156250000000000000e+01 7.880644563827098750e+14
6.187500000000000000e+01 7.845818295032285000e+14
6.218750000000000000e+01 7.811557483293282500e+14
6.250000000000000000e+01 7.777855786336522500e+14
6.281250000000000000e+01 7.744706861888430000e+14
6.312500000000000000e+01 7.712104367675435000e+14
6.343750000000000000e+01 7.680041961423960000e+14
6.375000000000000000e+01 7.648513300860432500e+14
6.406250000000000000e+01 7.617512043711285000e+14
6.437500000000000000e+01 7.587031847702937500e+14
6.468750000000000000e+01 7.557066370561823750e+14
6.500000000000000000e+01 7.527609270014366250e+14
6.531250000000000000e+01 7.498654203786993750e+14
6.562500000000000000e+01 7.470194829606132500e+14
6.593750000000000000e+01 7.442224805198210000e+14
6.625000000000000000e+01 7.414737788289655000e+14
6.656250000000000000e+01 7.387727436606890000e+14
6.687500000000000000e+01 7.361187407876347500e+14
6.718750000000000000e+01 7.335111359824451250e+14
6.750000000000000000e+01 7.309492950177630000e+14
6.781250000000000000e+01 7.284325836662308750e+14
6.812500000000000000e+01 7.259603677004917500e+14
6.843750000000000000e+01 7.235320128931883750e+14
6.875000000000000000e+01 7.211468850169628750e+14
6.906250000000000000e+01 7.188043498444585000e+14
6.937500000000000000e+01 7.165037731483180000e+14
6.968750000000000000e+01 7.142445207011837500e+14
7.000000000000000000e+01 7.120259582756985000e+14
7.031250000000000000e+01 7.098474516445050000e+14
7.062500000000000000e+01 7.077083665802462500e+14
7.093750000000000000e+01 7.056080688555647500e+14
7.125000000000000000e+01 7.035459242431032500e+14
7.156250000000000000e+01 7.015212985155041250e+14
7.187500000000000000e+01 6.995335574454105000e+14
7.218750000000000000e+01 6.975820668054650000e+14
7.250000000000000000e+01 6.956661923683102500e+14
7.281250000000000000e+01 6.937852999065890000e+14
7.312500000000000000e+01 6.919387551929438750e+14
7.343750000000000000e+01 6.901259240000177500e+14
7.375000000000000000e+01 6.883461721004532500e+14
7.406250000000000000e+01 6.865988652668930000e+14
7.437500000000000000e+01 6.848833692719800000e+14
7.468750000000000000e+01 6.831990498883565000e+14
7.500000000000000000e+01 6.815452728886655000e+14
7.531250000000000000e+01 6.799214040455496250e+14
7.562500000000000000e+01 6.783268091316516250e+14
7.593750000000000000e+01 6.767608539196142500e+14
7.625000000000000000e+01 6.752229041820802500e+14
7.656250000000000000e+01 6.737123256916922500e+14
7.687500000000000000e+01 6.722284842210927500e+14
7.718750000000000000e+01 6.707707455429250000e+14
7.750000000000000000e+01 6.693384754298311250e+14
7.781250000000000000e+01 6.679310396544540000e+14
7.812500000000000000e+01 6.665478039894367500e+14
7.843750000000000000e+01 6.651881342074215000e+14
7.875000000000000000e+01 6.638513960810513750e+14
7.906250000000000000e+01 6.625369553829687500e+14
7.937500000000000000e+01 6.612441778858167500e+14
7.968750000000000000e+01 6.599724293622375000e+14
8.000000000000000000e+01 6.587210755848742500e+14
8.031250000000000000e+01 6.574894823263696250e+14
8.062500000000000000e+01 6.562770153593660000e+14
8.093750000000000000e+01 6.550830404565065000e+14
8.125000000000000000e+01 6.539069233904336250e+14
8.156250000000000000e+01 6.527480299337900000e+14
8.187500000000000000e+01 6.516057258592185000e+14
8.218750000000000000e+01 6.504793769393617500e+14
8.250000000000000000e+01 6.493683489468623750e+14
8.281250000000000000e+01 6.482720076543633750e+14
8.312500000000000000e+01 6.471897188345070000e+14
8.343750000000000000e+01 6.461208482599365000e+14
8.375000000000000000e+01 6.450647617032941250e+14
8.406250000000000000e+01 6.440208249372228750e+14
8.437500000000000000e+01 6.429884037343652500e+14
8.468750000000000000e+01 6.419668638673640000e+14
8.500000000000000000e+01 6.409555711088620000e+14
8.531250000000000000e+01 6.399538912315020000e+14
8.562500000000000000e+01 6.389611900079265000e+14
8.593750000000000000e+01 6.379768332107782500e+14
8.625000000000000000e+01 6.370001866126998750e+14
8.656250000000000000e+01 6.360306159863343750e+14
8.687500000000000000e+01 6.350674871043241250e+14
8.718750000000000000e+01 6.341101657393120000e+14
8.750000000000000000e+01 6.331580176639407500e+14
8.781250000000000000e+01 6.322104086508531250e+14
8.812500000000000000e+01 6.312666944639893750e+14
8.843750000000000000e+01 6.303262058455345000e+14
8.875000000000000000e+01 6.293883536072911250e+14
8.906250000000000000e+01 6.284527187090008750e+14
8.937500000000000000e+01 6.275190822844511250e+14
8.968750000000000000e+01 6.265873956153672500e+14
9.000000000000000000e+01 6.256576900530935000e+14
9.031250000000000000e+01 6.247299719272180000e+14
9.062500000000000000e+01 6.238042375586265000e+14
9.093750000000000000e+01 6.228804832682050000e+14
9.125000000000000000e+01 6.219587053768395000e+14
9.156250000000000000e+01 6.210389002054160000e+14
9.187500000000000000e+01 6.201210640748205000e+14
9.218750000000000000e+01 6.192051933059387500e+14
9.250000000000000000e+01 6.182912842196570000e+14
9.281250000000000000e+01 6.173793331368610000e+14
9.312500000000000000e+01 6.164693363784366250e+14
9.343750000000000000e+01 6.155612902652700000e+14
9.375000000000000000e+01 6.146551911182470000e+14
9.406250000000000000e+01 6.137510352582535000e+14
9.437500000000000000e+01 6.128488190061756250e+14
9.468750000000000000e+01 6.119485386828992500e+14
9.500000000000000000e+01 6.110501906093102500e+14
9.531250000000000000e+01 6.101537711062945000e+14
9.562500000000000000e+01 6.092592764947382500e+14
9.593750000000000000e+01 6.083667030955271250e+14
9.625000000000000000e+01 6.074760472295475000e+14
9.656250000000000000e+01 6.065873052176847500e+14
9.687500000000000000e+01 6.057004733808252500e+14
9.718750000000000000e+01 6.048155480398547500e+14
9.750000000000000000e+01 6.039325255156595000e+14
9.781250000000000000e+01 6.030514021291250000e+14
9.812500000000000000e+01 6.021721742011376250e+14
9.843750000000000000e+01 6.012948380525832500e+14
9.875000000000000000e+01 6.004193900043475000e+14
9.906250000000000000e+01 5.995458263773165000e+14
9.937500000000000000e+01 5.986741434923762500e+14
9.968750000000000000e+01 5.978043376704127500e+14
1.000000000000000000e+02 5.969364052323120000e+14
1.003125000000000000e+02 5.960703424989597500e+14
1.006250000000000000e+02 5.952061457912420000e+14
1.009375000000000000e+02 5.943438114300446250e+14
1.012500000000000000e+02 5.934833357362537500e+14
1.015625000000000000e+02 5.926247150307553750e+14
1.018750000000000000e+02 5.917679456344352500e+14
1.021875000000000000e+02 5.909130238681795000e+14
1.025000000000000000e+02 5.900599460528737500e+14
1.028125000000000000e+02 5.892087085094045000e+14
1.031250000000000000e+02 5.883593075586573750e+14
1.034375000000000000e+02 5.875117395215182500e+14
1.037500000000000000e+02 5.866660007188732500e+14
1.040625000000000000e+02 5.858220874716082500e+14
1.043750000000000000e+02 5.849799961006090000e+14
1.046875000000000000e+02 5.841397229267617500e+14
1.050000000000000000e+02 5.833012642709522500e+14
1.053125000000000000e+02 5.824646164540667500e+14
1.056250000000000000e+02 5.816297757969907500e+14
1.059375000000000000e+02 5.807967386206107500e+14
1.062500000000000000e+02 5.799655012458122500e+14
1.065625000000000000e+02 5.791360599934812500e+14
1.068750000000000000e+02 5.783084111845040000e+14
1.071875000000000000e+02 5.774825511397662500e+14
1.075000000000000000e+02 5.766584761801537500e+14
1.078125000000000000e+02 5.758361826265527500e+14
1.081250000000000000e+02 5.750156667998492500e+14
1.084375000000000000e+02 5.741969250209288750e+14
1.087500000000000000e+02 5.733799536106777500e+14
1.090625000000000000e+02 5.725647488899818750e+14
1.093750000000000000e+02 5.717513071797270000e+14
1.096875000000000000e+02 5.709396248007995000e+14
1.100000000000000000e+02 5.701296980740850000e+14
1.103125000000000000e+02 5.693215233204692500e+14
1.106250000000000000e+02 5.685150968608387500e+14
1.109375000000000000e+02 5.677104150160791250e+14
1.112500000000000000e+02 5.669074741070763750e+14
1.115625000000000000e+02 5.661062704547162500e+14
1.118750000000000000e+02 5.653068003798850000e+14
1.121875000000000000e+02 5.645090602034685000e+14
1.125000000000000000e+02 5.637130462463525000e+14
1.128125000000000000e+02 5.629187548294231875e+14
1.131250000000000000e+02 5.621261822735665000e+14
1.134375000000000000e+02 5.613353248996683125e+14
1.137500000000000000e+02 5.605461790286146250e+14
1.140625000000000000e+02 5.597587409812911875e+14
1.143750000000000000e+02 5.589730070785841250e+14
1.146875000000000000e+02 5.581889736413795625e+14
1.150000000000000000e+02 5.574066369905631875e+14
1.153125000000000000e+02 5.566259934470210000e+14
1.156250000000000000e+02 5.558470393316390000e+14
1.159375000000000000e+02 5.550697709653032500e+14
1.162500000000000000e+02 5.542941846688993750e+14
1.165625000000000000e+02 5.535202767633135000e+14
1.168750000000000000e+02 5.527480435694316250e+14
1.171875000000000000e+02 5.519774814081397500e+14
1.175000000000000000e+02 5.512085866003237500e+14
1.178125000000000000e+02 5.504413554668695000e+14
1.181250000000000000e+02 5.496757843286630000e+14
1.184375000000000000e+02 5.489118695065902500e+14
1.187500000000000000e+02 5.481496073215371875e+14
1.190625000000000000e+02 5.473889940943897500e+14
1.193750000000000000e+02 5.466300261460338750e+14
1.196875000000000000e+02 5.458726997973555000e+14
1.200000000000000000e+02 5.451170113692406250e+14
1.203125000000000000e+02 5.443629571825752500e+14
1.206250000000000000e+02 5.436105335582451250e+14
1.209375000000000000e+02 5.428597368171364375e+14
1.212500000000000000e+02 5.421105632801350000e+14
1.215625000000000000e+02 5.413630092681267500e+14
1.218750000000000000e+02 5.406170711019975625e+14
1.221875000000000000e+02 5.398727451026336250e+14
1.225000000000000000e+02 5.391300275909207500e+14
1.228125000000000000e+02 5.383889148877450000e+14
1.231250000000000000e+02 5.376494033139921875e+14
1.234375000000000000e+02 5.369114891905482500e+14
1.237500000000000000e+02 5.361751688382991875e+14
1.240625000000000000e+02 5.354404385781310000e+14
1.243750000000000000e+02 5.347072947309295000e+14
1.246875000000000000e+02 5.339757336175807500e+14
1.250000000000000000e+02 5.332457515589708125e+14
1.253125000000000000e+02 5.325173448759853750e+14
1.256250000000000000e+02 5.317905098895105625e+14
1.259375000000000000e+02 5.310652429204323125e+14
1.262500000000000000e+02 5.303415402896365000e+14
1.265625000000000000e+02 5.296193983180091875e+14
1.268750000000000000e+02 5.288988133264362500e+14
1.271875000000000000e+02 5.281797816358036250e+14
1.275000000000000000e+02 5.274622995669972500e+14
1.278125000000000000e+02 5.267463634409031250e+14
1.281250000000000000e+02 5.260319695784073125e+14
1.284375000000000000e+02 5.253191143003956250e+14
1.287500000000000000e+02 5.246077939277538750e+14
1.290625000000000000e+02 5.238980047813682500e+14
1.293750000000000000e+02 5.231897431821245625e+14
1.296875000000000000e+02 5.224830054509088750e+14
1.300000000000000000e+02 5.217777879086070625e+14
1.303125000000000000e+02 5.210740868761050625e+14
1.306250000000000000e+02 5.203718986742888750e+14
1.309375000000000000e+02 5.196712196240444375e+14
1.312500000000000000e+02 5.189720460462576875e+14
1.315625000000000000e+02 5.182743742618145625e+14
1.318750000000000000e+02 5.175782005916011250e+14
1.321875000000000000e+02 5.168835213565031250e+14
1.325000000000000000e+02 5.161903328774066250e+14
1.328125000000000000e+02 5.154986314751975625e+14
1.331250000000000000e+02 5.148084134707620000e+14
1.334375000000000000e+02 5.141196751849857500e+14
1.337500000000000000e+02 5.134324129387547500e+14
1.340625000000000000e+02 5.127466230529550625e+14
1.343750000000000000e+02 5.120623018484725000e+14
1.346875000000000000e+02 5.113794456461931250e+14
1.350000000000000000e+02 5.106980507670028125e+14
1.353125000000000000e+02 5.100181135317876250e+14
1.356250000000000000e+02 5.093396302614334375e+14
1.359375000000000000e+02 5.086625972768261875e+14
1.362500000000000000e+02 5.079870108988518750e+14
1.365625000000000000e+02 5.073128674483963750e+14
1.368750000000000000e+02 5.066401632463456250e+14
1.371875000000000000e+02 5.059688946135856875e+14
1.375000000000000000e+02 5.052990578710023750e+14
1.378125000000000000e+02 5.046306493394817500e+14
1.381250000000000000e+02 5.039636653399098125e+14
1.384375000000000000e+02 5.032981021931724375e+14
1.387500000000000000e+02 5.026339562201555625e+14
1.390625000000000000e+02 5.019712237417450625e+14
1.393750000000000000e+02 5.013099010788270000e+14
1.396875000000000000e+02 5.006499845522872500e+14
1.400000000000000000e+02 4.999914704830118750e+14
1.403125000000000000e+02 4.993343551918867500e+14
1.406250000000000000e+02 4.986786349997978750e+14
1.409375000000000000e+02 4.980243062276310625e+14
1.412500000000000000e+02 4.973713651962724375e+14
1.415625000000000000e+02 4.967198082266078750e+14
1.418750000000000000e+02 4.960696316395233750e+14
1.421875000000000000e+02 4.954208317559047500e+14
1.425000000000000000e+02 4.947734048966380000e+14
1.428125000000000000e+02 4.941273473826091250e+14
1.431250000000000000e+02 4.934826555347041250e+14
1.434375000000000000e+02 4.928393256738088750e+14
1.437500000000000000e+02 4.921973541208093750e+14
1.440625000000000000e+02 4.915567371965915625e+14
1.443750000000000000e+02 4.909174712220413750e+14
1.446875000000000000e+02 4.902795525180446250e+14
1.450000000000000000e+02 4.896429774054874375e+14
1.453125000000000000e+02 4.890077422052557500e+14
1.456250000000000000e+02 4.883738432382354375e+14
1.459375000000000000e+02 4.877412768253126250e+14
1.462500000000000000e+02 4.871100392873730000e+14
1.465625000000000000e+02 4.864801269453027500e+14
1.468750000000000000e+02 4.858515361199876250e+14
1.471875000000000000e+02 4.852242631323137500e+14
1.475000000000000000e+02 4.845983043031670000e+14
1.478125000000000000e+02 4.839736559534332500e+14
1.481250000000000000e+02 4.833503144039986250e+14
1.484375000000000000e+02 4.827282759757488750e+14
1.487500000000000000e+02 4.821075369895701250e+14
1.490625000000000000e+02 4.814880937663481250e+14
1.493750000000000000e+02 4.808699426269691250e+14
1.496875000000000000e+02 4.802530798923188125e+14
1.500000000000000000e+02 4.796375018832832500e+14
1.503125000000000000e+02 4.790232049207483125e+14
1.506250000000000000e+02 4.784101853256000000e+14
1.509375000000000000e+02 4.777984394187243750e+14
1.512500000000000000e+02 4.771879635210071250e+14
1.515625000000000000e+02 4.765787539533343750e+14
1.518750000000000000e+02 4.759708070365921875e+14
1.521875000000000000e+02 4.753641190916663750e+14
1.525000000000000000e+02 4.747586864394428750e+14
1.528125000000000000e+02 4.741545054008075000e+14
1.531250000000000000e+02 4.735515722966465625e+14
1.534375000000000000e+02 4.729498834478457500e+14
1.537500000000000000e+02 4.723494351752910000e+14
1.540625000000000000e+02 4.717502237998683750e+14
1.543750000000000000e+02 4.711522456424637500e+14
1.546875000000000000e+02 4.705554970239631250e+14
1.550000000000000000e+02 4.699599742652525000e+14
1.553125000000000000e+02 4.693656736872178125e+14
1.556250000000000000e+02 4.687725916107448750e+14
1.559375000000000000e+02 4.681807243567197500e+14
1.562500000000000000e+02 4.675900682460283125e+14
1.565625000000000000e+02 4.670006195995565000e+14
1.568750000000000000e+02 4.664123747381905000e+14
1.571875000000000000e+02 4.658253299828159375e+14
1.575000000000000000e+02 4.652394816543190000e+14
1.578125000000000000e+02 4.646548260735855000e+14
1.581250000000000000e+02 4.640713595615015000e+14
1.584375000000000000e+02 4.634890784389528750e+14
1.587500000000000000e+02 4.629079790268256250e+14
1.590625000000000000e+02 4.623280576460056250e+14
1.593750000000000000e+02 4.617493106173789375e+14
1.596875000000000000e+02 4.611717342618313750e+14
1.600000000000000000e+02 4.605953249002490000e+14
1.603125000000000000e+02 4.600200788535176875e+14
1.606250000000000000e+02 4.594459924425233750e+14
1.609375000000000000e+02 4.588730619881521875e+14
1.612500000000000000e+02 4.583012838112898125e+14
1.615625000000000000e+02 4.577306542328223750e+14
1.618750000000000000e+02 4.571611695736357500e+14
1.621875000000000000e+02 4.565928261546160000e+14
1.625000000000000000e+02 4.560256202966490000e+14
1.628125000000000000e+02 4.554595483206207500e+14
1.631250000000000000e+02 4.548946065474170000e+14
1.634375000000000000e+02 4.543307912979240000e+14
1.637500000000000000e+02 4.537680988930273750e+14
1.640625000000000000e+02 4.532065256536133750e+14
1.643750000000000000e+02 4.526460679005679375e+14
1.646875000000000000e+02 4.520867219547767500e+14
1.650000000000000000e+02 4.515284841371260000e+14
1.653125000000000000e+02 4.509713507685014375e+14
1.656250000000000000e+02 4.504153181697891250e+14
1.659375000000000000e+02 4.498603826618751250e+14
1.662500000000000000e+02 4.493065405656452500e+14
1.665625000000000000e+02 4.487537882019855000e+14
1.668750000000000000e+02 4.482021218917817500e+14
1.671875000000000000e+02 4.476515379559201250e+14
1.675000000000000000e+02 4.471020327152863750e+14
1.678125000000000000e+02 4.465536024907665000e+14
1.681250000000000000e+02 4.460062436032465000e+14
1.684375000000000000e+02 4.454599523736123125e+14
1.687500000000000000e+02 4.449147251227500000e+14
1.690625000000000000e+02 4.443705581715452500e+14
1.693750000000000000e+02 4.438274478408842500e+14
1.696875000000000000e+02 4.432853904516528125e+14
1.700000000000000000e+02 4.427443823247370000e+14
1.703125000000000000e+02 4.422044197810226250e+14
1.706250000000000000e+02 4.416654991413958125e+14
1.709375000000000000e+02 4.411276167267423750e+14
1.712500000000000000e+02 4.405907688579482500e+14
1.715625000000000000e+02 4.400549518558995000e+14
1.718750000000000000e+02 4.395201620414819375e+14
1.721875000000000000e+02 4.389863957355816875e+14
1.725000000000000000e+02 4.384536492590845000e+14
1.728125000000000000e+02 4.379219189328765000e+14
1.731250000000000000e+02 4.373912010778435000e+14
1.734375000000000000e+02 4.368614920148716250e+14
1.737500000000000000e+02 4.363327880648466875e+14
1.740625000000000000e+02 4.358050855486547500e+14
1.743750000000000000e+02 4.352783807871815625e+14
1.746875000000000000e+02 4.347526701013132500e+14
1.750000000000000000e+02 4.342279498119356250e+14
1.753125000000000000e+02 4.337042162399347500e+14
1.756250000000000000e+02 4.331814657061966250e+14
1.759375000000000000e+02 4.326596945316071250e+14
1.762500000000000000e+02 4.321388990370521250e+14
1.765625000000000000e+02 4.316190755434176250e+14
1.768750000000000000e+02 4.311002203715896250e+14
1.771875000000000000e+02 4.305823298424542500e+14
1.775000000000000000e+02 4.300654002768971250e+14
1.778125000000000000e+02 4.295494279958042500e+14
1.781250000000000000e+02 4.290344093200617500e+14
1.784375000000000000e+02 4.285203405705553125e+14
1.787500000000000000e+02 4.280072180681711250e+14
1.790625000000000000e+02 4.274950381337952500e+14
1.793750000000000000e+02 4.269837970883131250e+14
1.796875000000000000e+02 4.264734912526112500e+14
1.800000000000000000e+02 4.259641169475753125e+14
1.803125000000000000e+02 4.254556704940912500e+14
1.806250000000000000e+02 4.249481482130451875e+14
1.809375000000000000e+02 4.244415464253228750e+14
1.812500000000000000e+02 4.239358614518105000e+14
1.815625000000000000e+02 4.234310896133936875e+14
1.818750000000000000e+02 4.229272272309586250e+14
1.821875000000000000e+02 4.224242706253911250e+14
1.825000000000000000e+02 4.219222161175772500e+14
1.828125000000000000e+02 4.214210600284028750e+14
1.831250000000000000e+02 4.209207986787541250e+14
1.834375000000000000e+02 4.204214283895167500e+14
1.837500000000000000e+02 4.199229454815766875e+14
1.840625000000000000e+02 4.194253462758200000e+14
1.843750000000000000e+02 4.189286270931326250e+14
1.846875000000000000e+02 4.184327842544005000e+14
1.850000000000000000e+02 4.179378140805096250e+14
1.853125000000000000e+02 4.174437128923458125e+14
1.856250000000000000e+02 4.169504770107950625e+14
1.859375000000000000e+02 4.164581027567433750e+14
1.862500000000000000e+02 4.159665864510766875e+14
1.865625000000000000e+02 4.154759244146810000e+14
1.868750000000000000e+02 4.149861129684421250e+14
1.871875000000000000e+02 4.144971484332461250e+14
1.875000000000000000e+02 4.140090271299789375e+14
1.878125000000000000e+02 4.135217453795265000e+14
1.881250000000000000e+02 4.130352995027746875e+14
1.884375000000000000e+02 4.125496858206095625e+14
1.887500000000000000e+02 4.120649006539170000e+14
1.890625000000000000e+02 4.115809403235830000e+14
1.893750000000000000e+02 4.110978011504935625e+14
1.896875000000000000e+02 4.106154794555345000e+14
1.900000000000000000e+02 4.101339715595918750e+14
1.903125000000000000e+02 4.096532737835516250e+14
1.906250000000000000e+02 4.091733824482996250e+14
1.909375000000000000e+02 4.086942938747218750e+14
1.912500000000000000e+02 4.082160043837043750e+14
1.915625000000000000e+02 4.077385102961330000e+14
1.918750000000000000e+02 4.072618079328936875e+14
1.921875000000000000e+02 4.067858936148725000e+14
1.925000000000000000e+02 4.063107636629552500e+14
1.928125000000000000e+02 4.058364143980280000e+14
1.931250000000000000e+02 4.053628421409766250e+14
1.934375000000000000e+02 4.048900432126871250e+14
1.937500000000000000e+02 4.044180139340454375e+14
1.940625000000000000e+02 4.039467506259375000e+14
1.943750000000000000e+02 4.034762496092492500e+14
1.946875000000000000e+02 4.030065072048667500e+14
1.950000000000000000e+02 4.025375197336756875e+14
1.953125000000000000e+02 4.020692835165622500e+14
1.956250000000000000e+02 4.016017948744123750e+14
1.959375000000000000e+02 4.011350501281120000e+14
1.962500000000000000e+02 4.006690455985469375e+14
1.965625000000000000e+02 4.002037775675535625e+14
1.968750000000000000e+02 3.997392422193436250e+14
1.971875000000000000e+02 3.992754360505268750e+14
1.975000000000000000e+02 3.988123562215588750e+14
1.978125000000000000e+02 3.983500006738897500e+14
1.981250000000000000e+02 3.978883680128154375e+14
1.984375000000000000e+02 3.974274571560297500e+14
1.987500000000000000e+02 3.969672669236021875e+14
1.990625000000000000e+02 3.965077960965523750e+14
1.993750000000000000e+02 3.960490434559000000e+14
1.996875000000000000e+02 3.955910077826648750e+14
2.000000000000000000e+02 3.951336878578666250e+14
2.003125000000000000e+02 3.946770824625250000e+14
2.006250000000000000e+02 3.942211903776596250e+14
2.009375000000000000e+02 3.937660103842904375e+14
2.012500000000000000e+02 3.933115412634368750e+14
2.015625000000000000e+02 3.928577817961188750e+14
2.018750000000000000e+02 3.924047307633561250e+14
2.021875000000000000e+02 3.919523869461681250e+14
2.025000000000000000e+02 3.915007491255747500e+14
2.028125000000000000e+02 3.910498160825957500e+14
2.031250000000000000e+02 3.905995865982507500e+14
2.034375000000000000e+02 3.901500594535595625e+14
2.037500000000000000e+02 3.897012334295417500e+14
2.040625000000000000e+02 3.892531073072171250e+14
2.043750000000000000e+02 3.888056798676053750e+14
2.046875000000000000e+02 3.883589498917262500e+14
2.050000000000000000e+02 3.879129161605995000e+14
2.053125000000000000e+02 3.874675774552446250e+14
2.056250000000000000e+02 3.870229325566815000e+14
2.059375000000000000e+02 3.865789802459297500e+14
2.062500000000000000e+02 3.861357193040093125e+14
2.065625000000000000e+02 3.856931485119396250e+14
2.068750000000000000e+02 3.852512666507406250e+14
2.071875000000000000e+02 3.848100725014318750e+14
2.075000000000000000e+02 3.843695648450330000e+14
2.078125000000000000e+02 3.839297424625639375e+14
2.081250000000000000e+02 3.834906041350443750e+14
2.084375000000000000e+02 3.830521486434938750e+14
2.087500000000000000e+02 3.826143747689321875e+14
2.090625000000000000e+02 3.821772812923791250e+14
2.093750000000000000e+02 3.817408669948543125e+14
2.096875000000000000e+02 3.813051306573775625e+14
2.100000000000000000e+02 3.808700710609684375e+14
2.103125000000000000e+02 3.804356869866467500e+14
2.106250000000000000e+02 3.800019772154321250e+14
2.109375000000000000e+02 3.795689405283443750e+14
2.112500000000000000e+02 3.791365757064031250e+14
2.115625000000000000e+02 3.787048815306281875e+14
2.118750000000000000e+02 3.782738567820392500e+14
2.121875000000000000e+02 3.778435002416560000e+14
2.125000000000000000e+02 3.774138106904981250e+14
2.128125000000000000e+02 3.769847869095852500e+14
2.131250000000000000e+02 3.765564276799372500e+14
2.134375000000000000e+02 3.761287317825738125e+14
2.137500000000000000e+02 3.757016979985146250e+14
2.140625000000000000e+02 3.752753251087793750e+14
2.143750000000000000e+02 3.748496118943878750e+14
2.146875000000000000e+02 3.744245571363596250e+14
2.150000000000000000e+02 3.740001596157146250e+14
2.153125000000000000e+02 3.735764181134723125e+14
2.156250000000000000e+02 3.731533314106525000e+14
2.159375000000000000e+02 3.727308982882750000e+14
2.162500000000000000e+02 3.723091175273593750e+14
2.165625000000000000e+02 3.718879879089255000e+14
2.168750000000000000e+02 3.714675082139928750e+14
2.171875000000000000e+02 3.710476772235813750e+14
2.175000000000000000e+02 3.706284937187107500e+14
2.178125000000000000e+02 3.702099564804004375e+14
2.181250000000000000e+02 3.697920642896704375e+14
2.184375000000000000e+02 3.693748159275403750e+14
2.187500000000000000e+02 3.689582101750300000e+14
2.190625000000000000e+02 3.685422458131588750e+14
2.193750000000000000e+02 3.681269216229468125e+14
2.196875000000000000e+02 3.677122363854136250e+14
2.200000000000000000e+02 3.672981888815788750e+14
2.203125000000000000e+02 3.668847778924623750e+14
2.206250000000000000e+02 3.664720021990837500e+14
2.209375000000000000e+02 3.660598605824626250e+14
2.212500000000000000e+02 3.656483518236190000e+14
2.215625000000000000e+02 3.652374747035723750e+14
2.218750000000000000e+02 3.648272280033425000e+14
2.221875000000000000e+02 3.644176105039490625e+14
2.225000000000000000e+02 3.640086209864118125e+14
2.228125000000000000e+02 3.636002582317505000e+14
2.231250000000000000e+02 3.631925210209847500e+14
2.234375000000000000e+02 3.627854081351344375e+14
2.237500000000000000e+02 3.623789183552191250e+14
2.240625000000000000e+02 3.619730504622585000e+14
2.243750000000000000e+02 3.615678032372723750e+14
2.246875000000000000e+02 3.611631754612803750e+14
2.250000000000000000e+02 3.607591659153022500e+14
2.253125000000000000e+02 3.603557733803577500e+14
2.256250000000000000e+02 3.599529966374665000e+14
2.259375000000000000e+02 3.595508344676483125e+14
2.262500000000000000e+02 3.591492856519228750e+14
2.265625000000000000e+02 3.587483489713098750e+14
2.268750000000000000e+02 3.583480232068290625e+14
2.271875000000000000e+02 3.579483071395001250e+14
2.275000000000000000e+02 3.575491995503426250e+14
2.278125000000000000e+02 3.571506992203765000e+14
2.281250000000000000e+02 3.567528049306214375e+14
2.284375000000000000e+02 3.563555154620970625e+14
2.287500000000000000e+02 3.559588295958230625e+14
2.290625000000000000e+02 3.555627461128192500e+14
2.293750000000000000e+02 3.551672637941052500e+14
2.296875000000000000e+02 3.547723814207008125e+14
2.300000000000000000e+02 3.543780977736256875e+14
2.303125000000000000e+02 3.539844116338995000e+14
2.306250000000000000e+02 3.535913217825420625e+14
2.309375000000000000e+02 3.531988270005730000e+14
2.312500000000000000e+02 3.528069260690121250e+14
2.315625000000000000e+02 3.524156177688790625e+14
2.318750000000000000e+02 3.520249008811935000e+14
2.321875000000000000e+02 3.516347741869752500e+14
2.325000000000000000e+02 3.512452364672438750e+14
2.328125000000000000e+02 3.508562865030193125e+14
2.331250000000000000e+02 3.504679230753211250e+14
2.334375000000000000e+02 3.500801449651690000e+14
2.337500000000000000e+02 3.496929509535827500e+14
2.340625000000000000e+02 3.493063398215820000e+14
2.343750000000000000e+02 3.489203103501865625e+14
2.346875000000000000e+02 3.485348613204160000e+14
2.350000000000000000e+02 3.481499915132901250e+14
2.353125000000000000e+02 3.477656997098286250e+14
2.356250000000000000e+02 3.473819846910512500e+14
2.359375000000000000e+02 3.469988452379776250e+14
2.362500000000000000e+02 3.466162801316276250e+14
2.365625000000000000e+02 3.462342881530207500e+14
2.368750000000000000e+02 3.458528680831768750e+14
2.371875000000000000e+02 3.454720187031156875e+14
2.375000000000000000e+02 3.450917387938567500e+14
2.378125000000000000e+02 3.447120271364200000e+14
2.381250000000000000e+02 3.443328825118250000e+14
2.384375000000000000e+02 3.439543037010915000e+14
2.387500000000000000e+02 3.435762894852392500e+14
2.390625000000000000e+02 3.431988386452878750e+14
2.393750000000000000e+02 3.428219499622571875e+14
2.396875000000000000e+02 3.424456222171668750e+14
2.400000000000000000e+02 3.420698541910366250e+14
2.403125000000000000e+02 3.416946446648860000e+14
2.406250000000000000e+02 3.413199924197350625e+14
2.409375000000000000e+02 3.409458962366031250e+14
2.412500000000000000e+02 3.405723548965103750e+14
2.415625000000000000e+02 3.401993671804760625e+14
2.418750000000000000e+02 3.398269318695201250e+14
2.421875000000000000e+02 3.394550477446621875e+14
2.425000000000000000e+02 3.390837135869220000e+14
2.428125000000000000e+02 3.387129281773194375e+14
2.431250000000000000e+02 3.383426902968740000e+14
2.434375000000000000e+02 3.379729987266053750e+14
2.437500000000000000e+02 3.376038522475334375e+14
2.440625000000000000e+02 3.372352496406777500e+14
2.443750000000000000e+02 3.368671896870581250e+14
2.446875000000000000e+02 3.364996711676942500e+14
2.450000000000000000e+02 3.361326928636058750e+14
2.453125000000000000e+02 3.357662535558126875e+14
2.456250000000000000e+02 3.354003520253343750e+14
2.459375000000000000e+02 3.350349870531906250e+14
2.462500000000000000e+02 3.346701574204012500e+14
2.465625000000000000e+02 3.343058619079857500e+14
2.468750000000000000e+02 3.339420992969641250e+14
2.471875000000000000e+02 3.335788683683558750e+14
2.475000000000000000e+02 3.332161679031807500e+14
2.478125000000000000e+02 3.328539966824586250e+14
2.481250000000000000e+02 3.324923534872090000e+14
2.484375000000000000e+02 3.321312370984516250e+14
2.487500000000000000e+02 3.317706462972063750e+14
2.490625000000000000e+02 3.314105798644927500e+14
2.493750000000000000e+02 3.310510365813305000e+14
2.496875000000000000e+02 3.306920152287395000e+14
2.500000000000000000e+02 3.303335145877392500e+14
2.503125000000000000e+02 3.299755334393496250e+14
2.506250000000000000e+02 3.296180705645902500e+14
2.509375000000000000e+02 3.292611247444808750e+14
2.512500000000000000e+02 3.289046947600412500e+14
2.515625000000000000e+02 3.285487793922911250e+14
2.518750000000000000e+02 3.281933774222500000e+14
2.521875000000000000e+02 3.278384876309377500e+14
2.525000000000000000e+02 3.274841087993739375e+14
2.528125000000000000e+02 3.271302397085785000e+14
2.531250000000000000e+02 3.267768791395710000e+14
2.534375000000000000e+02 3.264240258733711875e+14
2.537500000000000000e+02 3.260716786909988125e+14
2.540625000000000000e+02 3.257198363734735625e+14
2.543750000000000000e+02 3.253684977018151250e+14
2.546875000000000000e+02 3.250176614570431250e+14
2.550000000000000000e+02 3.246673264201775000e+14
2.553125000000000000e+02 3.243174913722377500e+14
2.556250000000000000e+02 3.239681550942436875e+14
2.559375000000000000e+02 3.236193163672151250e+14
2.562500000000000000e+02 3.232709739721715000e+14
2.565625000000000000e+02 3.229231266901327500e+14
2.568750000000000000e+02 3.225757733021185000e+14
2.571875000000000000e+02 3.222289125891485000e+14
2.575000000000000000e+02 3.218825433322425000e+14
2.578125000000000000e+02 3.215366643124200000e+14
2.581250000000000000e+02 3.211912743107010000e+14
2.584375000000000000e+02 3.208463721081051250e+14
2.587500000000000000e+02 3.205019564856519375e+14
2.590625000000000000e+02 3.201580262243613125e+14
2.593750000000000000e+02 3.198145801052529375e+14
2.596875000000000000e+02 3.194716169093463750e+14
2.600000000000000000e+02 3.191291354176615000e+14
2.603125000000000000e+02 3.187871344112180000e+14
2.606250000000000000e+02 3.184456126710356250e+14
2.609375000000000000e+02 3.181045689781339375e+14
2.612500000000000000e+02 3.177640021135327500e+14
2.615625000000000000e+02 3.174239108582518125e+14
2.618750000000000000e+02 3.170842939933108125e+14
2.621875000000000000e+02 3.167451502997293750e+14
2.625000000000000000e+02 3.164064785585273125e+14
2.628125000000000000e+02 3.160682775507242500e+14
2.631250000000000000e+02 3.157305460573400000e+14
2.634375000000000000e+02 3.153932828593942500e+14
2.637500000000000000e+02 3.150564867379066250e+14
2.640625000000000000e+02 3.147201564738970000e+14
2.643750000000000000e+02 3.143842908483848750e+14
2.646875000000000000e+02 3.140488886423900625e+14
2.650000000000000000e+02 3.137139486369323750e+14
2.653125000000000000e+02 3.133794696130314375e+14
2.656250000000000000e+02 3.130454503517069375e+14
2.659375000000000000e+02 3.127118896339785625e+14
2.662500000000000000e+02 3.123787862408661250e+14
2.665625000000000000e+02 3.120461389533892500e+14
2.668750000000000000e+02 3.117139465525677500e+14
2.671875000000000000e+02 3.113822078194212500e+14
2.675000000000000000e+02 3.110509215349694375e+14
2.678125000000000000e+02 3.107200864802321250e+14
2.681250000000000000e+02 3.103897014362289375e+14
2.684375000000000000e+02 3.100597651839796250e+14
2.687500000000000000e+02 3.097302765045038750e+14
2.690625000000000000e+02 3.094012341788215000e+14
2.693750000000000000e+02 3.090726369879520000e+14
2.696875000000000000e+02 3.087444837129153125e+14
2.700000000000000000e+02 3.084167731347310625e+14
2.703125000000000000e+02 3.080895040344188750e+14
2.706250000000000000e+02 3.077626751929986250e+14
2.709375000000000000e+02 3.074362853914900000e+14
2.712500000000000000e+02 3.071103334109125000e+14
2.715625000000000000e+02 3.067848180322860625e+14
2.718750000000000000e+02 3.064597380366303750e+14
2.721875000000000000e+02 3.061350922049650000e+14
2.725000000000000000e+02 3.058108793183098750e+14
2.728125000000000000e+02 3.054870981576845000e+14
2.731250000000000000e+02 3.051637475041086875e+14
2.734375000000000000e+02 3.048408261386021250e+14
2.737500000000000000e+02 3.045183328421846250e+14
2.740625000000000000e+02 3.041962663958758125e+14
2.743750000000000000e+02 3.038746255806952500e+14
2.746875000000000000e+02 3.035534091776629375e+14
2.750000000000000000e+02 3.032326159677985000e+14
2.753125000000000000e+02 3.029122447321215000e+14
2.756250000000000000e+02 3.025922942516516875e+14
2.759375000000000000e+02 3.022727633074088750e+14
2.762500000000000000e+02 3.019536506804128750e+14
2.765625000000000000e+02 3.016349551516831250e+14
2.768750000000000000e+02 3.013166755022395000e+14
2.771875000000000000e+02 3.009988105131017500e+14
2.775000000000000000e+02 3.006813589652895000e+14
2.778125000000000000e+02 3.003643196398225000e+14
2.781250000000000000e+02 3.000476913177203750e+14
2.784375000000000000e+02 2.997314727800029375e+14
2.787500000000000000e+02 2.994156628076898750e+14
2.790625000000000000e+02 2.991002601818008750e+14
2.793750000000000000e+02 2.987852636833557500e+14
2.796875000000000000e+02 2.984706720933740000e+14
2.800000000000000000e+02 2.981564841928756250e+14
2.803125000000000000e+02 2.978426987628800625e+14
2.806250000000000000e+02 2.975293145844071250e+14
2.809375000000000000e+02 2.972163304384766250e+14
2.812500000000000000e+02 2.969037451061082500e+14
2.815625000000000000e+02 2.965915573683215000e+14
2.818750000000000000e+02 2.962797660061363125e+14
2.821875000000000000e+02 2.959683698005723750e+14
2.825000000000000000e+02 2.956573675326493750e+14
2.828125000000000000e+02 2.953467579833870000e+14
2.831250000000000000e+02 2.950365399338048750e+14
2.834375000000000000e+02 2.947267121649228750e+14
2.837500000000000000e+02 2.944172734577605000e+14
2.840625000000000000e+02 2.941082225933377500e+14
2.843750000000000000e+02 2.937995583526741250e+14
2.846875000000000000e+02 2.934912795167894375e+14
2.850000000000000000e+02 2.931833848667033750e+14
2.853125000000000000e+02 2.928758731834356250e+14
2.856250000000000000e+02 2.925687432480060000e+14
2.859375000000000000e+02 2.922619938414340000e+14
2.862500000000000000e+02 2.919556237447395000e+14
2.865625000000000000e+02 2.916496317389421875e+14
2.868750000000000000e+02 2.913440166050616875e+14
2.871875000000000000e+02 2.910387771241178750e+14
2.875000000000000000e+02 2.907339120771303125e+14
2.878125000000000000e+02 2.904294202451188750e+14
2.881250000000000000e+02 2.901253004091031250e+14
2.884375000000000000e+02 2.898215513501027500e+14
2.887500000000000000e+02 2.895181718491376250e+14
2.890625000000000000e+02 2.892151606872273125e+14
2.893750000000000000e+02 2.889125166453916250e+14
2.896875000000000000e+02 2.886102385046502500e+14
2.900000000000000000e+02 2.883083250460228750e+14
2.903125000000000000e+02 2.880067750505292500e+14
2.906250000000000000e+02 2.877055872991890000e+14
2.909375000000000000e+02 2.874047605730218750e+14
2.912500000000000000e+02 2.871042936530476250e+14
2.915625000000000000e+02 2.868041853202860000e+14
2.918750000000000000e+02 2.865044343557565625e+14
2.921875000000000000e+02 2.862050395404791875e+14
2.925000000000000000e+02 2.859059996554735000e+14
2.928125000000000000e+02 2.856073134817592500e+14
2.931250000000000000e+02 2.853089798003561250e+14
2.934375000000000000e+02 2.850109973922838125e+14
2.937500000000000000e+02 2.847133650385620625e+14
2.940625000000000000e+02 2.844160815202106250e+14
2.943750000000000000e+02 2.841191456182491250e+14
2.946875000000000000e+02 2.838225561136973125e+14
2.950000000000000000e+02 2.835263117875748750e+14
2.953125000000000000e+02 2.832304114209015625e+14
2.956250000000000000e+02 2.829348537946971250e+14
2.959375000000000000e+02 2.826396376899812500e+14
2.962500000000000000e+02 2.823447618877736250e+14
2.965625000000000000e+02 2.820502251690939375e+14
2.968750000000000000e+02 2.817560263149618750e+14
2.971875000000000000e+02 2.814621641063972812e+14
2.975000000000000000e+02 2.811686373244197188e+14
2.978125000000000000e+02 2.808754447500490000e+14
2.981250000000000000e+02 2.805825851643048125e+14
2.984375000000000000e+02 2.802900573482068750e+14
2.987500000000000000e+02 2.799978600827749062e+14
2.990625000000000000e+02 2.797059921490285625e+14
2.993750000000000000e+02 2.794144523279875625e+14
2.996875000000000000e+02 2.791232394006716875e+14
3.000000000000000000e+02 2.788323521481005938e+14
3.003125000000000000e+02 2.785417893512940312e+14
3.006250000000000000e+02 2.782515497912716875e+14
3.009375000000000000e+02 2.779616322490532500e+14
3.012500000000000000e+02 2.776720355056584375e+14
3.015625000000000000e+02 2.773827583421070625e+14
3.018750000000000000e+02 2.770937995394186875e+14
3.021875000000000000e+02 2.768051578786131250e+14
3.025000000000000000e+02 2.765168321407100625e+14
3.028125000000000000e+02 2.762288211067292188e+14
3.031250000000000000e+02 2.759411235576902500e+14
3.034375000000000000e+02 2.756537382746129375e+14
3.037500000000000000e+02 2.753666640385169688e+14
3.040625000000000000e+02 2.750798996304220312e+14
3.043750000000000000e+02 2.747934438313479062e+14
3.046875000000000000e+02 2.745072954223142500e+14
3.050000000000000000e+02 2.742214531843407812e+14
3.053125000000000000e+02 2.739359158984471562e+14
3.056250000000000000e+02 2.736506823456532500e+14
3.059375000000000000e+02 2.733657513069786250e+14
3.062500000000000000e+02 2.730811215634430625e+14
3.065625000000000000e+02 2.727967918960662188e+14
3.068750000000000000e+02 2.725127610858678125e+14
3.071875000000000000e+02 2.722290279138676562e+14
3.075000000000000000e+02 2.719455911610853750e+14
3.078125000000000000e+02 2.716624496085406875e+14
3.081250000000000000e+02 2.713796020372533125e+14
3.084375000000000000e+02 2.710970472282429062e+14
3.087500000000000000e+02 2.708147839625293438e+14
3.090625000000000000e+02 2.705328110211321875e+14
3.093750000000000000e+02 2.702511271850711875e+14
3.096875000000000000e+02 2.699697312353660625e+14
3.100000000000000000e+02 2.696886219530365000e+14
3.103125000000000000e+02 2.694077981191022812e+14
3.106250000000000000e+02 2.691272585145830000e+14
3.109375000000000000e+02 2.688470019204985000e+14
3.112500000000000000e+02 2.685670271178684062e+14
3.115625000000000000e+02 2.682873328877124688e+14
3.118750000000000000e+02 2.680079180110504375e+14
3.121875000000000000e+02 2.677287812689019375e+14
3.125000000000000000e+02 2.674499214422867188e+14
3.128125000000000000e+02 2.671713373122245000e+14
3.131250000000000000e+02 2.668930276597350000e+14
3.134375000000000000e+02 2.666149912658379375e+14
3.137500000000000000e+02 2.663372269115529688e+14
3.140625000000000000e+02 2.660597333778998125e+14
3.143750000000000000e+02 2.657825094458982500e+14
3.146875000000000000e+02 2.655055538965680000e+14
3.150000000000000000e+02 2.652288655109287188e+14
3.153125000000000000e+02 2.649524430700001250e+14
3.156250000000000000e+02 2.646762853548018750e+14
3.159375000000000000e+02 2.644003911463538125e+14
3.162500000000000000e+02 2.641247592256755000e+14
3.165625000000000000e+02 2.638493883737868125e+14
3.168750000000000000e+02 2.635742773717073438e+14
3.171875000000000000e+02 2.632994250004568438e+14
3.175000000000000000e+02 2.630248300410550312e+14
3.178125000000000000e+02 2.627504912745215938e+14
3.181250000000000000e+02 2.624764074818763125e+14
3.184375000000000000e+02 2.622025774441387812e+14
3.187500000000000000e+02 2.619289999423287812e+14
3.190625000000000000e+02 2.616556737574660625e+14
3.193750000000000000e+02 2.613825976705702500e+14
3.196875000000000000e+02 2.611097704626610938e+14
3.200000000000000000e+02 2.608371909147583750e+14
3.203125000000000000e+02 2.605648578078816875e+14
3.206250000000000000e+02 2.602927699230508125e+14
3.209375000000000000e+02 2.600209260412855000e+14
3.212500000000000000e+02 2.597493249436053438e+14
3.215625000000000000e+02 2.594779654110301250e+14
3.218750000000000000e+02 2.592068462245795938e+14
3.221875000000000000e+02 2.589359661652733750e+14
3.225000000000000000e+02 2.586653240141312500e+14
3.228125000000000000e+02 2.583949185521729375e+14
3.231250000000000000e+02 2.581247485604180938e+14
3.234375000000000000e+02 2.578548128198864688e+14
3.237500000000000000e+02 2.575851101115977500e+14
3.240625000000000000e+02 2.573156392165716562e+14
3.243750000000000000e+02 2.570463989158279375e+14
3.246875000000000000e+02 2.567773879903863125e+14
3.250000000000000000e+02 2.565086052212664062e+14
3.253125000000000000e+02 2.562400493894880000e+14
3.256250000000000000e+02 2.559717192760708125e+14
3.259375000000000000e+02 2.557036136620344688e+14
3.262500000000000000e+02 2.554357313283988125e+14
3.265625000000000000e+02 2.551680710561834062e+14
3.268750000000000000e+02 2.549006316264080625e+14
3.271875000000000000e+02 2.546334118200925000e+14
3.275000000000000000e+02 2.543664104182563750e+14
3.278125000000000000e+02 2.540996262019194688e+14
3.281250000000000000e+02 2.538330579521014688e+14
3.284375000000000000e+02 2.535667044498220312e+14
3.287500000000000000e+02 2.533005644761009375e+14
3.290625000000000000e+02 2.530346368119578438e+14
3.293750000000000000e+02 2.527689202384124688e+14
3.296875000000000000e+02 2.525034135364845625e+14
3.300000000000000000e+02 2.522381154871938750e+14
3.303125000000000000e+02 2.519730248715600312e+14
3.306250000000000000e+02 2.517081404706027500e+14
3.309375000000000000e+02 2.514434610653418125e+14
3.312500000000000000e+02 2.511789854367968438e+14
3.315625000000000000e+02 2.509147123659875938e+14
3.318750000000000000e+02 2.506506406339337812e+14
3.321875000000000000e+02 2.503867690216551562e+14
3.325000000000000000e+02 2.501230963101713750e+14
3.328125000000000000e+02 2.498596212805021875e+14
3.331250000000000000e+02 2.495963427136672500e+14
3.334375000000000000e+02 2.493332593906863750e+14
3.337500000000000000e+02 2.490703700925791562e+14
3.340625000000000000e+02 2.488076736003653750e+14
3.343750000000000000e+02 2.485451686950646875e+14
3.346875000000000000e+02 2.482828541576969375e+14
3.350000000000000000e+02 2.480207287692816875e+14
3.353125000000000000e+02 2.477587913108386875e+14
3.356250000000000000e+02 2.474970405633877188e+14
3.359375000000000000e+02 2.472354753079484062e+14
3.362500000000000000e+02 2.469740943255405312e+14
3.365625000000000000e+02 2.467128963971837812e+14
3.368750000000000000e+02 2.464518803038978125e+14
3.371875000000000000e+02 2.461910448267023750e+14
3.375000000000000000e+02 2.459303887466172188e+14
3.378125000000000000e+02 2.456699108446620625e+14
3.381250000000000000e+02 2.454096099018565625e+14
3.384375000000000000e+02 2.451494846992204688e+14
3.387500000000000000e+02 2.448895340177735000e+14
3.390625000000000000e+02 2.446297566385353125e+14
3.393750000000000000e+02 2.443701513425256250e+14
3.396875000000000000e+02 2.441107169107641875e+14
3.400000000000000000e+02 2.438514521242707500e+14
3.403125000000000000e+02 2.435923557640649375e+14
3.406250000000000000e+02 2.433334266111665625e+14
3.409375000000000000e+02 2.430746634465952500e+14
3.412500000000000000e+02 2.428160650513706875e+14
3.415625000000000000e+02 2.425576302065126875e+14
3.418750000000000000e+02 2.422993576930409062e+14
3.421875000000000000e+02 2.420412462919750625e+14
3.425000000000000000e+02 2.417832947843348750e+14
3.428125000000000000e+02 2.415255019511400312e+14
3.431250000000000000e+02 2.412678665734102500e+14
3.434375000000000000e+02 2.410103874321653125e+14
3.437500000000000000e+02 2.407530633084248125e+14
3.440625000000000000e+02 2.404958929832085312e+14
3.443750000000000000e+02 2.402388752375362188e+14
3.446875000000000000e+02 2.399820088524275000e+14
3.450000000000000000e+02 2.397252926089021250e+14
3.453125000000000000e+02 2.394687252879798438e+14
3.456250000000000000e+02 2.392123056706803125e+14
3.459375000000000000e+02 2.389560325380232812e+14
3.462500000000000000e+02 2.386999046710284375e+14
3.465625000000000000e+02 2.384439208507155000e+14
3.468750000000000000e+02 2.381880798581041562e+14
3.471875000000000000e+02 2.379323804742141562e+14
3.475000000000000000e+02 2.376768214800651875e+14
3.478125000000000000e+02 2.374214016566770625e+14
3.481250000000000000e+02 2.371661197850693125e+14
3.484375000000000000e+02 2.369109746462617500e+14
3.487500000000000000e+02 2.366559650212741562e+14
3.490625000000000000e+02 2.364010896911261250e+14
3.493750000000000000e+02 2.361463474368374062e+14
3.496875000000000000e+02 2.358917370394277188e+14
3.500000000000000000e+02 2.356372572799167500e+14
3.503125000000000000e+02 2.353829069393242500e+14
3.506250000000000000e+02 2.351286847986699375e+14
3.509375000000000000e+02 2.348745896389735000e+14
3.512500000000000000e+02 2.346206202412546250e+14
3.515625000000000000e+02 2.343667753865331250e+14
3.518750000000000000e+02 2.341130538558285312e+14
3.521875000000000000e+02 2.338594544301607188e+14
3.525000000000000000e+02 2.336059758905493438e+14
3.528125000000000000e+02 2.333526170180141250e+14
3.531250000000000000e+02 2.330993765935747500e+14
3.534375000000000000e+02 2.328462533982509688e+14
3.537500000000000000e+02 2.325932462130625000e+14
3.540625000000000000e+02 2.323403538190289688e+14
3.543750000000000000e+02 2.320875749971701875e+14
3.546875000000000000e+02 2.318349085285058125e+14
3.550000000000000000e+02 2.315823531940555938e+14
3.553125000000000000e+02 2.313299077748391875e+14
3.556250000000000000e+02 2.310775710518764062e+14
3.559375000000000000e+02 2.308253418061868750e+14
3.562500000000000000e+02 2.305732188187903125e+14
3.565625000000000000e+02 2.303212008707064375e+14
3.568750000000000000e+02 2.300692867429549688e+14
3.571875000000000000e+02 2.298174752165556250e+14
3.575000000000000000e+02 2.295657650725281250e+14
3.578125000000000000e+02 2.293141550918921875e+14
3.581250000000000000e+02 2.290626440556675000e+14
3.584375000000000000e+02 2.288112307448737500e+14
3.587500000000000000e+02 2.285599139405307500e+14
3.590625000000000000e+02 2.283086924236580625e+14
3.593750000000000000e+02 2.280575649752755000e+14
3.596875000000000000e+02 2.278065303764028125e+14
3.600000000000000000e+02 2.275555874080596250e+14
3.603125000000000000e+02 2.273047348512656875e+14
3.606250000000000000e+02 2.270539714870406562e+14
3.609375000000000000e+02 2.268032960964043750e+14
3.612500000000000000e+02 2.265527074603764375e+14
3.615625000000000000e+02 2.263022043599765312e+14
3.618750000000000000e+02 2.260517855762244375e+14
3.621875000000000000e+02 2.258014498901399375e+14
3.625000000000000000e+02 2.255511960827426250e+14
3.628125000000000000e+02 2.253010229350521875e+14
3.631250000000000000e+02 2.250509292280885000e+14
3.634375000000000000e+02 2.248009137428711250e+14
3.637500000000000000e+02 2.245509752604198438e+14
3.640625000000000000e+02 2.243011125617543438e+14
3.643750000000000000e+02 2.240513244278943750e+14
3.646875000000000000e+02 2.238016096398596250e+14
3.650000000000000000e+02 2.235519669786697812e+14
3.653125000000000000e+02 2.233023952253445625e+14
3.656250000000000000e+02 2.230528931609037188e+14
3.659375000000000000e+02 2.228034595663668750e+14
3.662500000000000000e+02 2.225540932227538750e+14
3.665625000000000000e+02 2.223047929110843125e+14
3.668750000000000000e+02 2.220555574123779688e+14
3.671875000000000000e+02 2.218063855076545312e+14
3.675000000000000000e+02 2.215572759779336875e+14
3.678125000000000000e+02 2.213082276042352188e+14
3.681250000000000000e+02 2.210592391675787812e+14
3.684375000000000000e+02 2.208103094489841250e+14
3.687500000000000000e+02 2.205614372294708750e+14
3.690625000000000000e+02 2.203126212900589062e+14
3.693750000000000000e+02 2.200638604117678125e+14
3.696875000000000000e+02 2.198151533756172500e+14
3.700000000000000000e+02 2.195664989626270625e+14
3.703125000000000000e+02 2.193178959538168750e+14
3.706250000000000000e+02 2.190693431302064375e+14
3.709375000000000000e+02 2.188208392728154375e+14
3.712500000000000000e+02 2.185723831626636875e+14
3.715625000000000000e+02 2.183239735807707500e+14
3.718750000000000000e+02 2.180756093081564375e+14
3.721875000000000000e+02 2.178272891258404062e+14
3.725000000000000000e+02 2.175790118148424375e+14
3.728125000000000000e+02 2.173307761561821250e+14
3.731250000000000000e+02 2.170825809308793125e+14
3.734375000000000000e+02 2.168344249199535625e+14
3.737500000000000000e+02 2.165863069044247500e+14
3.740625000000000000e+02 2.163382256653125000e+14
3.743750000000000000e+02 2.160901799836365938e+14
3.746875000000000000e+02 2.158421686404166250e+14
3.750000000000000000e+02 2.155941904166724375e+14
3.753125000000000000e+02 2.153462440934235938e+14
3.756250000000000000e+02 2.150983284516899375e+14
3.759375000000000000e+02 2.148504422724911250e+14
3.762500000000000000e+02 2.146025843368468750e+14
3.765625000000000000e+02 2.143547534257768750e+14
3.768750000000000000e+02 2.141069483203008750e+14
3.771875000000000000e+02 2.138591678014385312e+14
3.775000000000000000e+02 2.136114106502096250e+14
3.778125000000000000e+02 2.133636756476338750e+14
3.781250000000000000e+02 2.131159615747309375e+14
3.784375000000000000e+02 2.128682672125205625e+14
3.787500000000000000e+02 2.126205913420224375e+14
3.790625000000000000e+02 2.123729327442562500e+14
3.793750000000000000e+02 2.121252902002418125e+14
3.796875000000000000e+02 2.118776624909987188e+14
3.800000000000000000e+02 2.116300483975467500e+14
3.803125000000000000e+02 2.113824467009056250e+14
3.806250000000000000e+02 2.111348561820950312e+14
3.809375000000000000e+02 2.108872756221346562e+14
3.812500000000000000e+02 2.106397038020442500e+14
3.815625000000000000e+02 2.103921395028435000e+14
3.818750000000000000e+02 2.101445815055521250e+14
3.821875000000000000e+02 2.098970285911898438e+14
3.825000000000000000e+02 2.096494795407763750e+14
3.828125000000000000e+02 2.094019331353314375e+14
3.831250000000000000e+02 2.091543881558747500e+14
3.834375000000000000e+02 2.089068433834259688e+14
3.837500000000000000e+02 2.086592975990048438e+14
3.840625000000000000e+02 2.084117495836311250e+14
3.843750000000000000e+02 2.081641981183244375e+14
3.846875000000000000e+02 2.079166419841045625e+14
3.850000000000000000e+02 2.076690799619911875e+14
3.853125000000000000e+02 2.074215108330040000e+14
3.856250000000000000e+02 2.071739333781627500e+14
3.859375000000000000e+02 2.069263463784871875e+14
3.862500000000000000e+02 2.066787486149969062e+14
3.865625000000000000e+02 2.064311388687117500e+14
3.868750000000000000e+02 2.061835159206513125e+14
3.871875000000000000e+02 2.059358785518354062e+14
3.875000000000000000e+02 2.056882255432836875e+14
3.878125000000000000e+02 2.054405556760158750e+14
3.881250000000000000e+02 2.051928677310516875e+14
3.884375000000000000e+02 2.049451604894108438e+14
3.887500000000000000e+02 2.046974327321130625e+14
3.890625000000000000e+02 2.044496832401780000e+14
3.893750000000000000e+02 2.042019107946254375e+14
3.896875000000000000e+02 2.039541141764750000e+14
3.900000000000000000e+02 2.037062921667465625e+14
3.903125000000000000e+02 2.034584435464596875e+14
3.906250000000000000e+02 2.032105670966341250e+14
3.909375000000000000e+02 2.029626615982896250e+14
3.912500000000000000e+02 2.027147258324458125e+14
3.915625000000000000e+02 2.024667585801225000e+14
3.918750000000000000e+02 2.022187586223393125e+14
3.921875000000000000e+02 2.019707247401160625e+14
3.925000000000000000e+02 2.017226557144723750e+14
3.928125000000000000e+02 2.014745503264280000e+14
3.931250000000000000e+02 2.012264073570026875e+14
3.934375000000000000e+02 2.009782255872160625e+14
3.937500000000000000e+02 2.007300037980879062e+14
3.940625000000000000e+02 2.004817407706379375e+14
3.943750000000000000e+02 2.002334352858857500e+14
3.946875000000000000e+02 1.999850861248511250e+14
3.950000000000000000e+02 1.997366920685538438e+14
3.953125000000000000e+02 1.994882518980135625e+14
3.956250000000000000e+02 1.992397643942500000e+14
3.959375000000000000e+02 1.989912283382828750e+14
3.962500000000000000e+02 1.987426425111318750e+14
3.965625000000000000e+02 1.984940056938167500e+14
3.968750000000000000e+02 1.982453166673571562e+14
3.971875000000000000e+02 1.979965742127728750e+14
3.975000000000000000e+02 1.977477771110835625e+14
3.978125000000000000e+02 1.974989241433089375e+14
3.981250000000000000e+02 1.972500140904687500e+14
3.984375000000000000e+02 1.970010457335826875e+14
3.987500000000000000e+02 1.967520178536704375e+14
3.990625000000000000e+02 1.965029292317517500e+14
3.993750000000000000e+02 1.962537786488463125e+14
3.996875000000000000e+02 1.960045648859738438e+14
4.000000000000000000e+02 1.957552867241540625e+14
4.003125000000000000e+02 1.955059429444066875e+14
4.006250000000000000e+02 1.952565323277514375e+14
4.009375000000000000e+02 1.950070536552080000e+14
4.012500000000000000e+02 1.947575057077960938e+14
4.015625000000000000e+02 1.945078872665354375e+14
4.018750000000000000e+02 1.942581971124457500e+14
4.021875000000000000e+02 1.940084340265467188e+14
4.025000000000000000e+02 1.937585967898580625e+14
4.028125000000000000e+02 1.935086841833995312e+14
4.031250000000000000e+02 1.932586949881907812e+14
4.034375000000000000e+02 1.930086279852515625e+14
4.037500000000000000e+02 1.927584819556015625e+14
4.040625000000000000e+02 1.925082556802605625e+14
4.043750000000000000e+02 1.922579479402481250e+14
4.046875000000000000e+02 1.920075575165841250e+14
4.050000000000000000e+02 1.917570831902881562e+14
4.053125000000000000e+02 1.915065237423800000e+14
4.056250000000000000e+02 1.912558779538793750e+14
4.059375000000000000e+02 1.910051446058059375e+14
4.062500000000000000e+02 1.907543224791794375e+14
4.065625000000000000e+02 1.905034103550195625e+14
4.068750000000000000e+02 1.902524070143460625e+14
4.071875000000000000e+02 1.900013112381786250e+14
4.075000000000000000e+02 1.897501218075369688e+14
4.078125000000000000e+02 1.894988375034408125e+14
4.081250000000000000e+02 1.892474571069098438e+14
4.084375000000000000e+02 1.889959793989638125e+14
4.087500000000000000e+02 1.887444031606223438e+14
4.090625000000000000e+02 1.884927271729052500e+14
4.093750000000000000e+02 1.882409502168321875e+14
4.096875000000000000e+02 1.879890710734229375e+14
4.100000000000000000e+02 1.877370885236971250e+14
4.103125000000000000e+02 1.874850013486745000e+14
4.106250000000000000e+02 1.872328083293747500e+14
4.109375000000000000e+02 1.869805082468176562e+14
4.112500000000000000e+02 1.867280998820228750e+14
4.115625000000000000e+02 1.864755820160101250e+14
4.118750000000000000e+02 1.862229534297991250e+14
4.121875000000000000e+02 1.859702129044095625e+14
4.125000000000000000e+02 1.857173592208612188e+14
4.128125000000000000e+02 1.854643911601736875e+14
4.131250000000000000e+02 1.852113075033668125e+14
4.134375000000000000e+02 1.849581070314602188e+14
4.137500000000000000e+02 1.847047873064933750e+14
4.140625000000000000e+02 1.844513495474465312e+14
4.143750000000000000e+02 1.841977937543197188e+14
