-1.968700000000000117e+01 1.455497623720288696e+11
-1.937380311614731099e+01 -3.216425149316749878e+11
-1.906060623229461726e+01 -7.789278892590852051e+11
-1.874740934844192708e+01 -1.226306360610202881e+12
-1.843421246458923690e+01 -1.663777928985025879e+12
-1.812101558073654317e+01 -2.091342594383555176e+12
-1.780781869688385299e+01 -2.509000356805790039e+12
-1.749462181303115926e+01 -2.916751216251732422e+12
-1.718142492917846909e+01 -3.314595172721379395e+12
-1.686822804532577891e+01 -3.702532226214733398e+12
-1.655503116147308518e+01 -4.080562376731793457e+12
-1.624183427762039500e+01 -4.448685624272559570e+12
-1.592863739376770482e+01 -4.806901968837031250e+12
-1.561544050991501109e+01 -5.155211410425210938e+12
-1.530224362606232091e+01 -5.493613949037095703e+12
-1.498904674220962896e+01 -5.822109584672686523e+12
-1.467584985835693701e+01 -6.140698317331983398e+12
-1.436265297450424683e+01 -6.449380147014986328e+12
-1.404945609065155487e+01 -6.748155073721697266e+12
-1.373625920679886292e+01 -7.037023097452112305e+12
-1.342306232294617274e+01 -7.315984218206234375e+12
-1.310986543909348079e+01 -7.585038435984062500e+12
-1.279666855524078883e+01 -7.844185750785596680e+12
-1.248347167138809866e+01 -8.093426162610836914e+12
-1.217027478753540670e+01 -8.332759671459783203e+12
-1.185707790368271475e+01 -8.562186277332435547e+12
-1.154388101983002279e+01 -8.781705980228794922e+12
-1.123068413597733262e+01 -8.991318780148861328e+12
-1.091748725212464066e+01 -9.191024677092632812e+12
-1.060429036827194871e+01 -9.380823671060109375e+12
-1.029109348441925675e+01 -9.560715762051292969e+12
-9.977896600566566576e+00 -9.730700950066183594e+12
-9.664699716713874622e+00 -9.890779235104820312e+12
-9.351502832861182668e+00 -1.003664572885727344e+13
-9.038305949008492490e+00 -1.018394804586632812e+13
-8.725109065155800536e+00 -1.032583256663463281e+13
-8.411912181303108582e+00 -1.045880634159299414e+13
-8.098715297450416628e+00 -1.058180187597788672e+13
-7.785518413597726450e+00 -1.069692951107624219e+13
-7.472321529745034496e+00 -1.079830191018958984e+13
-7.159124645892342542e+00 -1.089513311404896680e+13
-6.845927762039652364e+00 -1.096921949325904688e+13
-6.532730878186960410e+00 -1.101792804502253516e+13
-6.219533994334268456e+00 -1.104995329551666211e+13
-5.906337110481576502e+00 -1.107988831183050000e+13
-5.593140226628886325e+00 -1.111612335640666016e+13
-5.279943342776194370e+00 -1.115726337110193750e+13
-4.966746458923502416e+00 -1.119120350302705273e+13
-4.653549575070812239e+00 -1.121913400241206641e+13
-4.340352691218120285e+00 -1.124620010198315234e+13
-4.027155807365428331e+00 -1.128022713152647656e+13
-3.713958923512736376e+00 -1.133740682974824609e+13
-3.400762039660044422e+00 -1.140707338429388672e+13
-3.087565155807354245e+00 -1.147545393555109961e+13
-2.774368271954664067e+00 -1.152957893317766797e+13
-2.461171388101970336e+00 -1.157488684799287891e+13
-2.147974504249280159e+00 -1.162586415176074609e+13
-1.834777620396589981e+00 -1.170720524357016797e+13
-1.521580736543896251e+00 -1.181781030655540039e+13
-1.208383852691206073e+00 -1.194262148707408203e+13
-8.951869688385123425e-01 -1.207263582292678125e+13
-5.819900849858221648e-01 -1.219539585532360938e+13
-2.687932011331319870e-01 -1.231230475982805859e+13
4.440368271956174340e-02 -1.242946632106771875e+13
3.576005665722519211e-01 -1.254616002808203125e+13
6.707974504249420988e-01 -1.189439611479507031e+13
9.839943342776358293e-01 -1.346141038304348047e+13
1.297191218130326007e+00 -1.580204083313036328e+13
1.610388101983016185e+00 -1.762773094109757812e+13
1.923584985835709915e+00 -1.784766103384481250e+13
2.236781869688400093e+00 -1.562932495095306250e+13
2.549978753541093823e+00 -1.046798622423118359e+13
2.863175637393784001e+00 -5.687451639825335938e+12
3.176372521246474179e+00 -2.899777756747697144e+11
3.489569405099167909e+00 5.723441727660150391e+12
3.802766288951858087e+00 1.235181322961911523e+13
4.115963172804548265e+00 1.959414308964177344e+13
4.429160056657241995e+00 2.744943766716775000e+13
4.742356940509932173e+00 3.591670332163675000e+13
5.055553824362622350e+00 4.499494641248842188e+13
5.368750708215316081e+00 5.468317329916237500e+13
5.681947592068006259e+00 6.498039034109832812e+13
5.995144475920696436e+00 7.588560389773592188e+13
6.308341359773390167e+00 8.739782032851481250e+13
6.621538243626080344e+00 9.951604599287468750e+13
6.934735127478774075e+00 1.122392872502551250e+14
7.247932011331464253e+00 1.255665504600958125e+14
7.561128895184154430e+00 1.394974722876133750e+14
7.874325779036848161e+00 1.540332651624668125e+14
8.187522662889538339e+00 1.691700990680995000e+14
8.500719546742228516e+00 1.848934287897466562e+14
8.813916430594922247e+00 2.011761029971043750e+14
9.127113314447612424e+00 2.179802551616607812e+14
9.440310198300302602e+00 2.352629763086882500e+14
9.753507082152996333e+00 2.529829332279014688e+14
1.006670396600568651e+01 2.710994230147922812e+14
1.037990084985837669e+01 2.895717427648523750e+14
1.069309773371107042e+01 3.083591895735734375e+14
1.100629461756376060e+01 3.274210605364472500e+14
1.131949150141645433e+01 3.467166527489655625e+14
1.163268838526914450e+01 3.662052633066200000e+14
1.194588526912183468e+01 3.858461893049025000e+14
1.225908215297452841e+01 4.055987278393045000e+14
1.257227903682722214e+01 4.254221760053180000e+14
1.288547592067991232e+01 4.452758308984346250e+14
1.319867280453260250e+01 4.651189896141459375e+14
1.351186968838529268e+01 4.849109492479437500e+14
1.382506657223798285e+01 5.046110068953200625e+14
1.413826345609067303e+01 5.241784596517663750e+14
1.445146033994337031e+01 5.435718414529325625e+14
1.476465722379606049e+01 5.627477783348630625e+14
1.507785410764875067e+01 5.816690016123388750e+14
1.539105099150144085e+01 6.003112163174547500e+14
1.570424787535413103e+01 6.186653906791463750e+14
1.601744475920682120e+01 6.367354666436631250e+14
1.633064164305951849e+01 6.545314914359911250e+14
1.664383852691220866e+01 6.720616043815108750e+14
1.695703541076489884e+01 6.893331816457607500e+14
1.727023229461758902e+01 7.063535993942795000e+14
1.758342917847027920e+01 7.231302337926063750e+14
1.789662606232297648e+01 7.396704610062795000e+14
1.820982294617566666e+01 7.559816572008376250e+14
1.852301983002835684e+01 7.720711985418196250e+14
1.883621671388104701e+01 7.879464611947640000e+14
1.914941359773373719e+01 8.036148213252095000e+14
1.946261048158642737e+01 8.190836550986948750e+14
1.977580736543912465e+01 8.343603386807588750e+14
2.008900424929181483e+01 8.494522482369400000e+14
2.040220113314450501e+01 8.643667599327770000e+14
2.071539801699719519e+01 8.791112499338082500e+14
2.102859490084988536e+01 8.936930944055730000e+14
2.134179178470258265e+01 9.081197607721490000e+14
2.165498866855527282e+01 9.223989446039615000e+14
2.196818555240796300e+01 9.365376114031237500e+14
2.228138243626065318e+01 9.505411752765810000e+14
2.259457932011334336e+01 9.644132251604957500e+14
2.290777620396603353e+01 9.781557985958637500e+14
2.322097308781873082e+01 9.917702030553672500e+14
2.353416997167142100e+01 1.005257974158036500e+15
2.384736685552411117e+01 1.018620738781440875e+15
2.416056373937680135e+01 1.031860123803150000e+15
2.447376062322949153e+01 1.044977756100733250e+15
2.478695750708218881e+01 1.057975262551760250e+15
2.510015439093487899e+01 1.070854270033800125e+15
2.541335127478756917e+01 1.083616405424422500e+15
2.572654815864025935e+01 1.096263295601196750e+15
2.603974504249294952e+01 1.108796567441692250e+15
2.635294192634563970e+01 1.121217847823478625e+15
2.666613881019833698e+01 1.133528763624125500e+15
2.697933569405102716e+01 1.145730941721202000e+15
2.729253257790371734e+01 1.157826008992278000e+15
2.760572946175640752e+01 1.169815592314922000e+15
2.791892634560909769e+01 1.181701318566704250e+15
2.823212322946178787e+01 1.193484739947285250e+15
2.854532011331448516e+01 1.205167221961551750e+15
2.885851699716717533e+01 1.216750727537664500e+15
2.917171388101986551e+01 1.228238489128240500e+15
2.948491076487255569e+01 1.239635232744080000e+15
2.979810764872524587e+01 1.250946953920439000e+15
3.011130453257794315e+01 1.262180245615847000e+15
3.042450141643063333e+01 1.273341514094060500e+15
3.073769830028332350e+01 1.284437090940927500e+15
3.105089518413601368e+01 1.295473307742295000e+15
3.136409206798870386e+01 1.306456496084010500e+15
3.167728895184139404e+01 1.317392987551921500e+15
3.199048583569409132e+01 1.328289113731875500e+15
3.230368271954678505e+01 1.339151206209719750e+15
3.261687960339946812e+01 1.349985596571301750e+15
3.293007648725216541e+01 1.360798616402469250e+15
3.324327337110484848e+01 1.371596597289069500e+15
3.355647025495754576e+01 1.382385870816950000e+15
3.386966713881024305e+01 1.393172768571958000e+15
3.418286402266292612e+01 1.403963622139941500e+15
3.449606090651562340e+01 1.414764763106747000e+15
3.480925779036830647e+01 1.425582523058223000e+15
3.512245467422100376e+01 1.436423413602942000e+15
3.543565155807370104e+01 1.447294396406293000e+15
3.574884844192638411e+01 1.458200992951856750e+15
3.606204532577908140e+01 1.469145664336871000e+15
3.637524220963176447e+01 1.480127271204054000e+15
3.668843909348446175e+01 1.491141613809781750e+15
3.700163597733715903e+01 1.502183052228622500e+15
3.731483286118984211e+01 1.513246396591959000e+15
3.762802974504253939e+01 1.524326637053900500e+15
3.794122662889522246e+01 1.535418763768555750e+15
3.825442351274791974e+01 1.546517766890034000e+15
3.856762039660060282e+01 1.557618636572444500e+15
3.888081728045330010e+01 1.568716362969895500e+15
3.919401416430599738e+01 1.579805936236497000e+15
3.950721104815868046e+01 1.590882346526357000e+15
3.982040793201137774e+01 1.601940583993585000e+15
4.013360481586406081e+01 1.612975638792290000e+15
4.044680169971675809e+01 1.623982501076581000e+15
4.075999858356945538e+01 1.634956161000567500e+15
4.107319546742213845e+01 1.645891608718357750e+15
4.138639235127483573e+01 1.656783834384061000e+15
4.169958923512751880e+01 1.667627828151786750e+15
4.201278611898021609e+01 1.678418580175643250e+15
4.232598300283291337e+01 1.689151080609740250e+15
4.263917988668559644e+01 1.699820319608186250e+15
4.295237677053829373e+01 1.710421287325090250e+15
4.326557365439097680e+01 1.720948973914561750e+15
4.357877053824367408e+01 1.731398369530709500e+15
4.389196742209635715e+01 1.741764464327642000e+15
4.420516430594905444e+01 1.752042248459469000e+15
4.451836118980175172e+01 1.762226712080299500e+15
4.483155807365444900e+01 1.772312845344241750e+15
4.514475495750713208e+01 1.782295638405405750e+15
4.545795184135982936e+01 1.792170081417900000e+15
4.577114872521251243e+01 1.801931164535833000e+15
4.608434560906520971e+01 1.811573877913315000e+15
4.639754249291789279e+01 1.821093211704454000e+15
4.671073937677059007e+01 1.830484156063360000e+15
4.702393626062328735e+01 1.839741701144140750e+15
4.733713314447597043e+01 1.848860837100906250e+15
4.765033002832866771e+01 1.857836554087765000e+15
4.796352691218135078e+01 1.866663842258826000e+15
4.827672379603404806e+01 1.875337691768198750e+15
4.858992067988674535e+01 1.883853092769992000e+15
4.890311756373942842e+01 1.892205017289020500e+15
4.921631444759212570e+01 1.900388392026862500e+15
4.952951133144480877e+01 1.908398288719452250e+15
4.984270821529750606e+01 1.916230087300727750e+15
5.015590509915020334e+01 1.923879530290513500e+15
5.046910198300288641e+01 1.931342668406639750e+15
5.078229886685558370e+01 1.938615697401290500e+15
5.109549575070826677e+01 1.945694767703414250e+15
5.140869263456096405e+01 1.952576011612665500e+15
5.172188951841364712e+01 1.959255561428698250e+15
5.203508640226634441e+01 1.965729549451166500e+15
5.234828328611904169e+01 1.971994107979724750e+15
5.266148016997172476e+01 1.978045369314026500e+15
5.297467705382442205e+01 1.983879465753726500e+15
5.328787393767710512e+01 1.989492529598478750e+15
5.360107082152980240e+01 1.994880693147937250e+15
5.391426770538249968e+01 2.000040088701756250e+15
5.422746458923518276e+01 2.004966848559590000e+15
5.454066147308788004e+01 2.009657105021092750e+15
5.485385835694056311e+01 2.014106990385918500e+15
5.516705524079326040e+01 2.018312636953721250e+15
5.548025212464595768e+01 2.022270177024155250e+15
5.579344900849864075e+01 2.025975432543348750e+15
5.610664589235133803e+01 2.029423449573614000e+15
5.641984277620402111e+01 2.032611757005473500e+15
5.673303966005671839e+01 2.035543159739391000e+15
5.704623654390941567e+01 2.038226669746350500e+15
5.735943342776209875e+01 2.040676575007280250e+15
5.767263031161479603e+01 2.042909646331315500e+15
5.798582719546747910e+01 2.044941878643777250e+15
5.829902407932017638e+01 2.046788956516460000e+15
5.861222096317285946e+01 2.048466564521158500e+15
5.892541784702555674e+01 2.049990387229667250e+15
5.923861473087825402e+01 2.051376666923624000e+15
5.955181161473093709e+01 2.052643040159276000e+15
5.986500849858363438e+01 2.053802681814122000e+15
6.017820538243631745e+01 2.054859285698322750e+15
6.049140226628901473e+01 2.055805391425170500e+15
6.080459915014171202e+01 2.056624057540618500e+15
6.111779603399439509e+01 2.057293880911873750e+15
6.143099291784709237e+01 2.057794852680749750e+15
6.174418980169977544e+01 2.058107521698906000e+15
6.205738668555247273e+01 2.058212436818000250e+15
6.237058356940517001e+01 2.058090146889690500e+15
6.268378045325785308e+01 2.057720886551879500e+15
6.299697733711055037e+01 2.057084104908078500e+15
6.331017422096323344e+01 2.056161764771848750e+15
6.362337110481593072e+01 2.054941170590601250e+15
6.393656798866861379e+01 2.053415911086868750e+15
6.424976487252131108e+01 2.051584916617034000e+15
6.456296175637400836e+01 2.049449631247529250e+15
6.487615864022669143e+01 2.047010713510395000e+15
6.518935552407938872e+01 2.044268507723917500e+15
6.550255240793207179e+01 2.041223358206382250e+15
6.581574929178476907e+01 2.037875609276074500e+15
6.612894617563746635e+01 2.034225605251280000e+15
6.644214305949014943e+01 2.030273690450283750e+15
6.675533994334284671e+01 2.026020209191372250e+15
6.706853682719552978e+01 2.021465505792829500e+15
6.738173371104822706e+01 2.016609924572943000e+15
6.769493059490092435e+01 2.011453809849997000e+15
6.800812747875360742e+01 2.005997505942277000e+15
6.832132436260630470e+01 2.000241357168068750e+15
6.863452124645898778e+01 1.994185707845658000e+15
6.894771813031168506e+01 1.987830902293330000e+15
6.926091501416438234e+01 1.981177284829370500e+15
6.957411189801706541e+01 1.974224922519512000e+15
6.988730878186976270e+01 1.966973189298106000e+15
7.020050566572244577e+01 1.959423677119925500e+15
7.051370254957514305e+01 1.951582691233137000e+15
7.082689943342782612e+01 1.943462081936961750e+15
7.114009631728052341e+01 1.935078412824015000e+15
7.145329320113322069e+01 1.926450465507334000e+15
7.176649008498590376e+01 1.917596328468574000e+15
7.207968696883860105e+01 1.908533812936837750e+15
7.239288385269128412e+01 1.899280730141227000e+15
7.270608073654398140e+01 1.889854891310845500e+15
7.301927762039667869e+01 1.880274107674795000e+15
7.333247450424936176e+01 1.870556190462178500e+15
7.364567138810205904e+01 1.860718950902099250e+15
7.395886827195474211e+01 1.850780200223658500e+15
7.427206515580743940e+01 1.840757749655959500e+15
7.458526203966013668e+01 1.830669410428105250e+15
7.489845892351281975e+01 1.820532993769198250e+15
7.521165580736551703e+01 1.810366310908340500e+15
7.552485269121820011e+01 1.800187173074635500e+15
7.583804957507089739e+01 1.790013391497185000e+15
7.615124645892358046e+01 1.779862777405092500e+15
7.646444334277627775e+01 1.769753429380292500e+15
7.677764022662897503e+01 1.759704164386802750e+15
7.709083711048165810e+01 1.749731500565978500e+15
7.740403399433435538e+01 1.739847071061017000e+15
7.771723087818703846e+01 1.730056761958459500e+15
7.803042776203973574e+01 1.720361574346690000e+15
7.834362464589243302e+01 1.710760210491429000e+15
7.865682152974511610e+01 1.701252091040480750e+15
7.897001841359781338e+01 1.691836923994480500e+15
7.928321529745049645e+01 1.682514417354065000e+15
7.959641218130319373e+01 1.673284279119870000e+15
7.990960906515589102e+01 1.664146217292532000e+15
8.022280594900857409e+01 1.655099939872686250e+15
8.053600283286127137e+01 1.646145154860969500e+15
8.084919971671395444e+01 1.637281570258017750e+15
8.116239660056665173e+01 1.628508894064467000e+15
8.147559348441934901e+01 1.619826834280952500e+15
8.178879036827203208e+01 1.611235098908112000e+15
8.210198725212472937e+01 1.602733395946581000e+15
8.241518413597741244e+01 1.594321433396995000e+15
8.272838101983010972e+01 1.585998919259990250e+15
8.304157790368279279e+01 1.577765561536203000e+15
8.335477478753549008e+01 1.569621068226269250e+15
8.366797167138818736e+01 1.561565147330825250e+15
8.398116855524087043e+01 1.553597506850507000e+15
8.429436543909356772e+01 1.545717854785950500e+15
8.460756232294625079e+01 1.537925899137792000e+15
8.492075920679894807e+01 1.530221347906667750e+15
8.523395609065164535e+01 1.522603909093213500e+15
8.554715297450432843e+01 1.515073290698065500e+15
8.586034985835702571e+01 1.507629200721859750e+15
8.617354674220970878e+01 1.500271347165232000e+15
8.648674362606240607e+01 1.492999438028819000e+15
8.679994050991510335e+01 1.485813181313256500e+15
8.711313739376778642e+01 1.478712285019180000e+15
8.742633427762048370e+01 1.471696457147227000e+15
8.773953116147316678e+01 1.464765405698032500e+15
8.805272804532586406e+01 1.457918838672232750e+15
8.836592492917854713e+01 1.451156464070464000e+15
8.867912181303124441e+01 1.444477989893362250e+15
8.899231869688394170e+01 1.437883124141563500e+15
8.930551558073662477e+01 1.431371574815704000e+15
8.961871246458932205e+01 1.424943049916420250e+15
8.993190934844200513e+01 1.418597257444347500e+15
9.024510623229470241e+01 1.412333914548583000e+15
9.055830311614739969e+01 1.406152761249373000e+15
9.087150000000008276e+01 1.400053464379283000e+15
9.118469688385278005e+01 1.394035535247050500e+15
9.149789376770546312e+01 1.388098302192208500e+15
9.181109065155816040e+01 1.382240938030461000e+15
9.212428753541085769e+01 1.376462542389831500e+15
9.243748441926354076e+01 1.370762237769493500e+15
9.275068130311623804e+01 1.365139155817080750e+15
9.306387818696892111e+01 1.359592428180227250e+15
9.337707507082161840e+01 1.354121186506566750e+15
9.369027195467431568e+01 1.348724562443733500e+15
9.400346883852699875e+01 1.343401687639361000e+15
9.431666572237969604e+01 1.338151693741083500e+15
9.462986260623237911e+01 1.332973712396535250e+15
9.494305949008507639e+01 1.327866875253349500e+15
9.525625637393775946e+01 1.322830313959160250e+15
9.556945325779045675e+01 1.317863160161601500e+15
9.588265014164315403e+01 1.312964545508307500e+15
9.619584702549583710e+01 1.308133601646911500e+15
9.650904390934853438e+01 1.303369460225048500e+15
9.682224079320121746e+01 1.298671252890351500e+15
9.713543767705391474e+01 1.294038111290454500e+15
9.744863456090661202e+01 1.289469167072992000e+15
9.776183144475929510e+01 1.284963551885597000e+15
9.807502832861199238e+01 1.280520397375904250e+15
9.838822521246467545e+01 1.276138835191547250e+15
9.870142209631737273e+01 1.271817996980160000e+15
9.901461898017007002e+01 1.267557014389376500e+15
9.932781586402275309e+01 1.263355019066830750e+15
9.964101274787545037e+01 1.259211142660156500e+15
9.995420963172813344e+01 1.255124516816988000e+15
1.002674065155808307e+02 1.251094273184958500e+15
1.005806033994335138e+02 1.247119543411702500e+15
1.008938002832862111e+02 1.243199459144853250e+15
1.012069971671389084e+02 1.239333152032045500e+15
1.015201940509915914e+02 1.235519753720913000e+15
1.018333909348442887e+02 1.231758395859089000e+15
1.021465878186969718e+02 1.228048210094208000e+15
1.024597847025496691e+02 1.224388328073904000e+15
1.027729815864023664e+02 1.220777881445810500e+15
1.030861784702550494e+02 1.217216001857562000e+15
1.033993753541077467e+02 1.213701820956792000e+15
1.037125722379604298e+02 1.210234470391134250e+15
1.040257691218131271e+02 1.206813081808223250e+15
1.043389660056658244e+02 1.203436786855692250e+15
1.046521628895185074e+02 1.200104717181176000e+15
1.049653597733712047e+02 1.196816004432307500e+15
1.052785566572238878e+02 1.193569780256721000e+15
1.055917535410765851e+02 1.190365176302050750e+15
1.059049504249292823e+02 1.187201324215930500e+15
1.062181473087819654e+02 1.184077355645994000e+15
1.065313441926346627e+02 1.180992402239875000e+15
1.068445410764873458e+02 1.177945595645208000e+15
1.071577379603400431e+02 1.174936067509626750e+15
1.074709348441927261e+02 1.171962949480764750e+15
1.077841317280454234e+02 1.169025373206256250e+15
1.080973286118981207e+02 1.166122470333735250e+15
1.084105254957508038e+02 1.163253372510835500e+15
1.087237223796035011e+02 1.160417211385191000e+15
1.090369192634561983e+02 1.157613118604435250e+15
1.093501161473088956e+02 1.154840225816203000e+15
1.096633130311615645e+02 1.152097664668127500e+15
1.099765099150142618e+02 1.149384566807843000e+15
1.102897067988669590e+02 1.146700063882983250e+15
1.106029036827196563e+02 1.144043287541182000e+15
1.109161005665723252e+02 1.141413369430073500e+15
1.112292974504250225e+02 1.138809441197292000e+15
1.115424943342777198e+02 1.136230634490470500e+15
1.118556912181304170e+02 1.133676080957243500e+15
1.121688881019831143e+02 1.131144912245245000e+15
1.124820849858357832e+02 1.128636260002109000e+15
1.127952818696884805e+02 1.126149255875468750e+15
1.131084787535411778e+02 1.123683031512958500e+15
1.134216756373938750e+02 1.121236718562212500e+15
1.137348725212465723e+02 1.118809448670864375e+15
1.140480694050992412e+02 1.116400353486548000e+15
1.143612662889519385e+02 1.114008564656897500e+15
1.146744631728046357e+02 1.111633213829546625e+15
1.149876600566573330e+02 1.109273432652129375e+15
1.153008569405100303e+02 1.106928352772279625e+15
1.156140538243626992e+02 1.104597105837631250e+15
1.159272507082153965e+02 1.102278823495818250e+15
1.162404475920680937e+02 1.099972637394474500e+15
1.165536444759207910e+02 1.097677679181234000e+15
1.168668413597734883e+02 1.095393080503730500e+15
1.171800382436261572e+02 1.093117973009598375e+15
1.174932351274788545e+02 1.090851488346471000e+15
1.178064320113315517e+02 1.088592758161982500e+15
1.181196288951842490e+02 1.086340900345524125e+15
1.184328257790369463e+02 1.084094998390879875e+15
1.187460226628896152e+02 1.081854245857776375e+15
1.190592195467423124e+02 1.079618070196067000e+15
1.193724164305950097e+02 1.077386174020460750e+15
1.196856133144477070e+02 1.075158493835794500e+15
1.199988101983004043e+02 1.072935076212846500e+15
1.203120070821530732e+02 1.070715933326788000e+15
1.206252039660057704e+02 1.068501063594548375e+15
1.209384008498584677e+02 1.066290465433056250e+15
1.212515977337111650e+02 1.064084137259240000e+15
1.215647946175638623e+02 1.061882077490029250e+15
1.218779915014165312e+02 1.059684284542352125e+15
1.221911883852692284e+02 1.057490756833137500e+15
1.225043852691219257e+02 1.055301492779314500e+15
1.228175821529746230e+02 1.053116490797811750e+15
1.231307790368272919e+02 1.050935749305558500e+15
1.234439759206799891e+02 1.048759266719482750e+15
1.237571728045326864e+02 1.046587041456513625e+15
1.240703696883853837e+02 1.044419071933580000e+15
1.243835665722380810e+02 1.042255356567610750e+15
1.246967634560907499e+02 1.040095893775534750e+15
1.250099603399434471e+02 1.037940681974280500e+15
1.253231572237961444e+02 1.035789719580777250e+15
1.256363541076488417e+02 1.033643005011953500e+15
1.259495509915015390e+02 1.031500536684738125e+15
1.262627478753542078e+02 1.029362313016060000e+15
1.265759447592069051e+02 1.027228332422847750e+15
1.268891416430596024e+02 1.025098593322030375e+15
1.272023385269122997e+02 1.022973094130536625e+15
1.275155354107649970e+02 1.020851833265295375e+15
1.278287322946176658e+02 1.018734809143235250e+15
1.281419291784703489e+02 1.016622020181285250e+15
1.284551260623230462e+02 1.014513464796374000e+15
1.287683229461757435e+02 1.012409141405430500e+15
1.290815198300284408e+02 1.010309048425383500e+15
1.293947167138811096e+02 1.008213184273162000e+15
1.297079135977338069e+02 1.006121547365694250e+15
1.300211104815865042e+02 1.004034136119909500e+15
1.303343073654392015e+02 1.001950948952736500e+15
1.306475042492918988e+02 9.998719842811041250e+14
1.309607011331445676e+02 9.977972405219408750e+14
1.312738980169972649e+02 9.957267160921758750e+14
1.315870949008499622e+02 9.936604094087378750e+14
1.319002917847026595e+02 9.915983188885557500e+14
1.322134886685553568e+02 9.895404429485581250e+14
1.325266855524080256e+02 9.874867800056740000e+14
1.328398824362607229e+02 9.854373284768318750e+14
1.331530793201134202e+02 9.833920867789606250e+14
1.334662762039661175e+02 9.813510533289893750e+14
1.337794730878188147e+02 9.793142265438467500e+14
1.340926699716714836e+02 9.772816048404615000e+14
1.344058668555241809e+02 9.752531866357627500e+14
1.347190637393768782e+02 9.732289703466790000e+14
1.350322606232295755e+02 9.712089543901390000e+14
1.353454575070822443e+02 9.691931371830720000e+14
1.356586543909349416e+02 9.671815171424060000e+14
1.359718512747876389e+02 9.651740926850705000e+14
1.362850481586403362e+02 9.631708622279942500e+14
1.365982450424930335e+02 9.611718241881057500e+14
1.369114419263457023e+02 9.591769769823341250e+14
1.372246388101983996e+02 9.571863190276081250e+14
1.375378356940510969e+02 9.551998487408562500e+14
1.378510325779037942e+02 9.532175645390077500e+14
1.381642294617564914e+02 9.512394648389910000e+14
1.384774263456091603e+02 9.492655480577352500e+14
1.387906232294618576e+02 9.472958126121691250e+14
1.391038201133145549e+02 9.453302569192212500e+14
1.394170169971672522e+02 9.433688793958205000e+14
1.397302138810199494e+02 9.414116784588958750e+14
1.400434107648726183e+02 9.394586525253760000e+14
1.403566076487253156e+02 9.375098000121898750e+14
1.406698045325780129e+02 9.355651193362662500e+14
1.409830014164307102e+02 9.336246089145338750e+14
1.412961983002834074e+02 9.316882671639215000e+14
1.416093951841360763e+02 9.297560925013582500e+14
1.419225920679887736e+02 9.278280833437725000e+14
1.422357889518414709e+02 9.259042381080931250e+14
1.425489858356941681e+02 9.239845552112492500e+14
1.428621827195468654e+02 9.220690330701695000e+14
1.431753796033995343e+02 9.201576701017826250e+14
1.434885764872522316e+02 9.182504647230175000e+14
1.438017733711049289e+02 9.163474153508030000e+14
1.441149702549576261e+02 9.144485204020678750e+14
1.444281671388103234e+02 9.125537782937407500e+14
1.447413640226629923e+02 9.106631874427505000e+14
1.450545609065156896e+02 9.087767462660265000e+14
1.453677577903683868e+02 9.068944531804968750e+14
1.456809546742210841e+02 9.050163067577630000e+14
1.459941515580737814e+02 9.031423059561066250e+14
1.463073484419264503e+02 9.012724484964312500e+14
1.466205453257791476e+02 8.994067294702118750e+14
1.469337422096318448e+02 8.975451408754787500e+14
1.472469390934845421e+02 8.956876720808335000e+14
1.475601359773372110e+02 8.938343112174995000e+14
1.478733328611899083e+02 8.919850468033803750e+14
1.481865297450426056e+02 8.901398675110530000e+14
1.484997266288953028e+02 8.882987620130935000e+14
1.488129235127480001e+02 8.864617189820782500e+14
1.491261203966006690e+02 8.846287270905837500e+14
1.494393172804533663e+02 8.827997750111862500e+14
1.497525141643060635e+02 8.809748514164617500e+14
1.500657110481587608e+02 8.791539449789872500e+14
1.503789079320114581e+02 8.773370443713385000e+14
1.506921048158641270e+02 8.755241382660920000e+14
1.510053016997168243e+02 8.737152153358243750e+14
1.513184985835695215e+02 8.719102642531117500e+14
1.516316954674222188e+02 8.701092736905302500e+14
1.519448923512749161e+02 8.683122323206567500e+14
1.522580892351275850e+02 8.665191288160673750e+14
1.525712861189802823e+02 8.647299518493382500e+14
1.528844830028329795e+02 8.629446900930457500e+14
1.531976798866856768e+02 8.611633322197666250e+14
1.535108767705383741e+02 8.593858669020767500e+14
1.538240736543910430e+02 8.576122828125527500e+14
1.541372705382437402e+02 8.558425686237707500e+14
1.544504674220964375e+02 8.540767130083072500e+14
1.547636643059491348e+02 8.523147046387387500e+14
1.550768611898018321e+02 8.505565321876413750e+14
1.553900580736545010e+02 8.488021843275912500e+14
1.557032549575071982e+02 8.470516497311652500e+14
1.560164518413598955e+02 8.453049170709391250e+14
1.563296487252125928e+02 8.435619750194897500e+14
1.566428456090652901e+02 8.418228122493935000e+14
1.569560424929179590e+02 8.400874174332262500e+14
1.572692393767706562e+02 8.383557792435647500e+14
1.575824362606233535e+02 8.366278863529850000e+14
1.578956331444760508e+02 8.349037274340633750e+14
1.582088300283287481e+02 8.331832911593765000e+14
1.585220269121814169e+02 8.314665662015006250e+14
1.588352237960341142e+02 8.297535412330121250e+14
1.591484206798868115e+02 8.280442049264872500e+14
1.594616175637395088e+02 8.263385459545022500e+14
1.597748144475921777e+02 8.246365529896335000e+14
1.600880113314448749e+02 8.229382147044576250e+14
1.604012082152975722e+02 8.212435197715507500e+14
1.607144050991502695e+02 8.195524568634892500e+14
1.610276019830029668e+02 8.178650146528492500e+14
1.613407988668556357e+02 8.161811818122077500e+14
1.616539957507083329e+02 8.145009470141405000e+14
1.619671926345610302e+02 8.128242989312237500e+14
1.622803895184137275e+02 8.111512262360342500e+14
1.625935864022664248e+02 8.094817176011485000e+14
1.629067832861190936e+02 8.078157616991422500e+14
1.632199801699717909e+02 8.061533472025920000e+14
1.635331770538244882e+02 8.044944627840742500e+14
1.638463739376771855e+02 8.028390971161655000e+14
1.641595708215298828e+02 8.011872388714417500e+14
1.644727677053825516e+02 7.995388767224797500e+14
1.647859645892352489e+02 7.978939993418555000e+14
1.650991614730879462e+02 7.962525954021455000e+14
1.654123583569406435e+02 7.946146535759258750e+14
1.657255552407933408e+02 7.929801625357733750e+14
1.660387521246460096e+02 7.913491109542637500e+14
1.663519490084987069e+02 7.897214875039740000e+14
1.666651458923514042e+02 7.880972808574801250e+14
1.669783427762041015e+02 7.864764796873586250e+14
1.672915396600567988e+02 7.848590726661857500e+14
1.676047365439094676e+02 7.832450484665376250e+14
1.679179334277621649e+02 7.816343957609908750e+14
1.682311303116148622e+02 7.800271032221217500e+14
1.685443271954675595e+02 7.784231595225067500e+14
1.688575240793202568e+02 7.768225533347221250e+14
1.691707209631729256e+02 7.752252733313440000e+14
1.694839178470256229e+02 7.736313081849490000e+14
1.697971147308783202e+02 7.720406465681133750e+14
1.701103116147310175e+02 7.704532771534135000e+14
1.704235084985837148e+02 7.688691886134256250e+14
1.707367053824363836e+02 7.672883696207262500e+14
1.710499022662890809e+02 7.657108088478915000e+14
1.713630991501417782e+02 7.641364949674978750e+14
1.716762960339944755e+02 7.625654166521217500e+14
1.719894929178471443e+02 7.609975625743396250e+14
1.723026898016998416e+02 7.594329214067275000e+14
1.726158866855525389e+02 7.578714818218617500e+14
1.729290835694052362e+02 7.563132324923190000e+14
1.732422804532579335e+02 7.547581620906752500e+14
1.735554773371106023e+02 7.532062592895070000e+14
1.738686742209632996e+02 7.516575127613907500e+14
1.741818711048159969e+02 7.501119111789026250e+14
1.744950679886686942e+02 7.485694432146191250e+14
1.748082648725213915e+02 7.470300975411165000e+14
1.751214617563740603e+02 7.454938628309710000e+14
1.754346586402267576e+02 7.439607277567592500e+14
1.757478555240794549e+02 7.424306809910572500e+14
1.760610524079321522e+02 7.409037112064417500e+14
1.763742492917848494e+02 7.393798070754886250e+14
1.766874461756375183e+02 7.378589572707747500e+14
1.770006430594902156e+02 7.363411504648760000e+14
1.773138399433429129e+02 7.348263753303688750e+14
1.776270368271956102e+02 7.333146205398297500e+14
1.779402337110483074e+02 7.318058747658350000e+14
1.782534305949009763e+02 7.303001266809610000e+14
1.785666274787536736e+02 7.287973649577842500e+14
1.788798243626063709e+02 7.272975782688805000e+14
1.791930212464590682e+02 7.258007552868267500e+14
1.795062181303117654e+02 7.243068846841987500e+14
1.798194150141644343e+02 7.228159551335733750e+14
1.801326118980171316e+02 7.213279553075268750e+14
1.804458087818698289e+02 7.198428738786353750e+14
1.807590056657225261e+02 7.183606995194753750e+14
1.810722025495752234e+02 7.168814209026230000e+14
1.813853994334278923e+02 7.154050267006550000e+14
1.816985963172805896e+02 7.139315055861472500e+14
1.820117932011332869e+02 7.124608462316765000e+14
1.823249900849859841e+02 7.109930373098187500e+14
1.826381869688386814e+02 7.095280674931507500e+14
1.829513838526913503e+02 7.080659254542485000e+14
1.832645807365440476e+02 7.066065998656885000e+14
1.835777776203967449e+02 7.051500794000472500e+14
1.838909745042494421e+02 7.036963527299006250e+14
1.842041713881021110e+02 7.022454085278253750e+14
1.845173682719548083e+02 7.007972354663975000e+14
1.848305651558075056e+02 6.993518222181937500e+14
1.851437620396602028e+02 6.979091574557902500e+14
1.854569589235129001e+02 6.964692298517632500e+14
1.857701558073655690e+02 6.950320280786893750e+14
1.860833526912182663e+02 6.935975408091448750e+14
1.863965495750709636e+02 6.921657567157060000e+14
1.867097464589236608e+02 6.907366644709490000e+14
1.870229433427763581e+02 6.893102527474505000e+14
1.873361402266290270e+02 6.878865102177865000e+14
1.876493371104817243e+02 6.864654255545337500e+14
1.879625339943344215e+02 6.850469874302682500e+14
1.882757308781871188e+02 6.836311845175665000e+14
1.885889277620398161e+02 6.822180054890050000e+14
1.889021246458924850e+02 6.808074390171597500e+14
1.892153215297451823e+02 6.793994737746073750e+14
1.895285184135978795e+02 6.779940984339240000e+14
1.898417152974505768e+02 6.765913016676861250e+14
1.901549121813032741e+02 6.751910721484700000e+14
1.904681090651559430e+02 6.737933985488521250e+14
1.907813059490086403e+02 6.723982695414087500e+14
1.910945028328613375e+02 6.710056737987162500e+14
1.914076997167140348e+02 6.696155999933507500e+14
1.917208966005667321e+02 6.682280367978888750e+14
1.920340934844194010e+02 6.668429728849067500e+14
1.923472903682720982e+02 6.654603969269810000e+14
1.926604872521247955e+02 6.640802975966877500e+14
1.929736841359774928e+02 6.627026635666032500e+14
1.932868810198301901e+02 6.613274835093042500e+14
1.936000779036828590e+02 6.599547460973667500e+14
1.939132747875355562e+02 6.585844400033672500e+14
1.942264716713882535e+02 6.572165538998820000e+14
1.945396685552409508e+02 6.558510764594872500e+14
1.948528654390936481e+02 6.544879963547596250e+14
1.951660623229463170e+02 6.531273022582752500e+14
1.954792592067990142e+02 6.517689828426106250e+14
1.957924560906517115e+02 6.504130267803420000e+14
1.961056529745044088e+02 6.490594227440457500e+14
1.964188498583570777e+02 6.477081594062980000e+14
1.967320467422097749e+02 6.463592254396755000e+14
1.970452436260624722e+02 6.450126095167542500e+14
1.973584405099151695e+02 6.436683003101108750e+14
1.976716373937678668e+02 6.423262864923215000e+14
1.979848342776205357e+02 6.409865567359627500e+14
1.982980311614732329e+02 6.396490997136105000e+14
1.986112280453259302e+02 6.383139040978415000e+14
1.989244249291786275e+02 6.369809585612318750e+14
1.992376218130313248e+02 6.356502517763580000e+14
1.995508186968839937e+02 6.343217724157965000e+14
1.998640155807366909e+02 6.329955091521232500e+14
2.001772124645893882e+02 6.316714506579151250e+14
2.004904093484420855e+02 6.303495856057478750e+14
2.008036062322947828e+02 6.290299025504840000e+14
2.011168031161474516e+02 6.277123897526991250e+14
2.014300000000001489e+02 6.263970364146845000e+14
2.017431968838528462e+02 6.250838337398760000e+14
2.020563937677055435e+02 6.237727752859977500e+14
2.023695906515582408e+02 6.224638566119183750e+14
2.026827875354109096e+02 6.211570742182217500e+14
2.029959844192636069e+02 6.198524243112062500e+14
2.033091813031163042e+02 6.185499029794552500e+14
2.036223781869690015e+02 6.172495063115523750e+14
2.039355750708216988e+02 6.159512303960812500e+14
2.042487719546743676e+02 6.146550713216255000e+14
2.045619688385270649e+02 6.133610251767685000e+14
2.048751657223797622e+02 6.120690880500941250e+14
2.051883626062324595e+02 6.107792560301857500e+14
2.055015594900851568e+02 6.094915252056271250e+14
2.058147563739378256e+02 6.082058916650017500e+14
2.061279532577905229e+02 6.069223514968932500e+14
2.064411501416432202e+02 6.056409007898852500e+14
2.067543470254959175e+02 6.043615356325612500e+14
2.070675439093486148e+02 6.030842521135048750e+14
2.073807407932012836e+02 6.018090463212996250e+14
2.076939376770539809e+02 6.005359143445292500e+14
2.080071345609066782e+02 5.992648522717775000e+14
2.083203314447593755e+02 5.979958561916277500e+14
2.086335283286120443e+02 5.967289221926633750e+14
2.089467252124647416e+02 5.954640463634685000e+14
2.092599220963174389e+02 5.942012247926262500e+14
2.095731189801701362e+02 5.929404535687202500e+14
2.098863158640228335e+02 5.916817287803343750e+14
2.101995127478755023e+02 5.904250465160520000e+14
2.105127096317281996e+02 5.891704028644568750e+14
2.108259065155808969e+02 5.879177939141326250e+14
2.111391033994335942e+02 5.866672157536625000e+14
2.114523002832862915e+02 5.854186644716305000e+14
2.117654971671389603e+02 5.841721361566200000e+14
2.120786940509916576e+02 5.829276268972145000e+14
2.123918909348443549e+02 5.816851327819977500e+14
2.127050878186970522e+02 5.804446498995535000e+14
2.130182847025497495e+02 5.792061743384650000e+14
2.133314815864024183e+02 5.779697021873162500e+14
2.136446784702551156e+02 5.767352295346903750e+14
2.139578753541078129e+02 5.755027524691711250e+14
2.142710722379605102e+02 5.742722670793422500e+14
2.145842691218132074e+02 5.730437694537872500e+14
2.148974660056658763e+02 5.718172556810897500e+14
2.152106628895185736e+02 5.705927218498332500e+14
2.155238597733712709e+02 5.693701640486013750e+14
2.158370566572239682e+02 5.681495783659777500e+14
2.161502535410766654e+02 5.669309608905460000e+14
2.164634504249293343e+02 5.657143077108897500e+14
2.167766473087820316e+02 5.644996149155925000e+14
2.170898441926347289e+02 5.632868785932377500e+14
2.174030410764874262e+02 5.620760948324093125e+14
2.177162379603401234e+02 5.608672597216906250e+14
2.180294348441927923e+02 5.596603693496653750e+14
2.183426317280454896e+02 5.584554198049171250e+14
2.186558286118981869e+02 5.572524071760295000e+14
2.189690254957508841e+02 5.560513275515860000e+14
2.192822223796035814e+02 5.548521770201702500e+14
2.195954192634562503e+02 5.536549516703658750e+14
2.199086161473089476e+02 5.524596475907565000e+14
2.202218130311616449e+02 5.512662608699255625e+14
2.205350099150143421e+02 5.500747875964568750e+14
2.208482067988670110e+02 5.488852238589339375e+14
2.211614036827197083e+02 5.476975657459403125e+14
2.214746005665724056e+02 5.465118093460595000e+14
2.217877974504251029e+02 5.453279507478753125e+14
2.221009943342778001e+02 5.441459860399711250e+14
2.224141912181304690e+02 5.429659113109306875e+14
2.227273881019831663e+02 5.417877226493376250e+14
2.230405849858358636e+02 5.406114161437753750e+14
2.233537818696885608e+02 5.394369878828275000e+14
2.236669787535412581e+02 5.382644339550778750e+14
2.239801756373939270e+02 5.370937504491098750e+14
2.242933725212466243e+02 5.359249334535069375e+14
2.246065694050993216e+02 5.347579790568528750e+14
2.249197662889520188e+02 5.335928833477314375e+14
2.252329631728047161e+02 5.324296424147259375e+14
2.255461600566573850e+02 5.312682523464201875e+14
2.258593569405100823e+02 5.301087092313975000e+14
2.261725538243627796e+02 5.289510091582416875e+14
2.264857507082154768e+02 5.277951482155363125e+14
2.267989475920681741e+02 5.266411224918649375e+14
2.271121444759208430e+02 5.254889280758111250e+14
2.274253413597735403e+02 5.243385610559585000e+14
2.277385382436262375e+02 5.231900175208906875e+14
2.280517351274789348e+02 5.220432935591911250e+14
2.283649320113316321e+02 5.208983852594436250e+14
2.286781288951843010e+02 5.197552887102316250e+14
2.289913257790369983e+02 5.186140000001388750e+14
2.293045226628896955e+02 5.174745152177487500e+14
2.296177195467423928e+02 5.163368304516450000e+14
2.299309164305950901e+02 5.152009417904112500e+14
2.302441133144477590e+02 5.140668453226310000e+14
2.305573101983004562e+02 5.129345371368878125e+14
2.308705070821531535e+02 5.118040133217653125e+14
2.311837039660058508e+02 5.106752699658471875e+14
2.314969008498585481e+02 5.095483031577168750e+14
2.318100977337112170e+02 5.084231089859581250e+14
2.321232946175639142e+02 5.072996835391543750e+14
2.324364915014166115e+02 5.061780229058892500e+14
2.327496883852693088e+02 5.050581231747465000e+14
2.330628852691220061e+02 5.039399804343096250e+14
2.333760821529746750e+02 5.028235907731621250e+14
2.336892790368273722e+02 5.017089502798877500e+14
2.340024759206800695e+02 5.005960550430698750e+14
2.343156728045327668e+02 4.994849011512923750e+14
2.346288696883854357e+02 4.983754846931385625e+14
2.349420665722381329e+02 4.972678017571922500e+14
2.352552634560908302e+02 4.961618484320369375e+14
2.355684603399435275e+02 4.950576208062561875e+14
2.358816572237962248e+02 4.939551149684336875e+14
2.361948541076488937e+02 4.928543270071530000e+14
2.365080509915015909e+02 4.917552530109976250e+14
2.368212478753542882e+02 4.906578890685511875e+14
2.371344447592069855e+02 4.895622312683973125e+14
2.374476416430596828e+02 4.884682756991196250e+14
2.377608385269123801e+02 4.873760184493016875e+14
2.380740354107650774e+02 4.862854556075271250e+14
2.383872322946177746e+02 4.851965832623795625e+14
2.387004291784704151e+02 4.841093975024425000e+14
2.390136260623231124e+02 4.830238944162995625e+14
2.393268229461758096e+02 4.819400700925343125e+14
2.396400198300285069e+02 4.808579206197302500e+14
2.399532167138812042e+02 4.797774420864711250e+14
2.402664135977339015e+02 4.786986305813405625e+14
2.405796104815865988e+02 4.776214821929220000e+14
2.408928073654392961e+02 4.765459930097992500e+14
2.412060042492919933e+02 4.754721591205557500e+14
2.415192011331446338e+02 4.743999766137751250e+14
2.418323980169973311e+02 4.733294415780410000e+14
2.421455949008500284e+02 4.722605501019368750e+14
2.424587917847027256e+02 4.711932982740463125e+14
2.427719886685554229e+02 4.701276821829530000e+14
2.430851855524081202e+02 4.690636979172406250e+14
2.433983824362608175e+02 4.680013415654925000e+14
2.437115793201135148e+02 4.669406092162925000e+14
2.440247762039662121e+02 4.658814969582241250e+14
2.443379730878189093e+02 4.648240008798709375e+14
2.446511699716715498e+02 4.637681170698166250e+14
2.449643668555242471e+02 4.627138416166445625e+14
2.452775637393769443e+02 4.616611706089386250e+14
2.455907606232296416e+02 4.606101001352821250e+14
2.459039575070823389e+02 4.595606262842587500e+14
2.462171543909350362e+02 4.585127451444521875e+14
2.465303512747877335e+02 4.574664528044460000e+14
2.468435481586404308e+02 4.564217453528236875e+14
2.471567450424931280e+02 4.553786188781690625e+14
2.474699419263458253e+02 4.543370694690655000e+14
2.477831388101984658e+02 4.532970932140967500e+14
2.480963356940511630e+02 4.522586862018462500e+14
2.484095325779038603e+02 4.512218445208976250e+14
2.487227294617565576e+02 4.501865642598345000e+14
2.490359263456092549e+02 4.491528415072405000e+14
2.493491232294619522e+02 4.481206723516991250e+14
2.496623201133146495e+02 4.470900528817939375e+14
2.499755169971673467e+02 4.460609791861087500e+14
2.502887138810200440e+02 4.450334473532271250e+14
2.506019107648727413e+02 4.440074534717325000e+14
2.509151076487253818e+02 4.429829936302085000e+14
2.512283045325780790e+02 4.419600639172388750e+14
2.515415014164307763e+02 4.409386604214068750e+14
2.518546983002834736e+02 4.399187792312963750e+14
2.521678951841361709e+02 4.389004164354909375e+14
2.524810920679888682e+02 4.378835681225741250e+14
2.527942889518415654e+02 4.368682303811294375e+14
2.531074858356942627e+02 4.358543992997406250e+14
2.534206827195469600e+02 4.348420709669912500e+14
2.537338796033996005e+02 4.338312414714648750e+14
2.540470764872522977e+02 4.328219069017450625e+14
2.543602733711049950e+02 4.318140633464153750e+14
2.546734702549576923e+02 4.308077068940595000e+14
2.549866671388103896e+02 4.298028336332608750e+14
2.552998640226630869e+02 4.287994396526032500e+14
2.556130609065157842e+02 4.277975210406701250e+14
2.559262577903684814e+02 4.267970738860452500e+14
2.562394546742211787e+02 4.257980942773120625e+14
2.565526515580738760e+02 4.248005783030542500e+14
2.568658484419265164e+02 4.238045220518553750e+14
2.571790453257792137e+02 4.228099216122988750e+14
2.574922422096319110e+02 4.218167730729686250e+14
2.578054390934846083e+02 4.208250725224480000e+14
2.581186359773373056e+02 4.198348160493206250e+14
2.584318328611900029e+02 4.188459997421701875e+14
2.587450297450427001e+02 4.178586196895801250e+14
2.590582266288953974e+02 4.168726719801342500e+14
2.593714235127480947e+02 4.158881527024160000e+14
2.596846203966007920e+02 4.149050579450091250e+14
2.599978172804534324e+02 4.139233837964970000e+14
2.603110141643061297e+02 4.129431263454633125e+14
2.606242110481588270e+02 4.119642816804916250e+14
2.609374079320115243e+02 4.109868458901655625e+14
2.612506048158642216e+02 4.100108150630687500e+14
2.615638016997169188e+02 4.090361852877846250e+14
2.618769985835696161e+02 4.080629526528970625e+14
2.621901954674223134e+02 4.070911132469893750e+14
2.625033923512750107e+02 4.061206631586453750e+14
2.628165892351277080e+02 4.051515984764486250e+14
2.631297861189803484e+02 4.041839152889826250e+14
2.634429830028330457e+02 4.032176096848309375e+14
2.637561798866857430e+02 4.022526777525772500e+14
2.640693767705384403e+02 4.012891155808050625e+14
2.643825736543911376e+02 4.003269192580980000e+14
2.646957705382438348e+02 3.993660848730397500e+14
2.650089674220965321e+02 3.984066085142137500e+14
2.653221643059492294e+02 3.974484862702037500e+14
2.656353611898019267e+02 3.964917142295932500e+14
2.659485580736545671e+02 3.955362884809658750e+14
2.662617549575072644e+02 3.945822051129051875e+14
2.665749518413599617e+02 3.936294602139948750e+14
2.668881487252126590e+02 3.926780498728183750e+14
2.672013456090653563e+02 3.917279701779593125e+14
2.675145424929180535e+02 3.907792172180013750e+14
2.678277393767707508e+02 3.898317870815281250e+14
2.681409362606234481e+02 3.888856758571231250e+14
2.684541331444761454e+02 3.879408796333700000e+14
2.687673300283288427e+02 3.869973944988522500e+14
2.690805269121814831e+02 3.860552165421536250e+14
2.693937237960341804e+02 3.851143418518576875e+14
2.697069206798868777e+02 3.841747665165478750e+14
2.700201175637395750e+02 3.832364866248079375e+14
2.703333144475922722e+02 3.822994982652213750e+14
2.706465113314449695e+02 3.813637975263718125e+14
2.709597082152976668e+02 3.804293804968428750e+14
2.712729050991503641e+02 3.794962432652181250e+14
2.715861019830030614e+02 3.785643819200811250e+14
2.718992988668557587e+02 3.776337925500156250e+14
2.722124957507083991e+02 3.767044712436050000e+14
2.725256926345610964e+02 3.757764140894330000e+14
2.728388895184137937e+02 3.748496171760831250e+14
2.731520864022664909e+02 3.739240765921389375e+14
2.734652832861191882e+02 3.729997884261840625e+14
2.737784801699718855e+02 3.720767487668021875e+14
2.740916770538245828e+02 3.711549537025768750e+14
2.744048739376772801e+02 3.702343993220916250e+14
2.747180708215299774e+02 3.693150817139301250e+14
2.750312677053826746e+02 3.683969969666760000e+14
2.753444645892353151e+02 3.674801411689126875e+14
2.756576614730880124e+02 3.665645104092238750e+14
2.759708583569407097e+02 3.656501007761931250e+14
2.762840552407934069e+02 3.647369083584041250e+14
2.765972521246461042e+02 3.638249292444402500e+14
2.769104490084988015e+02 3.629141595228853750e+14
2.772236458923514988e+02 3.620045952823228750e+14
2.775368427762041961e+02 3.610962326113365625e+14
2.778500396600568934e+02 3.601890675985098750e+14
2.781632365439095338e+02 3.592830963324263750e+14
2.784764334277622311e+02 3.583783149016696875e+14
2.787896303116149284e+02 3.574747193948233750e+14
2.791028271954676256e+02 3.565723059004711250e+14
2.794160240793203229e+02 3.556710705071965625e+14
2.797292209631730202e+02 3.547710093035831250e+14
2.800424178470257175e+02 3.538721183782144375e+14
2.803556147308784148e+02 3.529743938196741250e+14
2.806688116147311121e+02 3.520778317165458750e+14
2.809820084985838093e+02 3.511824281574131875e+14
2.812952053824364498e+02 3.502881792308596875e+14
2.816084022662891471e+02 3.493950810254689375e+14
2.819215991501418443e+02 3.485031296298245000e+14
2.822347960339945416e+02 3.476123211325100000e+14
2.825479929178472389e+02 3.467226516221090000e+14
2.828611898016999362e+02 3.458341171872052500e+14
2.831743866855526335e+02 3.449467139163821250e+14
2.834875835694053308e+02 3.440604378982233125e+14
2.838007804532580280e+02 3.431752852213123750e+14
2.841139773371107253e+02 3.422912519742330000e+14
2.844271742209633658e+02 3.414083342455688125e+14
2.847403711048160631e+02 3.405265281239032500e+14
2.850535679886687603e+02 3.396458296978199375e+14
2.853667648725214576e+02 3.387662350559025000e+14
2.856799617563741549e+02 3.378877402867345000e+14
2.859931586402268522e+02 3.370103414788996250e+14
2.863063555240795495e+02 3.361340347209812500e+14
2.866195524079322468e+02 3.352588161015632500e+14
2.869327492917849440e+02 3.343846817092291250e+14
2.872459461756376413e+02 3.335116276325623750e+14
2.875591430594902818e+02 3.326396499601467500e+14
2.878723399433429790e+02 3.317687447805656250e+14
2.881855368271956763e+02 3.308989081824027500e+14
2.884987337110483736e+02 3.300301362542416250e+14
2.888119305949010709e+02 3.291624250846659375e+14
2.891251274787537682e+02 3.282957707622592500e+14
2.894383243626064655e+02 3.274301693756050000e+14
2.897515212464591627e+02 3.265656170132871250e+14
2.900647181303118600e+02 3.257021097638889375e+14
2.903779150141645005e+02 3.248396437159941875e+14
2.906911118980171977e+02 3.239782149581863750e+14
2.910043087818698950e+02 3.231178195790490000e+14
2.913175056657225923e+02 3.222584536671657500e+14
2.916307025495752896e+02 3.214001133111203750e+14
2.919438994334279869e+02 3.205427945994961875e+14
2.922570963172806842e+02 3.196864936208768750e+14
2.925702932011333814e+02 3.188312064638461875e+14
2.928834900849860787e+02 3.179769292169876250e+14
2.931966869688387760e+02 3.171236579688847500e+14
2.935098838526914165e+02 3.162713888081212500e+14
2.938230807365441137e+02 3.154201178232805000e+14
2.941362776203968110e+02 3.145698411029462500e+14
2.944494745042495083e+02 3.137205547357020000e+14
2.947626713881022056e+02 3.128722548101315000e+14
2.950758682719549029e+02 3.120249374148181875e+14
2.953890651558076001e+02 3.111785986383456875e+14
2.957022620396602974e+02 3.103332345692976875e+14
2.960154589235129947e+02 3.094888412962578125e+14
2.963286558073656920e+02 3.086454149078095000e+14
2.966418526912183324e+02 3.078029514925364375e+14
2.969550495750710297e+02 3.069614471390221250e+14
2.972682464589237270e+02 3.061208979358501875e+14
2.975814433427764243e+02 3.052812999716042500e+14
2.978946402266291216e+02 3.044426493348680000e+14
2.982078371104818189e+02 3.036049421142248125e+14
2.985210339943345161e+02 3.027681743982583750e+14
2.988342308781872134e+02 3.019323422755524375e+14
2.991474277620399107e+02 3.010974418346905000e+14
2.994606246458926080e+02 3.002634691642560000e+14
2.997738215297452484e+02 2.994304203528327500e+14
3.000870184135979457e+02 2.985982914890042500e+14
3.004002152974506430e+02 2.977670786613539375e+14
3.007134121813033403e+02 2.969367779584656250e+14
3.010266090651560376e+02 2.961073854689227500e+14
3.013398059490087348e+02 2.952788972813090625e+14
3.016530028328614321e+02 2.944513094842080625e+14
3.019661997167141294e+02 2.936246181662033750e+14
3.022793966005668267e+02 2.927988194158786250e+14
3.025925934844194671e+02 2.919739093218173750e+14
3.029057903682721644e+02 2.911498839726031250e+14
3.032189872521248617e+02 2.903267394568195625e+14
3.035321841359775590e+02 2.895044718630502500e+14
3.038453810198302563e+02 2.886830772798787500e+14
3.041585779036829535e+02 2.878625517958887500e+14
3.044717747875356508e+02 2.870428914996638750e+14
3.047849716713883481e+02 2.862240924797875000e+14
3.050981685552410454e+02 2.854061508248433750e+14
3.054113654390937427e+02 2.845890626234151250e+14
3.057245623229463831e+02 2.837728239640862500e+14
3.060377592067990804e+02 2.829574309354403750e+14
3.063509560906517777e+02 2.821428796260611875e+14
3.066641529745044750e+02 2.813291661245321250e+14
3.069773498583571723e+02 2.805162865194368125e+14
3.072905467422098695e+02 2.797042368993588750e+14
3.076037436260625668e+02 2.788930133528819375e+14
3.079169405099152641e+02 2.780826119685895625e+14
3.082301373937679614e+02 2.772730288350653125e+14
3.085433342776206587e+02 2.764642600408929062e+14
3.088565311614732991e+02 2.756563016746557812e+14
3.091697280453259964e+02 2.748491498249375938e+14
3.094829249291786937e+02 2.740428005803219688e+14
3.097961218130313910e+02 2.732372500293923750e+14
3.101093186968840882e+02 2.724324942607325625e+14
3.104225155807367855e+02 2.716285293629260312e+14
3.107357124645894828e+02 2.708253514245563438e+14
3.110489093484421801e+02 2.700229565342071875e+14
3.113621062322948774e+02 2.692213407307838750e+14
3.116753031161475747e+02 2.684204999289959062e+14
3.119885000000002151e+02 2.676204304409792500e+14
3.123016968838529124e+02 2.668211294234007500e+14
3.126148937677056097e+02 2.660225950264929062e+14
3.129280906515583069e+02 2.652248262450193750e+14
3.132412875354110042e+02 2.644278224711700625e+14
3.135544844192637015e+02 2.636315829729391250e+14
3.138676813031163988e+02 2.628361069686424375e+14
3.141808781869690961e+02 2.620413936765960000e+14
3.144940750708217934e+02 2.612474423151155938e+14
3.148072719546744338e+02 2.604542521025170625e+14
3.151204688385271311e+02 2.596618222571164375e+14
3.154336657223798284e+02 2.588701519972294062e+14
3.157468626062325256e+02 2.580792405411719688e+14
3.160600594900852229e+02 2.572890871072599688e+14
3.163732563739379202e+02 2.564996909138092812e+14
3.166864532577906175e+02 2.557110511791358125e+14
3.169996501416433148e+02 2.549231671215554375e+14
3.173128470254960121e+02 2.541360379593840938e+14
3.176260439093487093e+02 2.533496629109376250e+14
3.179392407932013498e+02 2.525640411945319375e+14
3.182524376770540471e+02 2.517791720284828750e+14
3.185656345609067444e+02 2.509950546311062812e+14
3.188788314447594416e+02 2.502116882207180625e+14
3.191920283286121389e+02 2.494290720156340625e+14
3.195052252124648362e+02 2.486472052341702812e+14
3.198184220963175335e+02 2.478660870946425625e+14
3.201316189801702308e+02 2.470857168153667188e+14
3.204448158640229281e+02 2.463060936146587188e+14
3.207580127478756253e+02 2.455272167108344375e+14
3.210712096317282658e+02 2.447490853222097500e+14
3.213844065155809631e+02 2.439716986671005312e+14
3.216976033994336603e+02 2.431950559638225938e+14
3.220108002832863576e+02 2.424191564306918125e+14
3.223239971671390549e+02 2.416439992860241562e+14
3.226371940509917522e+02 2.408695837481355312e+14
3.229503909348444495e+02 2.400959090353417188e+14
3.232635878186971468e+02 2.393229743659586875e+14
3.235767847025498440e+02 2.385507789583022812e+14
3.238899815864025413e+02 2.377793220306884062e+14
3.242031784702551818e+02 2.370086028014329375e+14
3.245163753541078790e+02 2.362386204888518125e+14
3.248295722379605763e+02 2.354693743112607500e+14
3.251427691218132736e+02 2.347008634869757188e+14
3.254559660056659709e+02 2.339330872343126250e+14
3.257691628895186682e+02 2.331660447715873750e+14
3.260823597733713655e+02 2.323997353171157188e+14
3.263955566572240627e+02 2.316341580892136875e+14
3.267087535410767600e+02 2.308693123061971875e+14
3.270219504249294005e+02 2.301051971863820000e+14
3.273351473087820978e+02 2.293418119480840312e+14
3.276483441926347950e+02 2.285791558096191875e+14
3.279615410764874923e+02 2.278172279893032500e+14
3.282747379603401896e+02 2.270560277054521875e+14
3.285879348441928869e+02 2.262955541763818750e+14
3.289011317280455842e+02 2.255358066204081875e+14
3.292143286118982815e+02 2.247767842558470000e+14
3.295275254957509787e+02 2.240184863010142500e+14
3.298407223796036760e+02 2.232609119742258125e+14
3.301539192634563165e+02 2.225040604937975000e+14
3.304671161473090137e+02 2.217479310780452812e+14
3.307803130311617110e+02 2.209925229452849375e+14
3.310935099150144083e+02 2.202378353138324062e+14
3.314067067988671056e+02 2.194838674020035625e+14
3.317199036827198029e+02 2.187306184281142812e+14
3.320331005665725002e+02 2.179780876104804375e+14
3.323462974504251974e+02 2.172262741674179375e+14
3.326594943342778947e+02 2.164751773172426875e+14
3.329726912181305920e+02 2.157247962782706250e+14
3.332858881019832324e+02 2.149751302688174375e+14
3.335990849858359297e+02 2.142261785071991875e+14
3.339122818696886270e+02 2.134779402117316250e+14
3.342254787535413243e+02 2.127304146007306875e+14
3.345386756373940216e+02 2.119836008925122812e+14
3.348518725212467189e+02 2.112374983053922812e+14
3.351650694050994161e+02 2.104921060576865625e+14
3.354782662889521134e+02 2.097474233677110000e+14
3.357914631728048107e+02 2.090034494537815000e+14
3.361046600566575080e+02 2.082601835342139375e+14
3.364178569405101484e+02 2.075176248273241875e+14
3.367310538243628457e+02 2.067757725514281250e+14
3.370442507082155430e+02 2.060346259248416250e+14
3.373574475920682403e+02 2.052941841658805625e+14
3.376706444759209376e+02 2.045544464928608750e+14
3.379838413597736348e+02 2.038154121240983750e+14
3.382970382436263321e+02 2.030770802779089375e+14
3.386102351274790294e+02 2.023394501726085625e+14
3.389234320113317267e+02 2.016025210265130312e+14
3.392366288951843671e+02 2.008662920579383125e+14
3.395498257790370644e+02 2.001307624852001875e+14
3.398630226628897617e+02 1.993959315266145625e+14
3.401762195467424590e+02 1.986617984004973125e+14
3.404894164305951563e+02 1.979283623251643750e+14
3.408026133144478536e+02 1.971956225189315625e+14
3.411158101983005508e+02 1.964635782001148125e+14
3.414290070821532481e+02 1.957322285870300000e+14
3.417422039660059454e+02 1.950015728979930625e+14
3.420554008498586427e+02 1.942716103513198125e+14
3.423685977337112831e+02 1.935423401653260938e+14
3.426817946175639804e+02 1.928137615583278750e+14
3.429949915014166777e+02 1.920858737486409375e+14
3.433081883852693750e+02 1.913586759545811875e+14
3.436213852691220723e+02 1.906321673944645625e+14
3.439345821529747695e+02 1.899063472866069688e+14
3.442477790368274668e+02 1.891812148493241875e+14
3.445609759206801641e+02 1.884567693009322188e+14
3.448741728045328614e+02 1.877330098597468750e+14
3.451873696883855587e+02 1.870099357440840625e+14
3.455005665722381991e+02 1.862875461722596250e+14
3.458137634560908964e+02 1.855658403625895000e+14
3.461269603399435937e+02 1.848448175333895000e+14
3.464401572237962910e+02 1.841244769029755625e+14
3.467533541076489882e+02 1.834048176896635625e+14
3.470665509915016855e+02 1.826858391117693750e+14
3.473797478753543828e+02 1.819675403876088125e+14
3.476929447592070801e+02 1.812499207354978750e+14
3.480061416430597774e+02 1.805329793737524062e+14
3.483193385269124747e+02 1.798167155206883125e+14
3.486325354107651151e+02 1.791011283946214688e+14
3.489457322946178124e+02 1.783862172138676875e+14
3.492589291784705097e+02 1.776719811967429062e+14
3.495721260623232070e+02 1.769584195615629375e+14
3.498853229461759042e+02 1.762455315266437500e+14
3.501985198300286015e+02 1.755333163103011250e+14
3.505117167138812988e+02 1.748217731308511250e+14
3.508249135977339961e+02 1.741109012066095000e+14
3.511381104815866934e+02 1.734006997558921875e+14
3.514513073654393338e+02 1.726911679970150625e+14
3.517645042492920311e+02 1.719823051482939688e+14
3.520777011331447284e+02 1.712741104280448125e+14
3.523908980169974257e+02 1.705665830545833750e+14
3.527040949008501229e+02 1.698597222462256875e+14
3.530172917847028202e+02 1.691535272212875625e+14
3.533304886685555175e+02 1.684479971980848750e+14
3.536436855524082148e+02 1.677431313949335938e+14
3.539568824362609121e+02 1.670389290301495000e+14
3.542700793201136094e+02 1.663353893220485625e+14
3.545832762039662498e+02 1.656325114889465625e+14
3.548964730878189471e+02 1.649302947491595000e+14
3.552096699716716444e+02 1.642287383210031250e+14
3.555228668555243416e+02 1.635278414227934062e+14
3.558360637393770389e+02 1.628276032728461875e+14
3.561492606232297362e+02 1.621280230894773750e+14
3.564624575070824335e+02 1.614291000910028438e+14
3.567756543909351308e+02 1.607308334957385000e+14
3.570888512747878281e+02 1.600332225220001875e+14
3.574020481586405253e+02 1.593362663881038750e+14
3.577152450424931658e+02 1.586399643123653750e+14
3.580284419263458631e+02 1.579443155131005312e+14
3.583416388101985603e+02 1.572493192086252812e+14
3.586548356940512576e+02 1.565549746172554375e+14
3.589680325779039549e+02 1.558612809573069375e+14
3.592812294617566522e+02 1.551682374470956875e+14
3.595944263456093495e+02 1.544758433049375312e+14
3.599076232294620468e+02 1.537840977491483750e+14
3.602208201133147440e+02 1.530929999980440938e+14
3.605340169971674413e+02 1.524025492699406250e+14
3.608472138810200818e+02 1.517127447831537500e+14
3.611604107648727791e+02 1.510235857559994375e+14
3.614736076487254763e+02 1.503350714067935000e+14
3.617868045325781736e+02 1.496472009538518438e+14
3.621000014164308709e+02 1.489599736154903125e+14
3.624131983002835682e+02 1.482733886100248438e+14
3.627263951841362655e+02 1.475874451557713125e+14
3.630395920679889628e+02 1.469021424710456250e+14
3.633527889518416600e+02 1.462174797741636250e+14
3.636659858356943005e+02 1.455334562834412500e+14
3.639791827195469978e+02 1.448500712171943125e+14
3.642923796033996950e+02 1.441673237937386875e+14
3.646055764872523923e+02 1.434852132313903125e+14
3.649187733711050896e+02 1.428037387484650000e+14
3.652319702549577869e+02 1.421228995632786875e+14
3.655451671388104842e+02 1.414426948941472812e+14
3.658583640226631815e+02 1.407631239593865938e+14
3.661715609065158787e+02 1.400841859773125938e+14
3.664847577903685760e+02 1.394058801662411250e+14
3.667979546742212165e+02 1.387282057444881094e+14
3.671111515580739137e+02 1.380511619303693281e+14
3.674243484419266110e+02 1.373747479422007031e+14
3.677375453257793083e+02 1.366989629982981250e+14
3.680507422096320056e+02 1.360238063169774375e+14
3.683639390934847029e+02 1.353492771165545781e+14
3.686771359773374002e+02 1.346753746153454219e+14
3.689903328611900974e+02 1.340020980316658594e+14
3.693035297450427947e+02 1.333294465838317812e+14
3.696167266288954920e+02 1.326574194901590938e+14
3.699299235127481325e+02 1.319860159689636094e+14
3.702431203966008297e+02 1.313152352385612344e+14
3.705563172804535270e+02 1.306450765172678281e+14
3.708695141643062243e+02 1.299755390233992656e+14
3.711827110481589216e+02 1.293066219752714688e+14
3.714959079320116189e+02 1.286383245912003438e+14
3.718091048158643162e+02 1.279706460895017188e+14
3.721223016997170134e+02 1.273035856884914844e+14
3.724354985835697107e+02 1.266371426064855781e+14
3.727486954674224080e+02 1.259713160617998438e+14
3.730618923512750484e+02 1.253061052727501719e+14
3.733750892351277457e+02 1.246415094576524375e+14
3.736882861189804430e+02 1.239775278348225156e+14
3.740014830028331403e+02 1.233141596225762188e+14
3.743146798866858376e+02 1.226514040392295469e+14
3.746278767705385349e+02 1.219892603030983438e+14
3.749410736543912321e+02 1.213277276324984688e+14
3.752542705382439294e+02 1.206668052457458750e+14
3.755674674220966267e+02 1.200064923611564062e+14
3.758806643059492671e+02 1.193467881970459062e+14
3.761938611898019644e+02 1.186876919717302969e+14
3.765070580736546617e+02 1.180292029035254219e+14
3.768202549575073590e+02 1.173713202107471562e+14
3.771334518413600563e+02 1.167140431117114531e+14
3.774466487252127536e+02 1.160573708247341250e+14
3.777598456090654508e+02 1.154013025681310938e+14
3.780730424929181481e+02 1.147458375602182500e+14
3.783862393767708454e+02 1.140909750193114375e+14
3.786994362606235427e+02 1.134367141637266250e+14
3.790126331444761831e+02 1.127830542117795938e+14
3.793258300283288804e+02 1.121299943817862969e+14
3.796390269121815777e+02 1.114775338920625469e+14
3.799522237960342750e+02 1.108256719609242344e+14
3.802654206798869723e+02 1.101744078066872812e+14
3.805786175637396695e+02 1.095237406476675625e+14
3.808918144475923668e+02 1.088736697021809531e+14
3.812050113314450641e+02 1.082241941885433438e+14
3.815182082152977614e+02 1.075753133250706250e+14
3.818314050991504587e+02 1.069270263300786875e+14
3.821446019830030991e+02 1.062793324218833906e+14
3.824577988668557964e+02 1.056322308188006250e+14
3.827709957507084937e+02 1.049857207391462344e+14
3.830841926345611910e+02 1.043398014012361250e+14
3.833973895184138883e+02 1.036944720233861875e+14
3.837105864022665855e+02 1.030497318239123125e+14
3.840237832861192828e+02 1.024055800211303438e+14
3.843369801699719801e+02 1.017620158333562188e+14
3.846501770538246774e+02 1.011190384789058125e+14
3.849633739376773747e+02 1.004766471760950156e+14
3.852765708215300151e+02 9.983484114323968750e+13
3.855897677053827124e+02 9.919361959865570312e+13
3.859029645892354097e+02 9.855298176065890625e+13
3.862161614730881070e+02 9.791292684756521875e+13
3.865293583569408042e+02 9.727345407769056250e+13
3.868425552407935015e+02 9.663456266935075000e+13
3.871557521246461988e+02 9.599625184086168750e+13
3.874689490084988961e+02 9.535852081053931250e+13
3.877821458923515934e+02 9.472136879669946875e+13
3.880953427762042338e+02 9.408479501765804688e+13
3.884085396600569311e+02 9.344879869173092188e+13
3.887217365439096284e+02 9.281337903723393750e+13
3.890349334277623257e+02 9.217853527248300000e+13
3.893481303116150229e+02 9.154426661579400000e+13
3.896613271954677202e+02 9.091057228548281250e+13
3.899745240793204175e+02 9.027745149986532812e+13
3.902877209631731148e+02 8.964490347725740625e+13
3.906009178470258121e+02 8.901292743597500000e+13
3.909141147308785094e+02 8.838152259433396875e+13
3.912273116147311498e+02 8.775068817065015625e+13
3.915405084985838471e+02 8.712042338323946875e+13
3.918537053824365444e+02 8.649072745041773438e+13
3.921669022662892417e+02 8.586159959050087500e+13
3.924800991501419389e+02 8.523303902180478125e+13
3.927932960339946362e+02 8.460504496264534375e+13
3.931064929178473335e+02 8.397761663133843750e+13
3.934196898017000308e+02 8.335075324619990625e+13
3.937328866855527281e+02 8.272445402554571875e+13
3.940460835694054254e+02 8.209871818769171875e+13
3.943592804532580658e+02 8.147354495095376562e+13
3.946724773371107631e+02 8.084893353364775000e+13
3.949856742209634604e+02 8.022488315408953125e+13
3.952988711048161576e+02 7.960139303059501562e+13
3.956120679886688549e+02 7.897846238148009375e+13
3.959252648725215522e+02 7.835609042506062500e+13
3.962384617563742495e+02 7.773427637965250000e+13
3.965516586402269468e+02 7.711301946357162500e+13
3.968648555240796441e+02 7.649231889513387500e+13
3.971780524079323413e+02 7.587217389265514062e+13
3.974912492917849818e+02 7.525258367445128125e+13
3.978044461756376791e+02 7.463354745883821875e+13
3.981176430594903763e+02 7.401506446413175000e+13
3.984308399433430736e+02 7.339713390864779688e+13
3.987440368271957709e+02 7.277975501070225000e+13
3.990572337110484682e+02 7.216292698861101562e+13
3.993704305949011655e+02 7.154664906068993750e+13
3.996836274787538628e+02 7.093092044525493750e+13
3.999968243626065600e+02 7.031574036062190625e+13
4.003100212464592005e+02 6.970110802510670312e+13
4.006232181303118978e+02 6.908702265702518750e+13
4.009364150141645950e+02 6.847348347469325781e+13
4.012496118980172923e+02 6.786048969642677344e+13
4.015628087818699896e+02 6.724804054054164844e+13
4.018760056657226869e+02 6.663613522535375781e+13
4.021892025495753842e+02 6.602477296917898438e+13
4.025023994334280815e+02 6.541395299033318750e+13
4.028155963172807787e+02 6.480367450713230469e+13
4.031287932011334760e+02 6.419393673789221094e+13
4.034419900849861165e+02 6.358473890092875000e+13
4.037551869688388138e+02 6.297608021455782812e+13
4.040683838526915110e+02 6.236795989709530469e+13
4.043815807365442083e+02 6.176037716685703906e+13
4.046947776203969056e+02 6.115333124215896875e+13
4.050079745042496029e+02 6.054682134131695312e+13
4.053211713881023002e+02 5.994084668264689062e+13
4.056343682719549975e+02 5.933540648446462500e+13
4.059475651558076947e+02 5.873049996508609375e+13
4.062607620396603920e+02 5.812612634282717188e+13
4.065739589235130325e+02 5.752228483600371875e+13
4.068871558073657297e+02 5.691897466293161719e+13
4.072003526912184270e+02 5.631619504192675000e+13
4.075135495750711243e+02 5.571394519130496094e+13
4.078267464589238216e+02 5.511222432938218750e+13
4.081399433427765189e+02 5.451103167447429688e+13
4.084531402266292162e+02 5.391036644489717188e+13
4.087663371104819134e+02 5.331022785896668750e+13
4.090795339943346107e+02 5.271061513499875000e+13
4.093927308781873080e+02 5.211152749130925000e+13
4.097059277620399484e+02 5.151296414621404688e+13
4.100191246458926457e+02 5.091492431802901562e+13
4.103323215297453430e+02 5.031740722507003125e+13
4.106455184135980403e+02 4.972041208565295312e+13
4.109587152974507376e+02 4.912393811809373438e+13
4.112719121813034349e+02 4.852798454070820312e+13
4.115851090651561321e+02 4.793255057181224219e+13
4.118983059490088294e+02 4.733763542972179688e+13
4.122115028328615267e+02 4.674323833275271094e+13
4.125246997167141672e+02 4.614935849922088281e+13
4.128378966005668644e+02 4.555599514744215625e+13
4.131510934844195617e+02 4.496314749573242188e+13
4.134642903682722590e+02 4.437081476240754688e+13
4.137774872521249563e+02 4.377899616578343750e+13
4.140906841359776536e+02 4.318769092417599219e+13
4.144038810198303509e+02 4.259689825590106250e+13
4.147170779036830481e+02 4.200661737927454688e+13
4.150302747875357454e+02 4.141684751261234375e+13
4.153434716713884427e+02 4.082758787423034375e+13
4.156566685552410831e+02 4.023883768244441406e+13
4.159698654390937804e+02 3.965059615557042188e+13
4.162830623229464777e+02 3.906286251192422656e+13
4.165962592067991750e+02 3.847563596982172656e+13
4.169094560906518723e+02 3.788891574757882812e+13
4.172226529745045696e+02 3.730270106351139844e+13
4.175358498583572668e+02 3.671699113593532812e+13
4.178490467422099641e+02 3.613178518316647656e+13
4.181622436260626614e+02 3.554708242352078125e+13
4.184754405099153587e+02 3.496288207531409375e+13
4.187886373937679991e+02 3.437918335686230469e+13
4.191018342776206964e+02 3.379598548648127734e+13
4.194150311614733937e+02 3.321328768248687500e+13
4.197282280453260910e+02 3.263108916319499219e+13
4.200414249291787883e+02 3.204938914692152734e+13
4.203546218130314855e+02 3.146818685198235938e+13
4.206678186968841828e+02 3.088748149669337891e+13
4.209810155807368801e+02 3.030727229937043750e+13
4.212942124645895774e+02 2.972755847832948047e+13
4.216074093484422747e+02 2.914833925188635547e+13
4.219206062322949151e+02 2.856961305667281250e+13
4.222338031161476124e+02 2.799138067437299219e+13
4.225470000000003097e+02 2.741364210498689062e+13
