time [s]	17012355 PDP 8 No	17012355 PDP 8 Time	17012355 PDP 8 Trigger	17012355 PDP 8 FIG	17012355 PDP 8 qmsTP	17012355 PDP 8 m2	17012355 PDP 8 h2
0.000	0	004:46:15.969 	1.8e-08	1e-99	2.84e-05	2.64e-10	-3.458e+15
0.312	1	004:46:16.281 	1.8e-08	1e-99	2.84e-05	2.61e-10	-3.926e+15
0.625	2	004:46:16.594 	1.8e-08	1e-99	2.84e-05	2.6e-10	-4.082e+15
0.937	3	004:46:16.906 	1.8e-08	1e-99	2.84e-05	2.54e-10	-5.018e+15
1.250	4	004:46:17.219 	1.8e-08	1e-99	2.84e-05	2.55e-10	-4.862e+15
1.562	5	004:46:17.531 	1.8e-08	1e-99	2.85e-05	2.56e-10	-4.706e+15
1.875	6	004:46:17.844 	1.8e-08	1e-99	2.85e-05	2.57e-10	-4.55e+15
2.187	7	004:46:18.156 	1.8e-08	1e-99	2.85e-05	2.63e-10	-3.614e+15
2.500	8	004:46:18.469 	1.8e-08	1e-99	2.85e-05	3.08e-10	3.406e+15
2.812	9	004:46:18.781 	1.7e-08	1e-99	2.85e-05	3.41e-10	8.554e+15
3.125	10	004:46:19.094 	1.8e-08	1e-99	2.86e-05	4.06e-10	1.8694e+16
3.437	11	004:46:19.406 	1.8e-08	1e-99	2.86e-05	4.83e-10	3.0706e+16
3.750	12	004:46:19.719 	1.8e-08	1e-99	2.88e-05	7.25e-10	6.8458e+16
4.062	13	004:46:20.031 	1.8e-08	1e-99	2.89e-05	8.86e-10	9.3574e+16
4.375	14	004:46:20.344 	1.8e-08	1e-99	2.9e-05	1.09e-09	1.25398e+17
4.687	15	004:46:20.656 	1.7e-08	1e-99	2.93e-05	1.52e-09	1.92478e+17
5.000	16	004:46:20.969 	1.7e-08	1e-99	2.95e-05	1.78e-09	2.33038e+17
5.312	17	004:46:21.281 	1.7e-08	1e-99	2.97e-05	2.03e-09	2.72038e+17
5.625	18	004:46:21.594 	1.8e-08	1e-99	3.01e-05	2.6e-09	3.60958e+17
5.937	19	004:46:21.906 	1.8e-08	1e-99	3.03e-05	2.89e-09	4.06198e+17
6.250	20	004:46:22.219 	1.8e-08	1e-99	3.06e-05	3.19e-09	4.52998e+17
6.562	21	004:46:22.531 	1.8e-08	1e-99	3.11e-05	3.8e-09	5.48158e+17
6.875	22	004:46:22.844 	1.8e-08	1e-99	3.13e-05	4.11e-09	5.96518e+17
7.187	23	004:46:23.156 	1.8e-08	1e-99	3.16e-05	4.42e-09	6.44878e+17
7.500	24	004:46:23.469 	1.7e-08	1e-99	3.2e-05	5e-09	7.35358e+17
7.812	25	004:46:23.781 	1.7e-08	1e-99	3.23e-05	5.28e-09	7.79038e+17
8.125	26	004:46:24.094 	1.8e-08	1e-99	3.25e-05	5.61e-09	8.30518e+17
8.437	27	004:46:24.406 	1.8e-08	1e-99	3.3e-05	6.14e-09	9.13198e+17
8.750	28	004:46:24.719 	1.8e-08	1e-99	3.32e-05	6.46e-09	9.63118e+17
9.062	29	004:46:25.031 	1.7e-08	1e-99	3.33e-05	6.84e-09	1.022398e+18
9.375	30	004:46:25.344 	1.8e-08	1e-99	3.36e-05	7.1e-09	1.062958e+18
9.687	31	004:46:25.656 	1.8e-08	1e-99	3.4e-05	7.6e-09	1.140958e+18
10.000	32	004:46:25.969 	1.7e-08	1e-99	3.42e-05	7.86e-09	1.181518e+18
10.312	33	004:46:26.281 	1.8e-08	1e-99	3.44e-05	8.12e-09	1.222078e+18
10.625	34	004:46:26.594 	1.8e-08	1e-99	3.48e-05	8.56e-09	1.290718e+18
10.937	35	004:46:26.906 	1.8e-08	1e-99	3.5e-05	8.81e-09	1.329718e+18
11.250	36	004:46:27.219 	1.7e-08	1e-99	3.52e-05	9.03e-09	1.364038e+18
11.562	37	004:46:27.531 	1.7e-08	1e-99	3.55e-05	9.83e-09	1.488838e+18
11.875	38	004:46:27.844 	1.8e-08	1e-99	3.57e-05	1e-08	1.515358e+18
12.187	39	004:46:28.156 	1.8e-08	1e-99	3.59e-05	1.02e-08	1.546558e+18
12.500	40	004:46:28.469 	1.8e-08	1e-99	3.62e-05	1.07e-08	1.624558e+18
12.812	41	004:46:28.781 	1.8e-08	1e-99	3.64e-05	1.09e-08	1.655758e+18
13.125	42	004:46:29.094 	1.8e-08	1e-99	3.65e-05	1.1e-08	1.671358e+18
13.437	43	004:46:29.406 	1.8e-08	1e-99	3.67e-05	1.12e-08	1.702558e+18
13.750	44	004:46:29.719 	1.7e-08	1e-99	3.7e-05	1.16e-08	1.764958e+18
14.062	45	004:46:30.031 	1.7e-08	1e-99	3.71e-05	1.17e-08	1.780558e+18
14.375	46	004:46:30.344 	1.8e-08	1e-99	3.73e-05	1.19e-08	1.811758e+18
14.687	47	004:46:30.656 	1.8e-08	1e-99	3.75e-05	1.23e-08	1.874158e+18
15.000	48	004:46:30.969 	1.7e-08	1e-99	3.77e-05	1.24e-08	1.889758e+18
15.312	49	004:46:31.281 	1.7e-08	1e-99	3.78e-05	1.27e-08	1.936558e+18
15.625	50	004:46:31.594 	1.8e-08	1e-99	3.8e-05	1.29e-08	1.967758e+18
15.937	51	004:46:31.906 	1.8e-08	1e-99	3.81e-05	1.31e-08	1.998958e+18
16.250	52	004:46:32.219 	1.7e-08	1e-99	3.83e-05	1.32e-08	2.014558e+18
16.562	53	004:46:32.531 	1.8e-08	1e-99	3.85e-05	1.35e-08	2.061358e+18
16.875	54	004:46:32.844 	1.8e-08	1e-99	3.86e-05	1.37e-08	2.092558e+18
17.187	55	004:46:33.156 	1.8e-08	1e-99	3.87e-05	1.38e-08	2.108158e+18
17.500	56	004:46:33.469 	1.8e-08	1e-99	3.89e-05	1.41e-08	2.154958e+18
17.812	57	004:46:33.781 	1.7e-08	1e-99	3.91e-05	1.42e-08	2.170558e+18
18.125	58	004:46:34.094 	1.8e-08	1e-99	3.92e-05	1.43e-08	2.186158e+18
18.437	59	004:46:34.406 	1.8e-08	1e-99	3.94e-05	1.46e-08	2.232958e+18
18.750	60	004:46:34.719 	1.8e-08	1e-99	3.95e-05	1.47e-08	2.248558e+18
19.062	61	004:46:35.031 	1.7e-08	1e-99	3.96e-05	1.49e-08	2.279758e+18
19.375	62	004:46:35.344 	1.8e-08	1e-99	3.99e-05	1.51e-08	2.310958e+18
19.687	63	004:46:35.656 	1.8e-08	1e-99	4e-05	1.52e-08	2.326558e+18
20.000	64	004:46:35.969 	1.8e-08	1e-99	4.01e-05	1.53e-08	2.342158e+18
20.312	65	004:46:36.281 	1.8e-08	1e-99	4.03e-05	1.56e-08	2.388958e+18
20.625	66	004:46:36.594 	1.8e-08	1e-99	4.04e-05	1.57e-08	2.404558e+18
20.937	67	004:46:36.906 	1.8e-08	1e-99	4.05e-05	1.58e-08	2.420158e+18
21.250	68	004:46:37.219 	1.8e-08	1e-99	4.06e-05	1.61e-08	2.466958e+18
21.562	69	004:46:37.531 	1.8e-08	1e-99	4.08e-05	1.62e-08	2.482558e+18
21.875	70	004:46:37.844 	1.7e-08	1e-99	4.09e-05	1.63e-08	2.498158e+18
22.187	71	004:46:38.156 	1.7e-08	1e-99	4.1e-05	1.64e-08	2.513758e+18
22.500	72	004:46:38.469 	1.8e-08	1e-99	4.12e-05	1.66e-08	2.544958e+18
22.812	73	004:46:38.781 	1.8e-08	1e-99	4.13e-05	1.67e-08	2.560558e+18
23.125	74	004:46:39.094 	1.7e-08	1e-99	4.14e-05	1.69e-08	2.591758e+18
23.437	75	004:46:39.406 	1.7e-08	1e-99	4.15e-05	1.71e-08	2.622958e+18
23.750	76	004:46:39.719 	1.8e-08	1e-99	4.16e-05	1.71e-08	2.622958e+18
24.062	77	004:46:40.031 	1.8e-08	1e-99	4.17e-05	1.73e-08	2.654158e+18
24.375	78	004:46:40.344 	1.7e-08	1e-99	4.19e-05	1.74e-08	2.669758e+18
24.687	79	004:46:40.656 	1.8e-08	1e-99	4.2e-05	1.76e-08	2.700958e+18
25.000	80	004:46:40.969 	1.8e-08	1e-99	4.21e-05	1.77e-08	2.716558e+18
25.312	81	004:46:41.281 	1.8e-08	1e-99	4.23e-05	1.79e-08	2.747758e+18
25.625	82	004:46:41.594 	1.8e-08	1e-99	4.23e-05	1.8e-08	2.763358e+18
25.937	83	004:46:41.906 	1.7e-08	1e-99	4.24e-05	1.81e-08	2.778958e+18
26.250	84	004:46:42.219 	1.7e-08	1e-99	4.26e-05	1.84e-08	2.825758e+18
26.562	85	004:46:42.531 	1.8e-08	1e-99	4.27e-05	1.84e-08	2.825758e+18
26.875	86	004:46:42.844 	1.8e-08	1e-99	4.28e-05	1.86e-08	2.856958e+18
27.187	87	004:46:43.156 	1.7e-08	1e-99	4.3e-05	1.87e-08	2.872558e+18
27.500	88	004:46:43.469 	1.7e-08	1e-99	4.31e-05	1.89e-08	2.903758e+18
27.812	89	004:46:43.781 	1.8e-08	1e-99	4.32e-05	1.89e-08	2.903758e+18
28.125	90	004:46:44.094 	1.8e-08	1e-99	4.34e-05	1.91e-08	2.934958e+18
28.437	91	004:46:44.406 	1.8e-08	1e-99	4.34e-05	1.92e-08	2.950558e+18
28.750	92	004:46:44.719 	1.8e-08	1e-99	4.35e-05	1.93e-08	2.966158e+18
29.062	93	004:46:45.031 	1.8e-08	1e-99	4.37e-05	1.95e-08	2.997358e+18
29.375	94	004:46:45.344 	1.8e-08	1e-99	4.37e-05	1.96e-08	3.012958e+18
29.687	95	004:46:45.656 	1.8e-08	1e-99	4.38e-05	1.97e-08	3.028558e+18
30.000	96	004:46:45.969 	1.7e-08	1e-99	4.39e-05	1.97e-08	3.028558e+18
30.312	97	004:46:46.281 	1.8e-08	1e-99	4.4e-05	1.99e-08	3.059758e+18
30.625	98	004:46:46.594 	1.8e-08	1e-99	4.41e-05	2e-08	3.075358e+18
30.937	99	004:46:46.906 	1.8e-08	1e-99	4.42e-05	2.01e-08	3.090958e+18
31.250	100	004:46:47.219 	1.7e-08	1e-99	4.43e-05	2.03e-08	3.122158e+18
31.562	101	004:46:47.531 	1.7e-08	1e-99	4.44e-05	2.05e-08	3.153358e+18
31.875	102	004:46:47.844 	1.8e-08	1e-99	4.45e-05	2.06e-08	3.168958e+18
32.187	103	004:46:48.156 	1.8e-08	1e-99	4.46e-05	2.06e-08	3.168958e+18
32.500	104	004:46:48.469 	1.8e-08	1e-99	4.47e-05	2.08e-08	3.200158e+18
32.812	105	004:46:48.781 	1.8e-08	1e-99	4.48e-05	2.09e-08	3.215758e+18
33.125	106	004:46:49.094 	1.8e-08	1e-99	4.49e-05	2.1e-08	3.231358e+18
33.437	107	004:46:49.406 	1.8e-08	1e-99	4.5e-05	2.11e-08	3.246958e+18
33.750	108	004:46:49.719 	1.8e-08	1e-99	4.51e-05	2.12e-08	3.262558e+18
34.062	109	004:46:50.031 	1.7e-08	1e-99	4.52e-05	2.15e-08	3.309358e+18
34.375	110	004:46:50.344 	1.7e-08	1e-99	4.53e-05	2.14e-08	3.293758e+18
34.687	111	004:46:50.656 	1.9e-08	1e-99	4.54e-05	2.15e-08	3.309358e+18
35.000	112	004:46:50.969 	1.8e-08	1e-99	4.56e-05	2.16e-08	3.324958e+18
35.312	113	004:46:51.281 	1.8e-08	1e-99	4.56e-05	2.17e-08	3.340558e+18
35.625	114	004:46:51.594 	1.7e-08	1e-99	4.57e-05	2.16e-08	3.324958e+18
35.937	115	004:46:51.906 	1.8e-08	1e-99	4.58e-05	2.18e-08	3.356158e+18
36.250	116	004:46:52.219 	1.8e-08	1e-99	4.59e-05	2.19e-08	3.371758e+18
36.562	117	004:46:52.531 	1.7e-08	1e-99	4.6e-05	2.19e-08	3.371758e+18
36.875	118	004:46:52.844 	1.7e-08	1e-99	4.61e-05	2.21e-08	3.402958e+18
37.187	119	004:46:53.156 	1.8e-08	1e-99	4.61e-05	2.22e-08	3.418558e+18
37.500	120	004:46:53.469 	1.8e-08	1e-99	4.62e-05	2.23e-08	3.434158e+18
37.812	121	004:46:53.781 	1.8e-08	1e-99	4.63e-05	2.23e-08	3.434158e+18
38.125	122	004:46:54.094 	1.8e-08	1e-99	4.64e-05	2.25e-08	3.465358e+18
38.437	123	004:46:54.406 	1.8e-08	1e-99	4.64e-05	2.26e-08	3.480958e+18
38.750	124	004:46:54.719 	1.7e-08	1e-99	4.65e-05	2.26e-08	3.480958e+18
39.062	125	004:46:55.031 	1.7e-08	1e-99	4.67e-05	2.28e-08	3.512158e+18
39.375	126	004:46:55.344 	1.8e-08	1e-99	4.67e-05	2.29e-08	3.527758e+18
39.687	127	004:46:55.656 	1.8e-08	1e-99	4.68e-05	2.3e-08	3.543358e+18
40.000	128	004:46:55.969 	1.8e-08	1e-99	4.69e-05	2.3e-08	3.543358e+18
40.312	129	004:46:56.281 	1.8e-08	1e-99	4.7e-05	2.32e-08	3.574558e+18
40.625	130	004:46:56.594 	1.8e-08	1e-99	4.71e-05	2.32e-08	3.574558e+18
40.937	131	004:46:56.906 	1.8e-08	1e-99	4.72e-05	2.34e-08	3.605758e+18
41.250	132	004:46:57.219 	1.8e-08	1e-99	4.73e-05	2.35e-08	3.621358e+18
41.562	133	004:46:57.531 	1.7e-08	1e-99	4.73e-05	2.35e-08	3.621358e+18
41.875	134	004:46:57.844 	1.8e-08	1e-99	4.75e-05	2.38e-08	3.668158e+18
42.187	135	004:46:58.156 	1.8e-08	1e-99	4.76e-05	2.38e-08	3.668158e+18
42.500	136	004:46:58.469 	1.7e-08	1e-99	4.76e-05	2.37e-08	3.652558e+18
42.812	137	004:46:58.781 	1.7e-08	1e-99	4.77e-05	2.39e-08	3.683758e+18
43.125	138	004:46:59.094 	1.8e-08	1e-99	4.78e-05	2.4e-08	3.699358e+18
43.437	139	004:46:59.406 	1.8e-08	1e-99	4.78e-05	2.42e-08	3.730558e+18
43.750	140	004:46:59.719 	1.8e-08	1e-99	4.79e-05	2.42e-08	3.730558e+18
44.062	141	004:47:00.031 	1.7e-08	1e-99	4.8e-05	2.43e-08	3.746158e+18
44.375	142	004:47:00.344 	1.7e-08	1e-99	4.8e-05	2.44e-08	3.761758e+18
44.687	143	004:47:00.656 	1.8e-08	1e-99	4.81e-05	2.45e-08	3.777358e+18
45.000	144	004:47:00.969 	1.8e-08	1e-99	4.82e-05	2.45e-08	3.777358e+18
45.312	145	004:47:01.281 	1.7e-08	1e-99	4.82e-05	2.47e-08	3.808558e+18
45.625	146	004:47:01.594 	1.8e-08	1e-99	4.83e-05	2.48e-08	3.824158e+18
45.937	147	004:47:01.906 	1.8e-08	1e-99	4.84e-05	2.48e-08	3.824158e+18
46.250	148	004:47:02.219 	1.7e-08	1e-99	4.84e-05	2.49e-08	3.839758e+18
46.562	149	004:47:02.531 	1.7e-08	1e-99	4.85e-05	2.5e-08	3.855358e+18
46.875	150	004:47:02.844 	1.8e-08	1e-99	4.86e-05	2.51e-08	3.870958e+18
47.187	151	004:47:03.156 	1.8e-08	1e-99	4.87e-05	2.52e-08	3.886558e+18
47.500	152	004:47:03.469 	1.8e-08	1e-99	4.87e-05	2.53e-08	3.902158e+18
47.812	153	004:47:03.781 	1.7e-08	1e-99	4.88e-05	2.54e-08	3.917758e+18
48.125	154	004:47:04.094 	1.8e-08	1e-99	4.89e-05	2.54e-08	3.917758e+18
48.437	155	004:47:04.406 	1.8e-08	1e-99	4.9e-05	2.55e-08	3.933358e+18
48.750	156	004:47:04.719 	1.8e-08	1e-99	4.91e-05	2.57e-08	3.964558e+18
49.062	157	004:47:05.031 	1.8e-08	1e-99	4.91e-05	2.56e-08	3.948958e+18
49.375	158	004:47:05.344 	1.7e-08	1e-99	4.92e-05	2.57e-08	3.964558e+18
49.687	159	004:47:05.656 	1.7e-08	1e-99	4.93e-05	2.6e-08	4.011358e+18
50.000	160	004:47:05.969 	1.8e-08	1e-99	4.93e-05	2.6e-08	4.011358e+18
50.312	161	004:47:06.281 	1.7e-08	1e-99	4.94e-05	2.6e-08	4.011358e+18
50.625	162	004:47:06.594 	1.7e-08	1e-99	4.95e-05	2.62e-08	4.042558e+18
50.937	163	004:47:06.906 	1.8e-08	1e-99	4.95e-05	2.61e-08	4.026958e+18
51.250	164	004:47:07.219 	1.9e-08	1e-99	4.96e-05	2.63e-08	4.058158e+18
51.562	165	004:47:07.531 	1.8e-08	1e-99	4.97e-05	2.64e-08	4.073758e+18
51.875	166	004:47:07.844 	1.8e-08	1e-99	4.97e-05	2.65e-08	4.089358e+18
52.187	167	004:47:08.156 	1.8e-08	1e-99	4.98e-05	2.65e-08	4.089358e+18
52.500	168	004:47:08.469 	1.8e-08	1e-99	4.98e-05	2.66e-08	4.104958e+18
52.812	169	004:47:08.781 	1.8e-08	1e-99	4.99e-05	2.67e-08	4.120558e+18
53.125	170	004:47:09.094 	1.7e-08	1e-99	4.99e-05	2.68e-08	4.136158e+18
53.437	171	004:47:09.406 	1.7e-08	1e-99	5e-05	2.69e-08	4.151758e+18
53.750	172	004:47:09.719 	1.8e-08	1e-99	5.01e-05	2.7e-08	4.167358e+18
54.062	173	004:47:10.031 	1.8e-08	1e-99	5.01e-05	2.7e-08	4.167358e+18
54.375	174	004:47:10.344 	1.8e-08	1e-99	5.01e-05	2.71e-08	4.182958e+18
54.687	175	004:47:10.656 	1.7e-08	1e-99	5.02e-05	2.72e-08	4.198558e+18
55.000	176	004:47:10.969 	1.8e-08	1e-99	5.03e-05	2.72e-08	4.198558e+18
55.312	177	004:47:11.281 	1.8e-08	1e-99	5.03e-05	2.72e-08	4.198558e+18
55.625	178	004:47:11.594 	1.8e-08	1e-99	5.04e-05	2.75e-08	4.245358e+18
55.937	179	004:47:11.906 	1.8e-08	1e-99	5.05e-05	2.75e-08	4.245358e+18
56.250	180	004:47:12.219 	1.8e-08	1e-99	5.05e-05	2.75e-08	4.245358e+18
56.562	181	004:47:12.531 	1.8e-08	1e-99	5.06e-05	2.77e-08	4.276558e+18
56.875	182	004:47:12.844 	1.8e-08	1e-99	5.07e-05	2.78e-08	4.292158e+18
57.187	183	004:47:13.156 	1.7e-08	1e-99	5.07e-05	2.78e-08	4.292158e+18
57.500	184	004:47:13.469 	1.7e-08	1e-99	5.08e-05	2.79e-08	4.307758e+18
57.812	185	004:47:13.781 	1.8e-08	1e-99	5.09e-05	2.8e-08	4.323358e+18
58.125	186	004:47:14.094 	1.8e-08	1e-99	5.09e-05	2.8e-08	4.323358e+18
58.437	187	004:47:14.406 	1.8e-08	1e-99	5.1e-05	2.81e-08	4.338958e+18
58.750	188	004:47:14.719 	1.7e-08	1e-99	5.1e-05	2.81e-08	4.338958e+18
59.062	189	004:47:15.031 	1.8e-08	1e-99	5.11e-05	2.82e-08	4.354558e+18
59.375	190	004:47:15.344 	1.8e-08	1e-99	5.12e-05	2.83e-08	4.370158e+18
59.687	191	004:47:15.656 	1.8e-08	1e-99	5.12e-05	2.83e-08	4.370158e+18
60.000	192	004:47:15.969 	1.7e-08	1e-99	5.12e-05	2.84e-08	4.385758e+18
60.312	193	004:47:16.281 	1.7e-08	1e-99	5.13e-05	2.85e-08	4.401358e+18
60.625	194	004:47:16.594 	1.7e-08	1e-99	5.13e-05	2.86e-08	4.416958e+18
60.937	195	004:47:16.906 	1.7e-08	1e-99	5.14e-05	2.86e-08	4.416958e+18
61.250	196	004:47:17.219 	1.8e-08	1e-99	5.14e-05	2.86e-08	4.416958e+18
61.562	197	004:47:17.531 	1.7e-08	1e-99	5.15e-05	2.88e-08	4.448158e+18
61.875	198	004:47:17.844 	1.8e-08	1e-99	5.15e-05	2.89e-08	4.463758e+18
62.187	199	004:47:18.156 	1.8e-08	1e-99	5.15e-05	2.89e-08	4.463758e+18
62.500	200	004:47:18.469 	1.8e-08	1e-99	5.16e-05	2.9e-08	4.479358e+18
62.812	201	004:47:18.781 	1.7e-08	1e-99	5.17e-05	2.9e-08	4.479358e+18
63.125	202	004:47:19.094 	1.8e-08	1e-99	5.17e-05	2.89e-08	4.463758e+18
63.437	203	004:47:19.406 	1.8e-08	1e-99	5.18e-05	2.92e-08	4.510558e+18
63.750	204	004:47:19.719 	1.8e-08	1e-99	5.19e-05	2.92e-08	4.510558e+18
64.062	205	004:47:20.031 	1.7e-08	1e-99	5.19e-05	2.92e-08	4.510558e+18
64.375	206	004:47:20.344 	1.8e-08	1e-99	5.2e-05	2.93e-08	4.526158e+18
64.687	207	004:47:20.656 	1.8e-08	1e-99	5.2e-05	2.93e-08	4.526158e+18
65.000	208	004:47:20.969 	1.8e-08	1e-99	5.21e-05	2.93e-08	4.526158e+18
65.312	209	004:47:21.281 	1.7e-08	1e-99	5.21e-05	2.95e-08	4.557358e+18
65.625	210	004:47:21.594 	1.8e-08	1e-99	5.22e-05	2.95e-08	4.557358e+18
65.937	211	004:47:21.906 	1.8e-08	1e-99	5.22e-05	2.96e-08	4.572958e+18
66.250	212	004:47:22.219 	1.8e-08	1e-99	5.23e-05	2.96e-08	4.572958e+18
66.562	213	004:47:22.531 	1.7e-08	1e-99	5.23e-05	2.97e-08	4.588558e+18
66.875	214	004:47:22.844 	1.8e-08	1e-99	5.23e-05	2.97e-08	4.588558e+18
67.187	215	004:47:23.156 	1.8e-08	1e-99	5.24e-05	2.98e-08	4.604158e+18
67.500	216	004:47:23.469 	1.8e-08	1e-99	5.24e-05	2.99e-08	4.619758e+18
67.812	217	004:47:23.781 	1.7e-08	1e-99	5.24e-05	2.98e-08	4.604158e+18
68.125	218	004:47:24.094 	1.7e-08	1e-99	5.25e-05	2.99e-08	4.619758e+18
68.437	219	004:47:24.406 	1.8e-08	1e-99	5.25e-05	3e-08	4.635358e+18
68.750	220	004:47:24.719 	1.8e-08	1e-99	5.26e-05	3e-08	4.635358e+18
69.062	221	004:47:25.031 	1.7e-08	1e-99	5.26e-05	3.02e-08	4.666558e+18
69.375	222	004:47:25.344 	1.8e-08	1e-99	5.27e-05	3.02e-08	4.666558e+18
69.687	223	004:47:25.656 	1.9e-08	1e-99	5.27e-05	3.02e-08	4.666558e+18
70.000	224	004:47:25.969 	1.8e-08	1e-99	5.27e-05	3.03e-08	4.682158e+18
70.312	225	004:47:26.281 	1.8e-08	1e-99	5.28e-05	3.03e-08	4.682158e+18
70.625	226	004:47:26.594 	1.7e-08	1e-99	5.29e-05	3.04e-08	4.697758e+18
70.937	227	004:47:26.906 	1.7e-08	1e-99	5.29e-05	3.03e-08	4.682158e+18
71.250	228	004:47:27.219 	1.8e-08	1e-99	5.3e-05	3.04e-08	4.697758e+18
71.562	229	004:47:27.531 	1.8e-08	1e-99	5.3e-05	3.04e-08	4.697758e+18
71.875	230	004:47:27.844 	1.8e-08	1e-99	5.3e-05	3.04e-08	4.697758e+18
72.187	231	004:47:28.156 	1.8e-08	1e-99	5.31e-05	3.04e-08	4.697758e+18
72.500	232	004:47:28.469 	1.8e-08	1e-99	5.32e-05	3.06e-08	4.728958e+18
72.812	233	004:47:28.781 	1.8e-08	1e-99	5.32e-05	3.05e-08	4.713358e+18
73.125	234	004:47:29.094 	1.7e-08	1e-99	5.32e-05	3.06e-08	4.728958e+18
73.437	235	004:47:29.406 	1.7e-08	1e-99	5.33e-05	3.07e-08	4.744558e+18
73.750	236	004:47:29.719 	1.8e-08	1e-99	5.33e-05	3.07e-08	4.744558e+18
74.062	237	004:47:30.031 	1.8e-08	1e-99	5.34e-05	3.09e-08	4.775758e+18
74.375	238	004:47:30.344 	1.7e-08	1e-99	5.34e-05	3.08e-08	4.760158e+18
74.687	239	004:47:30.656 	1.7e-08	1e-99	5.34e-05	3.09e-08	4.775758e+18
75.000	240	004:47:30.969 	1.8e-08	1e-99	5.35e-05	3.1e-08	4.791358e+18
75.312	241	004:47:31.281 	1.8e-08	1e-99	5.35e-05	3.09e-08	4.775758e+18
75.625	242	004:47:31.594 	1.8e-08	1e-99	5.35e-05	3.09e-08	4.775758e+18
75.937	243	004:47:31.906 	1.7e-08	1e-99	5.36e-05	3.1e-08	4.791358e+18
76.250	244	004:47:32.219 	1.8e-08	1e-99	5.35e-05	3.11e-08	4.806958e+18
76.562	245	004:47:32.531 	1.8e-08	1e-99	5.36e-05	3.1e-08	4.791358e+18
76.875	246	004:47:32.844 	1.8e-08	1e-99	5.36e-05	3.11e-08	4.806958e+18
77.187	247	004:47:33.156 	1.7e-08	1e-99	5.37e-05	3.11e-08	4.806958e+18
77.500	248	004:47:33.469 	1.8e-08	1e-99	5.37e-05	3.13e-08	4.838158e+18
77.812	249	004:47:33.781 	1.8e-08	1e-99	5.37e-05	3.13e-08	4.838158e+18
78.125	250	004:47:34.094 	1.7e-08	1e-99	5.38e-05	3.12e-08	4.822558e+18
78.437	251	004:47:34.406 	1.7e-08	1e-99	5.39e-05	3.13e-08	4.838158e+18
78.750	252	004:47:34.719 	1.8e-08	1e-99	5.39e-05	3.14e-08	4.853758e+18
79.062	253	004:47:35.031 	1.8e-08	1e-99	5.39e-05	3.14e-08	4.853758e+18
79.375	254	004:47:35.344 	1.8e-08	1e-99	5.4e-05	3.15e-08	4.869358e+18
79.687	255	004:47:35.656 	1.8e-08	1e-99	5.4e-05	3.15e-08	4.869358e+18
80.000	256	004:47:35.969 	1.8e-08	1e-99	5.41e-05	3.15e-08	4.869358e+18
80.312	257	004:47:36.281 	1.7e-08	1e-99	5.41e-05	3.15e-08	4.869358e+18
80.625	258	004:47:36.594 	1.8e-08	1e-99	5.42e-05	3.16e-08	4.884958e+18
80.937	259	004:47:36.906 	1.8e-08	1e-99	5.42e-05	3.17e-08	4.900558e+18
81.250	260	004:47:37.219 	1.8e-08	1e-99	5.42e-05	3.17e-08	4.900558e+18
81.562	261	004:47:37.531 	1.8e-08	1e-99	5.42e-05	3.16e-08	4.884958e+18
81.875	262	004:47:37.844 	1.8e-08	1e-99	5.43e-05	3.17e-08	4.900558e+18
82.187	263	004:47:38.156 	1.8e-08	1e-99	5.43e-05	3.19e-08	4.931758e+18
82.500	264	004:47:38.469 	1.8e-08	1e-99	5.43e-05	3.18e-08	4.916158e+18
82.812	265	004:47:38.781 	1.8e-08	1e-99	5.43e-05	3.18e-08	4.916158e+18
83.125	266	004:47:39.094 	1.8e-08	1e-99	5.44e-05	3.18e-08	4.916158e+18
83.437	267	004:47:39.406 	1.7e-08	1e-99	5.44e-05	3.19e-08	4.931758e+18
83.750	268	004:47:39.719 	1.7e-08	1e-99	5.44e-05	3.19e-08	4.931758e+18
84.062	269	004:47:40.031 	1.7e-08	1e-99	5.44e-05	3.2e-08	4.947358e+18
84.375	270	004:47:40.344 	1.8e-08	1e-99	5.45e-05	3.2e-08	4.947358e+18
84.687	271	004:47:40.656 	1.7e-08	1e-99	5.45e-05	3.2e-08	4.947358e+18
85.000	272	004:47:40.969 	1.7e-08	1e-99	5.45e-05	3.2e-08	4.947358e+18
85.312	273	004:47:41.281 	1.7e-08	1e-99	5.46e-05	3.21e-08	4.962958e+18
85.625	274	004:47:41.594 	1.8e-08	1e-99	5.46e-05	3.21e-08	4.962958e+18
85.937	275	004:47:41.906 	1.8e-08	1e-99	5.47e-05	3.22e-08	4.978558e+18
86.250	276	004:47:42.219 	1.7e-08	1e-99	5.47e-05	3.22e-08	4.978558e+18
86.562	277	004:47:42.531 	1.7e-08	1e-99	5.47e-05	3.21e-08	4.962958e+18
86.875	278	004:47:42.844 	1.7e-08	1e-99	5.48e-05	3.22e-08	4.978558e+18
87.187	279	004:47:43.156 	1.8e-08	1e-99	5.48e-05	3.21e-08	4.962958e+18
87.500	280	004:47:43.469 	1.8e-08	1e-99	5.49e-05	3.22e-08	4.978558e+18
87.812	281	004:47:43.781 	1.8e-08	1e-99	5.49e-05	3.23e-08	4.994158e+18
88.125	282	004:47:44.094 	1.8e-08	1e-99	5.49e-05	3.23e-08	4.994158e+18
88.437	283	004:47:44.406 	1.8e-08	1e-99	5.5e-05	3.23e-08	4.994158e+18
88.750	284	004:47:44.719 	1.8e-08	1e-99	5.5e-05	3.25e-08	5.025358e+18
89.062	285	004:47:45.031 	1.8e-08	1e-99	5.5e-05	3.23e-08	4.994158e+18
89.375	286	004:47:45.344 	1.7e-08	1e-99	5.5e-05	3.25e-08	5.025358e+18
89.687	287	004:47:45.656 	1.7e-08	1e-99	5.51e-05	3.25e-08	5.025358e+18
90.000	288	004:47:45.969 	1.8e-08	1e-99	5.51e-05	3.25e-08	5.025358e+18
90.312	289	004:47:46.281 	1.8e-08	1e-99	5.51e-05	3.26e-08	5.040958e+18
90.625	290	004:47:46.594 	1.8e-08	1e-99	5.51e-05	3.26e-08	5.040958e+18
90.937	291	004:47:46.906 	1.7e-08	1e-99	5.51e-05	3.27e-08	5.056558e+18
91.250	292	004:47:47.219 	1.8e-08	1e-99	5.51e-05	3.27e-08	5.056558e+18
91.562	293	004:47:47.531 	1.8e-08	1e-99	5.52e-05	3.26e-08	5.040958e+18
91.875	294	004:47:47.844 	1.8e-08	1e-99	5.52e-05	3.27e-08	5.056558e+18
92.187	295	004:47:48.156 	1.7e-08	1e-99	5.52e-05	3.27e-08	5.056558e+18
92.500	296	004:47:48.469 	1.7e-08	1e-99	5.53e-05	3.28e-08	5.072158e+18
92.812	297	004:47:48.781 	1.8e-08	1e-99	5.53e-05	3.27e-08	5.056558e+18
93.125	298	004:47:49.094 	1.8e-08	1e-99	5.53e-05	3.28e-08	5.072158e+18
93.437	299	004:47:49.406 	1.8e-08	1e-99	5.54e-05	3.29e-08	5.087758e+18
93.750	300	004:47:49.719 	1.8e-08	1e-99	5.54e-05	3.28e-08	5.072158e+18
94.062	301	004:47:50.031 	1.8e-08	1e-99	5.54e-05	3.29e-08	5.087758e+18
94.375	302	004:47:50.344 	1.8e-08	1e-99	5.55e-05	3.28e-08	5.072158e+18
94.687	303	004:47:50.656 	1.7e-08	1e-99	5.55e-05	3.3e-08	5.103358e+18
95.000	304	004:47:50.969 	1.8e-08	1e-99	5.56e-05	3.29e-08	5.087758e+18
95.312	305	004:47:51.281 	1.8e-08	1e-99	5.56e-05	3.3e-08	5.103358e+18
95.625	306	004:47:51.594 	1.8e-08	1e-99	5.56e-05	3.29e-08	5.087758e+18
95.937	307	004:47:51.906 	1.7e-08	1e-99	5.56e-05	3.3e-08	5.103358e+18
96.250	308	004:47:52.219 	1.7e-08	1e-99	5.57e-05	3.3e-08	5.103358e+18
96.562	309	004:47:52.531 	1.8e-08	1e-99	5.57e-05	3.31e-08	5.118958e+18
96.875	310	004:47:52.844 	1.8e-08	1e-99	5.57e-05	3.31e-08	5.118958e+18
97.187	311	004:47:53.156 	1.7e-08	1e-99	5.57e-05	3.3e-08	5.103358e+18
97.500	312	004:47:53.469 	1.7e-08	1e-99	5.57e-05	3.32e-08	5.134558e+18
97.812	313	004:47:53.781 	1.8e-08	1e-99	5.58e-05	3.3e-08	5.103358e+18
98.125	314	004:47:54.094 	1.8e-08	1e-99	5.57e-05	3.31e-08	5.118958e+18
98.437	315	004:47:54.406 	1.8e-08	1e-99	5.58e-05	3.32e-08	5.134558e+18
98.750	316	004:47:54.719 	1.7e-08	1e-99	5.58e-05	3.32e-08	5.134558e+18
99.062	317	004:47:55.031 	1.8e-08	1e-99	5.58e-05	3.32e-08	5.134558e+18
99.375	318	004:47:55.344 	1.8e-08	1e-99	5.59e-05	3.32e-08	5.134558e+18
99.687	319	004:47:55.656 	1.8e-08	1e-99	5.59e-05	3.32e-08	5.134558e+18
100.000	320	004:47:55.969 	1.7e-08	1e-99	5.59e-05	3.32e-08	5.134558e+18
100.312	321	004:47:56.281 	1.8e-08	1e-99	5.59e-05	3.33e-08	5.150158e+18
100.625	322	004:47:56.594 	1.8e-08	1e-99	5.6e-05	3.33e-08	5.150158e+18
100.937	323	004:47:56.906 	1.8e-08	1e-99	5.6e-05	3.32e-08	5.134558e+18
101.250	324	004:47:57.219 	1.7e-08	1e-99	5.6e-05	3.33e-08	5.150158e+18
101.562	325	004:47:57.531 	1.7e-08	1e-99	5.61e-05	3.34e-08	5.165758e+18
101.875	326	004:47:57.844 	1.8e-08	1e-99	5.61e-05	3.34e-08	5.165758e+18
102.187	327	004:47:58.156 	1.8e-08	1e-99	5.61e-05	3.33e-08	5.150158e+18
102.500	328	004:47:58.469 	1.8e-08	1e-99	5.62e-05	3.35e-08	5.181358e+18
102.812	329	004:47:58.781 	1.8e-08	1e-99	5.62e-05	3.35e-08	5.181358e+18
103.125	330	004:47:59.094 	1.8e-08	1e-99	5.62e-05	3.34e-08	5.165758e+18
103.437	331	004:47:59.406 	1.7e-08	1e-99	5.62e-05	3.35e-08	5.181358e+18
103.750	332	004:47:59.719 	1.7e-08	1e-99	5.62e-05	3.35e-08	5.181358e+18
104.062	333	004:48:00.031 	1.8e-08	1e-99	5.63e-05	3.36e-08	5.196958e+18
104.375	334	004:48:00.344 	1.8e-08	1e-99	5.63e-05	3.36e-08	5.196958e+18
104.687	335	004:48:00.656 	1.7e-08	1e-99	5.63e-05	3.36e-08	5.196958e+18
105.000	336	004:48:00.969 	1.6e-08	1e-99	5.63e-05	3.37e-08	5.212558e+18
105.312	337	004:48:01.281 	1.7e-08	1e-99	5.63e-05	3.36e-08	5.196958e+18
105.625	338	004:48:01.594 	1.8e-08	1e-99	5.63e-05	3.37e-08	5.212558e+18
105.937	339	004:48:01.906 	1.8e-08	1e-99	5.63e-05	3.36e-08	5.196958e+18
106.250	340	004:48:02.219 	1.7e-08	1e-99	5.64e-05	3.38e-08	5.228158e+18
106.562	341	004:48:02.531 	1.8e-08	1e-99	5.64e-05	3.37e-08	5.212558e+18
106.875	342	004:48:02.844 	1.8e-08	1e-99	5.64e-05	3.36e-08	5.196958e+18
107.187	343	004:48:03.156 	1.8e-08	1e-99	5.64e-05	3.37e-08	5.212558e+18
107.500	344	004:48:03.469 	1.7e-08	1e-99	5.64e-05	3.37e-08	5.212558e+18
107.812	345	004:48:03.781 	1.7e-08	1e-99	5.65e-05	3.37e-08	5.212558e+18
108.125	346	004:48:04.094 	1.8e-08	1e-99	5.65e-05	3.37e-08	5.212558e+18
108.437	347	004:48:04.406 	1.8e-08	1e-99	5.65e-05	3.38e-08	5.228158e+18
108.750	348	004:48:04.719 	1.8e-08	1e-99	5.66e-05	3.37e-08	5.212558e+18
109.062	349	004:48:05.031 	1.7e-08	1e-99	5.66e-05	3.38e-08	5.228158e+18
109.375	350	004:48:05.344 	1.8e-08	1e-99	5.66e-05	3.38e-08	5.228158e+18
109.687	351	004:48:05.656 	1.8e-08	1e-99	5.66e-05	3.38e-08	5.228158e+18
110.000	352	004:48:05.969 	1.7e-08	1e-99	5.67e-05	3.38e-08	5.228158e+18
110.312	353	004:48:06.281 	1.8e-08	1e-99	5.67e-05	3.39e-08	5.243758e+18
110.625	354	004:48:06.594 	1.8e-08	1e-99	5.67e-05	3.39e-08	5.243758e+18
110.937	355	004:48:06.906 	1.7e-08	1e-99	5.67e-05	3.39e-08	5.243758e+18
111.250	356	004:48:07.219 	1.7e-08	1e-99	5.68e-05	3.38e-08	5.228158e+18
111.562	357	004:48:07.531 	1.8e-08	1e-99	5.68e-05	3.39e-08	5.243758e+18
111.875	358	004:48:07.844 	1.8e-08	1e-99	5.68e-05	3.4e-08	5.259358e+18
112.187	359	004:48:08.156 	1.7e-08	1e-99	5.68e-05	3.39e-08	5.243758e+18
112.500	360	004:48:08.469 	1.7e-08	1e-99	5.68e-05	3.4e-08	5.259358e+18
112.812	361	004:48:08.781 	1.8e-08	1e-99	5.68e-05	3.39e-08	5.243758e+18
113.125	362	004:48:09.094 	1.8e-08	1e-99	5.68e-05	3.4e-08	5.259358e+18
113.437	363	004:48:09.406 	1.7e-08	1e-99	5.68e-05	3.4e-08	5.259358e+18
113.750	364	004:48:09.719 	1.7e-08	1e-99	5.69e-05	3.41e-08	5.274958e+18
114.062	365	004:48:10.031 	1.8e-08	1e-99	5.69e-05	3.4e-08	5.259358e+18
114.375	366	004:48:10.344 	1.8e-08	1e-99	5.69e-05	3.4e-08	5.259358e+18
114.687	367	004:48:10.656 	1.8e-08	1e-99	5.69e-05	3.41e-08	5.274958e+18
115.000	368	004:48:10.969 	1.8e-08	1e-99	5.69e-05	3.4e-08	5.259358e+18
115.312	369	004:48:11.281 	1.8e-08	1e-99	5.7e-05	3.41e-08	5.274958e+18
115.625	370	004:48:11.594 	1.8e-08	1e-99	5.7e-05	3.4e-08	5.259358e+18
115.937	371	004:48:11.906 	1.8e-08	1e-99	5.7e-05	3.4e-08	5.259358e+18
116.250	372	004:48:12.219 	1.7e-08	1e-99	5.7e-05	3.41e-08	5.274958e+18
116.562	373	004:48:12.531 	1.8e-08	1e-99	5.71e-05	3.42e-08	5.290558e+18
116.875	374	004:48:12.844 	1.8e-08	1e-99	5.71e-05	3.4e-08	5.259358e+18
117.187	375	004:48:13.156 	1.8e-08	1e-99	5.71e-05	3.41e-08	5.274958e+18
117.500	376	004:48:13.469 	1.7e-08	1e-99	5.71e-05	3.42e-08	5.290558e+18
117.812	377	004:48:13.781 	1.7e-08	1e-99	5.72e-05	3.41e-08	5.274958e+18
118.125	378	004:48:14.094 	1.8e-08	1e-99	5.72e-05	3.41e-08	5.274958e+18
118.437	379	004:48:14.406 	1.8e-08	1e-99	5.72e-05	3.42e-08	5.290558e+18
118.750	380	004:48:14.719 	1.8e-08	1e-99	5.72e-05	3.43e-08	5.306158e+18
119.062	381	004:48:15.031 	1.7e-08	1e-99	5.72e-05	3.42e-08	5.290558e+18
119.375	382	004:48:15.344 	1.8e-08	1e-99	5.72e-05	3.42e-08	5.290558e+18
119.687	383	004:48:15.656 	1.8e-08	1e-99	5.72e-05	3.43e-08	5.306158e+18
120.000	384	004:48:15.969 	1.8e-08	1e-99	5.73e-05	3.44e-08	5.321758e+18
120.312	385	004:48:16.281 	1.7e-08	1e-99	5.73e-05	3.43e-08	5.306158e+18
120.625	386	004:48:16.594 	1.8e-08	1e-99	5.73e-05	3.44e-08	5.321758e+18
120.937	387	004:48:16.906 	1.8e-08	1e-99	5.73e-05	3.42e-08	5.290558e+18
121.250	388	004:48:17.219 	1.8e-08	1e-99	5.73e-05	3.44e-08	5.321758e+18
121.562	389	004:48:17.531 	1.7e-08	1e-99	5.73e-05	3.43e-08	5.306158e+18
121.875	390	004:48:17.844 	1.8e-08	1e-99	5.73e-05	3.43e-08	5.306158e+18
122.187	391	004:48:18.156 	1.8e-08	1e-99	5.73e-05	3.45e-08	5.337358e+18
122.500	392	004:48:18.469 	1.8e-08	1e-99	5.74e-05	3.43e-08	5.306158e+18
122.812	393	004:48:18.781 	1.7e-08	1e-99	5.74e-05	3.44e-08	5.321758e+18
123.125	394	004:48:19.094 	1.7e-08	1e-99	5.74e-05	3.44e-08	5.321758e+18
123.437	395	004:48:19.406 	1.8e-08	1e-99	5.74e-05	3.43e-08	5.306158e+18
123.750	396	004:48:19.719 	1.8e-08	1e-99	5.75e-05	3.44e-08	5.321758e+18
124.062	397	004:48:20.031 	1.7e-08	1e-99	5.75e-05	3.44e-08	5.321758e+18
124.375	398	004:48:20.344 	1.8e-08	1e-99	5.75e-05	3.44e-08	5.321758e+18
124.687	399	004:48:20.656 	1.9e-08	1e-99	5.76e-05	3.45e-08	5.337358e+18
125.000	400	004:48:20.969 	1.8e-08	1e-99	5.76e-05	3.44e-08	5.321758e+18
125.312	401	004:48:21.281 	1.7e-08	1e-99	5.76e-05	3.45e-08	5.337358e+18
125.625	402	004:48:21.594 	1.7e-08	1e-99	5.76e-05	3.46e-08	5.352958e+18
125.937	403	004:48:21.906 	1.8e-08	1e-99	5.76e-05	3.45e-08	5.337358e+18
126.250	404	004:48:22.219 	1.8e-08	1e-99	5.76e-05	3.44e-08	5.321758e+18
126.562	405	004:48:22.531 	1.8e-08	1e-99	5.76e-05	3.45e-08	5.337358e+18
126.875	406	004:48:22.844 	1.8e-08	1e-99	5.76e-05	3.46e-08	5.352958e+18
127.187	407	004:48:23.156 	1.8e-08	1e-99	5.76e-05	3.45e-08	5.337358e+18
127.500	408	004:48:23.469 	1.8e-08	1e-99	5.77e-05	3.46e-08	5.352958e+18
127.812	409	004:48:23.781 	1.7e-08	1e-99	5.77e-05	3.46e-08	5.352958e+18
128.125	410	004:48:24.094 	1.7e-08	1e-99	5.77e-05	3.45e-08	5.337358e+18
128.437	411	004:48:24.406 	1.7e-08	1e-99	5.77e-05	3.46e-08	5.352958e+18
128.750	412	004:48:24.719 	1.8e-08	1e-99	5.77e-05	3.46e-08	5.352958e+18
129.062	413	004:48:25.031 	1.8e-08	1e-99	5.77e-05	3.46e-08	5.352958e+18
129.375	414	004:48:25.344 	1.7e-08	1e-99	5.77e-05	3.45e-08	5.337358e+18
129.687	415	004:48:25.656 	1.8e-08	1e-99	5.77e-05	3.46e-08	5.352958e+18
130.000	416	004:48:25.969 	1.8e-08	1e-99	5.77e-05	3.47e-08	5.368558e+18
130.312	417	004:48:26.281 	1.7e-08	1e-99	5.77e-05	3.47e-08	5.368558e+18
130.625	418	004:48:26.594 	1.7e-08	1e-99	5.77e-05	3.44e-08	5.321758e+18
130.937	419	004:48:26.906 	1.7e-08	1e-99	5.77e-05	3.44e-08	5.321758e+18
131.250	420	004:48:27.219 	1.7e-08	1e-99	5.76e-05	3.44e-08	5.321758e+18
131.562	421	004:48:27.531 	1.8e-08	1e-99	5.76e-05	3.43e-08	5.306158e+18
131.875	422	004:48:27.844 	1.7e-08	1e-99	5.75e-05	3.42e-08	5.290558e+18
132.187	423	004:48:28.156 	1.7e-08	1e-99	5.75e-05	3.42e-08	5.290558e+18
132.500	424	004:48:28.469 	1.8e-08	1e-99	5.74e-05	3.4e-08	5.259358e+18
132.812	425	004:48:28.781 	1.8e-08	1e-99	5.73e-05	3.38e-08	5.228158e+18
133.125	426	004:48:29.094 	1.7e-08	1e-99	5.72e-05	3.37e-08	5.212558e+18
133.437	427	004:48:29.406 	1.7e-08	1e-99	5.72e-05	3.37e-08	5.212558e+18
133.750	428	004:48:29.719 	1.8e-08	1e-99	5.7e-05	3.33e-08	5.150158e+18
134.062	429	004:48:30.031 	1.8e-08	1e-99	5.69e-05	3.32e-08	5.134558e+18
134.375	430	004:48:30.344 	1.8e-08	1e-99	5.68e-05	3.31e-08	5.118958e+18
134.687	431	004:48:30.656 	1.8e-08	1e-99	5.66e-05	3.29e-08	5.087758e+18
135.000	432	004:48:30.969 	1.8e-08	1e-99	5.65e-05	3.26e-08	5.040958e+18
135.312	433	004:48:31.281 	1.8e-08	1e-99	5.64e-05	3.25e-08	5.025358e+18
135.625	434	004:48:31.594 	1.8e-08	1e-99	5.62e-05	3.22e-08	4.978558e+18
135.937	435	004:48:31.906 	1.8e-08	1e-99	5.6e-05	3.2e-08	4.947358e+18
136.250	436	004:48:32.219 	1.7e-08	1e-99	5.59e-05	3.19e-08	4.931758e+18
136.562	437	004:48:32.531 	1.8e-08	1e-99	5.57e-05	3.16e-08	4.884958e+18
136.875	438	004:48:32.844 	1.9e-08	1e-99	5.56e-05	3.13e-08	4.838158e+18
137.187	439	004:48:33.156 	1.8e-08	1e-99	5.54e-05	3.12e-08	4.822558e+18
137.500	440	004:48:33.469 	1.7e-08	1e-99	5.52e-05	3.08e-08	4.760158e+18
137.812	441	004:48:33.781 	1.8e-08	1e-99	5.51e-05	3.06e-08	4.728958e+18
138.125	442	004:48:34.094 	1.8e-08	1e-99	5.49e-05	3.05e-08	4.713358e+18
138.437	443	004:48:34.406 	1.8e-08	1e-99	5.47e-05	3e-08	4.635358e+18
138.750	444	004:48:34.719 	1.7e-08	1e-99	5.46e-05	2.98e-08	4.604158e+18
139.062	445	004:48:35.031 	1.7e-08	1e-99	5.45e-05	2.97e-08	4.588558e+18
139.375	446	004:48:35.344 	1.8e-08	1e-99	5.42e-05	2.93e-08	4.526158e+18
139.687	447	004:48:35.656 	1.8e-08	1e-99	5.41e-05	2.91e-08	4.494958e+18
140.000	448	004:48:35.969 	1.8e-08	1e-99	5.4e-05	2.9e-08	4.479358e+18
140.312	449	004:48:36.281 	1.8e-08	1e-99	5.37e-05	2.85e-08	4.401358e+18
140.625	450	004:48:36.594 	1.8e-08	1e-99	5.36e-05	2.84e-08	4.385758e+18
140.937	451	004:48:36.906 	1.8e-08	1e-99	5.35e-05	2.82e-08	4.354558e+18
141.250	452	004:48:37.219 	1.7e-08	1e-99	5.34e-05	2.79e-08	4.307758e+18
141.562	453	004:48:37.531 	1.7e-08	1e-99	5.31e-05	2.75e-08	4.245358e+18
141.875	454	004:48:37.844 	1.8e-08	1e-99	5.3e-05	2.75e-08	4.245358e+18
142.187	455	004:48:38.156 	1.8e-08	1e-99	5.28e-05	2.73e-08	4.214158e+18
142.500	456	004:48:38.469 	1.8e-08	1e-99	5.25e-05	2.69e-08	4.151758e+18
142.812	457	004:48:38.781 	1.8e-08	1e-99	5.24e-05	2.68e-08	4.136158e+18
143.125	458	004:48:39.094 	1.8e-08	1e-99	5.23e-05	2.65e-08	4.089358e+18
143.437	459	004:48:39.406 	1.8e-08	1e-99	5.2e-05	2.6e-08	4.011358e+18
143.750	460	004:48:39.719 	1.7e-08	1e-99	5.19e-05	2.59e-08	3.995758e+18
144.062	461	004:48:40.031 	1.7e-08	1e-99	5.17e-05	2.58e-08	3.980158e+18
144.375	462	004:48:40.344 	1.8e-08	1e-99	5.15e-05	2.53e-08	3.902158e+18
144.687	463	004:48:40.656 	1.8e-08	1e-99	5.14e-05	2.52e-08	3.886558e+18
145.000	464	004:48:40.969 	1.7e-08	1e-99	5.13e-05	2.51e-08	3.870958e+18
145.312	465	004:48:41.281 	1.8e-08	1e-99	5.1e-05	2.46e-08	3.792958e+18
145.625	466	004:48:41.594 	1.8e-08	1e-99	5.09e-05	2.45e-08	3.777358e+18
145.937	467	004:48:41.906 	1.8e-08	1e-99	5.08e-05	2.44e-08	3.761758e+18
146.250	468	004:48:42.219 	1.7e-08	1e-99	5.05e-05	2.4e-08	3.699358e+18
146.562	469	004:48:42.531 	1.7e-08	1e-99	5.05e-05	2.38e-08	3.668158e+18
146.875	470	004:48:42.844 	1.8e-08	1e-99	5.03e-05	2.37e-08	3.652558e+18
147.187	471	004:48:43.156 	1.8e-08	1e-99	5.01e-05	2.33e-08	3.590158e+18
147.500	472	004:48:43.469 	1.8e-08	1e-99	5e-05	2.31e-08	3.558958e+18
147.812	473	004:48:43.781 	1.7e-08	1e-99	4.99e-05	2.29e-08	3.527758e+18
148.125	474	004:48:44.094 	1.8e-08	1e-99	4.97e-05	2.27e-08	3.496558e+18
148.437	475	004:48:44.406 	1.8e-08	1e-99	4.96e-05	2.25e-08	3.465358e+18
148.750	476	004:48:44.719 	1.7e-08	1e-99	4.94e-05	2.24e-08	3.449758e+18
149.062	477	004:48:45.031 	1.7e-08	1e-99	4.93e-05	2.22e-08	3.418558e+18
149.375	478	004:48:45.344 	1.8e-08	1e-99	4.91e-05	2.19e-08	3.371758e+18
149.687	479	004:48:45.656 	1.8e-08	1e-99	4.9e-05	2.17e-08	3.340558e+18
150.000	480	004:48:45.969 	1.8e-08	1e-99	4.89e-05	2.15e-08	3.309358e+18
150.312	481	004:48:46.281 	1.8e-08	1e-99	4.86e-05	2.12e-08	3.262558e+18
150.625	482	004:48:46.594 	1.8e-08	1e-99	4.85e-05	2.11e-08	3.246958e+18
150.937	483	004:48:46.906 	1.8e-08	1e-99	4.84e-05	2.09e-08	3.215758e+18
151.250	484	004:48:47.219 	1.8e-08	1e-99	4.82e-05	2.06e-08	3.168958e+18
151.562	485	004:48:47.531 	1.8e-08	1e-99	4.8e-05	2.04e-08	3.137758e+18
151.875	486	004:48:47.844 	1.7e-08	1e-99	4.79e-05	2.03e-08	3.122158e+18
152.187	487	004:48:48.156 	1.7e-08	1e-99	4.77e-05	2e-08	3.075358e+18
152.500	488	004:48:48.469 	1.8e-08	1e-99	4.76e-05	1.98e-08	3.044158e+18
152.812	489	004:48:48.781 	1.8e-08	1e-99	4.75e-05	1.97e-08	3.028558e+18
153.125	490	004:48:49.094 	1.7e-08	1e-99	4.73e-05	1.94e-08	2.981758e+18
153.437	491	004:48:49.406 	1.8e-08	1e-99	4.72e-05	1.91e-08	2.934958e+18
153.750	492	004:48:49.719 	1.8e-08	1e-99	4.71e-05	1.9e-08	2.919358e+18
154.062	493	004:48:50.031 	1.7e-08	1e-99	4.69e-05	1.88e-08	2.888158e+18
154.375	494	004:48:50.344 	1.7e-08	1e-99	4.69e-05	1.86e-08	2.856958e+18
154.687	495	004:48:50.656 	1.7e-08	1e-99	4.68e-05	1.85e-08	2.841358e+18
155.000	496	004:48:50.969 	1.8e-08	1e-99	4.66e-05	1.82e-08	2.794558e+18
155.312	497	004:48:51.281 	1.8e-08	1e-99	4.65e-05	1.81e-08	2.778958e+18
155.625	498	004:48:51.594 	1.8e-08	1e-99	4.64e-05	1.8e-08	2.763358e+18
155.937	499	004:48:51.906 	1.8e-08	1e-99	4.62e-05	1.76e-08	2.700958e+18
156.250	500	004:48:52.219 	1.8e-08	1e-99	4.61e-05	1.76e-08	2.700958e+18
156.562	501	004:48:52.531 	1.8e-08	1e-99	4.6e-05	1.75e-08	2.685358e+18
156.875	502	004:48:52.844 	1.7e-08	1e-99	4.59e-05	1.73e-08	2.654158e+18
157.187	503	004:48:53.156 	1.8e-08	1e-99	4.57e-05	1.7e-08	2.607358e+18
157.500	504	004:48:53.469 	1.8e-08	1e-99	4.56e-05	1.69e-08	2.591758e+18
157.812	505	004:48:53.781 	1.8e-08	1e-99	4.55e-05	1.67e-08	2.560558e+18
158.125	506	004:48:54.094 	1.7e-08	1e-99	4.53e-05	1.65e-08	2.529358e+18
158.437	507	004:48:54.406 	1.7e-08	1e-99	4.52e-05	1.64e-08	2.513758e+18
158.750	508	004:48:54.719 	1.8e-08	1e-99	4.51e-05	1.63e-08	2.498158e+18
159.062	509	004:48:55.031 	1.9e-08	1e-99	4.49e-05	1.6e-08	2.451358e+18
159.375	510	004:48:55.344 	1.8e-08	1e-99	4.48e-05	1.58e-08	2.420158e+18
159.687	511	004:48:55.656 	1.7e-08	1e-99	4.47e-05	1.57e-08	2.404558e+18
160.000	512	004:48:55.969 	1.8e-08	1e-99	4.46e-05	1.55e-08	2.373358e+18
160.312	513	004:48:56.281 	1.7e-08	1e-99	4.45e-05	1.53e-08	2.342158e+18
160.625	514	004:48:56.594 	1.7e-08	1e-99	4.44e-05	1.53e-08	2.342158e+18
160.937	515	004:48:56.906 	1.8e-08	1e-99	4.42e-05	1.5e-08	2.295358e+18
161.250	516	004:48:57.219 	1.8e-08	1e-99	4.41e-05	1.48e-08	2.264158e+18
161.562	517	004:48:57.531 	1.8e-08	1e-99	4.41e-05	1.47e-08	2.248558e+18
161.875	518	004:48:57.844 	1.7e-08	1e-99	4.39e-05	1.45e-08	2.217358e+18
162.187	519	004:48:58.156 	1.7e-08	1e-99	4.39e-05	1.44e-08	2.201758e+18
162.500	520	004:48:58.469 	1.8e-08	1e-99	4.38e-05	1.43e-08	2.186158e+18
162.812	521	004:48:58.781 	1.7e-08	1e-99	4.36e-05	1.41e-08	2.154958e+18
163.125	522	004:48:59.094 	1.7e-08	1e-99	4.35e-05	1.39e-08	2.123758e+18
163.437	523	004:48:59.406 	1.8e-08	1e-99	4.35e-05	1.38e-08	2.108158e+18
163.750	524	004:48:59.719 	1.8e-08	1e-99	4.33e-05	1.36e-08	2.076958e+18
164.062	525	004:49:00.031 	1.7e-08	1e-99	4.33e-05	1.35e-08	2.061358e+18
164.375	526	004:49:00.344 	1.8e-08	1e-99	4.32e-05	1.34e-08	2.045758e+18
164.687	527	004:49:00.656 	1.8e-08	1e-99	4.31e-05	1.33e-08	2.030158e+18
165.000	528	004:49:00.969 	1.8e-08	1e-99	4.29e-05	1.31e-08	1.998958e+18
165.312	529	004:49:01.281 	1.8e-08	1e-99	4.28e-05	1.31e-08	1.998958e+18
165.625	530	004:49:01.594 	1.8e-08	1e-99	4.28e-05	1.29e-08	1.967758e+18
165.937	531	004:49:01.906 	1.8e-08	1e-99	4.26e-05	1.27e-08	1.936558e+18
166.250	532	004:49:02.219 	1.8e-08	1e-99	4.25e-05	1.26e-08	1.920958e+18
166.562	533	004:49:02.531 	1.7e-08	1e-99	4.24e-05	1.26e-08	1.920958e+18
166.875	534	004:49:02.844 	1.7e-08	1e-99	4.23e-05	1.23e-08	1.874158e+18
167.187	535	004:49:03.156 	1.8e-08	1e-99	4.22e-05	1.22e-08	1.858558e+18
167.500	536	004:49:03.469 	1.8e-08	1e-99	4.21e-05	1.22e-08	1.858558e+18
167.812	537	004:49:03.781 	1.7e-08	1e-99	4.2e-05	1.2e-08	1.827358e+18
168.125	538	004:49:04.094 	1.8e-08	1e-99	4.19e-05	1.19e-08	1.811758e+18
168.437	539	004:49:04.406 	1.9e-08	1e-99	4.18e-05	1.18e-08	1.796158e+18
168.750	540	004:49:04.719 	1.7e-08	1e-99	4.17e-05	1.16e-08	1.764958e+18
169.062	541	004:49:05.031 	1.8e-08	1e-99	4.16e-05	1.16e-08	1.764958e+18
169.375	542	004:49:05.344 	1.9e-08	1e-99	4.16e-05	1.14e-08	1.733758e+18
169.687	543	004:49:05.656 	1.8e-08	1e-99	4.15e-05	1.13e-08	1.718158e+18
170.000	544	004:49:05.969 	1.7e-08	1e-99	4.14e-05	1.12e-08	1.702558e+18
170.312	545	004:49:06.281 	1.8e-08	1e-99	4.13e-05	1.11e-08	1.686958e+18
170.625	546	004:49:06.594 	1.8e-08	1e-99	4.12e-05	1.09e-08	1.655758e+18
170.937	547	004:49:06.906 	1.7e-08	1e-99	4.12e-05	1.09e-08	1.655758e+18
171.250	548	004:49:07.219 	1.6e-08	1e-99	4.11e-05	1.09e-08	1.655758e+18
171.562	549	004:49:07.531 	1.8e-08	1e-99	4.1e-05	1.06e-08	1.608958e+18
171.875	550	004:49:07.844 	1.8e-08	1e-99	4.09e-05	1.05e-08	1.593358e+18
172.187	551	004:49:08.156 	1.8e-08	1e-99	4.09e-05	1.04e-08	1.577758e+18
172.500	552	004:49:08.469 	1.7e-08	1e-99	4.07e-05	1.03e-08	1.562158e+18
172.812	553	004:49:08.781 	1.8e-08	1e-99	4.06e-05	1.02e-08	1.546558e+18
173.125	554	004:49:09.094 	1.8e-08	1e-99	4.06e-05	1.01e-08	1.530958e+18
173.437	555	004:49:09.406 	1.8e-08	1e-99	4.05e-05	1.01e-08	1.530958e+18
173.750	556	004:49:09.719 	1.8e-08	1e-99	4.03e-05	9.86e-09	1.493518e+18
174.062	557	004:49:10.031 	1.7e-08	1e-99	4.03e-05	9.81e-09	1.485718e+18
174.391	558	004:49:10.360 	1.8e-08	1e-99	4.02e-05	9.7e-09	1.468558e+18
174.687	559	004:49:10.656 	1.7e-08	1e-99	4.01e-05	9.42e-09	1.424878e+18
175.000	560	004:49:10.969 	1.7e-08	1e-99	4e-05	9.33e-09	1.410838e+18
175.312	561	004:49:11.281 	1.8e-08	1e-99	4e-05	9.19e-09	1.388998e+18
175.625	562	004:49:11.594 	1.8e-08	1e-99	3.99e-05	8.96e-09	1.353118e+18
175.937	563	004:49:11.906 	1.7e-08	1e-99	3.98e-05	8.92e-09	1.346878e+18
176.250	564	004:49:12.219 	1.8e-08	1e-99	3.98e-05	8.85e-09	1.335958e+18
176.562	565	004:49:12.531 	1.8e-08	1e-99	3.96e-05	8.71e-09	1.314118e+18
176.875	566	004:49:12.844 	1.7e-08	1e-99	3.96e-05	8.69e-09	1.310998e+18
177.187	567	004:49:13.156 	1.7e-08	1e-99	3.96e-05	8.61e-09	1.298518e+18
177.500	568	004:49:13.469 	1.7e-08	1e-99	3.94e-05	8.46e-09	1.275118e+18
177.812	569	004:49:13.781 	1.8e-08	1e-99	3.94e-05	8.39e-09	1.264198e+18
178.125	570	004:49:14.094 	1.8e-08	1e-99	3.94e-05	8.32e-09	1.253278e+18
178.437	571	004:49:14.406 	1.7e-08	1e-99	3.93e-05	8.24e-09	1.240798e+18
178.750	572	004:49:14.719 	1.7e-08	1e-99	3.92e-05	8.15e-09	1.226758e+18
179.062	573	004:49:15.031 	1.8e-08	1e-99	3.92e-05	8.11e-09	1.220518e+18
179.375	574	004:49:15.344 	1.8e-08	1e-99	3.91e-05	7.98e-09	1.200238e+18
179.687	575	004:49:15.656 	1.8e-08	1e-99	3.9e-05	7.93e-09	1.192438e+18
180.000	576	004:49:15.969 	1.8e-08	1e-99	3.89e-05	7.92e-09	1.190878e+18
180.312	577	004:49:16.281 	1.8e-08	1e-99	3.88e-05	7.79e-09	1.170598e+18
180.625	578	004:49:16.594 	1.8e-08	1e-99	3.88e-05	7.71e-09	1.158118e+18
180.937	579	004:49:16.906 	1.7e-08	1e-99	3.87e-05	7.62e-09	1.144078e+18
181.250	580	004:49:17.219 	1.8e-08	1e-99	3.87e-05	7.58e-09	1.137838e+18
181.562	581	004:49:17.531 	1.8e-08	1e-99	3.85e-05	7.45e-09	1.117558e+18
181.875	582	004:49:17.844 	1.8e-08	1e-99	3.85e-05	7.39e-09	1.108198e+18
182.187	583	004:49:18.156 	1.7e-08	1e-99	3.84e-05	7.35e-09	1.101958e+18
182.500	584	004:49:18.469 	1.8e-08	1e-99	3.83e-05	7.2e-09	1.078558e+18
182.812	585	004:49:18.781 	1.8e-08	1e-99	3.83e-05	7.19e-09	1.076998e+18
183.125	586	004:49:19.094 	1.8e-08	1e-99	3.82e-05	7.13e-09	1.067638e+18
183.437	587	004:49:19.406 	1.8e-08	1e-99	3.81e-05	7.03e-09	1.052038e+18
183.750	588	004:49:19.719 	1.7e-08	1e-99	3.81e-05	7.03e-09	1.052038e+18
184.062	589	004:49:20.031 	1.8e-08	1e-99	3.8e-05	6.93e-09	1.036438e+18
184.375	590	004:49:20.344 	1.8e-08	1e-99	3.8e-05	6.83e-09	1.020838e+18
184.687	591	004:49:20.656 	1.7e-08	1e-99	3.79e-05	6.81e-09	1.017718e+18
185.000	592	004:49:20.969 	1.8e-08	1e-99	3.79e-05	6.74e-09	1.006798e+18
185.312	593	004:49:21.281 	1.8e-08	1e-99	3.78e-05	6.65e-09	9.92758e+17
185.625	594	004:49:21.594 	1.7e-08	1e-99	3.78e-05	6.57e-09	9.80278e+17
185.937	595	004:49:21.906 	1.8e-08	1e-99	3.77e-05	6.54e-09	9.75598e+17
186.250	596	004:49:22.219 	1.8e-08	1e-99	3.77e-05	6.43e-09	9.58438e+17
186.562	597	004:49:22.531 	1.8e-08	1e-99	3.76e-05	6.39e-09	9.52198e+17
186.875	598	004:49:22.844 	1.8e-08	1e-99	3.76e-05	6.34e-09	9.44398e+17
187.187	599	004:49:23.156 	1.8e-08	1e-99	3.75e-05	6.26e-09	9.31918e+17
187.500	600	004:49:23.469 	1.8e-08	1e-99	3.74e-05	6.18e-09	9.19438e+17
187.812	601	004:49:23.781 	1.8e-08	1e-99	3.74e-05	6.18e-09	9.19438e+17
188.125	602	004:49:24.094 	1.7e-08	1e-99	3.73e-05	6.08e-09	9.03838e+17
188.437	603	004:49:24.406 	1.7e-08	1e-99	3.73e-05	6.04e-09	8.97598e+17
188.750	604	004:49:24.719 	1.8e-08	1e-99	3.72e-05	6.01e-09	8.92918e+17
189.062	605	004:49:25.031 	1.8e-08	1e-99	3.72e-05	5.96e-09	8.85118e+17
189.375	606	004:49:25.344 	1.7e-08	1e-99	3.71e-05	5.85e-09	8.67958e+17
189.687	607	004:49:25.656 	1.8e-08	1e-99	3.7e-05	5.81e-09	8.61718e+17
190.000	608	004:49:25.969 	1.8e-08	1e-99	3.7e-05	5.77e-09	8.55478e+17
190.312	609	004:49:26.281 	1.8e-08	1e-99	3.69e-05	5.73e-09	8.49238e+17
190.625	610	004:49:26.594 	1.8e-08	1e-99	3.68e-05	5.66e-09	8.38318e+17
190.937	611	004:49:26.906 	1.8e-08	1e-99	3.68e-05	5.61e-09	8.30518e+17
191.250	612	004:49:27.219 	1.8e-08	1e-99	3.67e-05	5.53e-09	8.18038e+17
191.562	613	004:49:27.531 	1.7e-08	1e-99	3.67e-05	5.48e-09	8.10238e+17
191.875	614	004:49:27.844 	1.7e-08	1e-99	3.67e-05	5.46e-09	8.07118e+17
192.187	615	004:49:28.156 	1.7e-08	1e-99	3.66e-05	5.35e-09	7.89958e+17
192.500	616	004:49:28.469 	1.8e-08	1e-99	3.66e-05	5.34e-09	7.88398e+17
192.812	617	004:49:28.781 	1.8e-08	1e-99	3.65e-05	5.32e-09	7.85278e+17
193.125	618	004:49:29.094 	1.8e-08	1e-99	3.65e-05	5.22e-09	7.69678e+17
193.437	619	004:49:29.406 	1.7e-08	1e-99	3.65e-05	5.18e-09	7.63438e+17
193.750	620	004:49:29.719 	1.7e-08	1e-99	3.64e-05	5.16e-09	7.60318e+17
194.062	621	004:49:30.031 	1.8e-08	1e-99	3.64e-05	5.05e-09	7.43158e+17
194.375	622	004:49:30.344 	1.8e-08	1e-99	3.63e-05	5.03e-09	7.40038e+17
194.687	623	004:49:30.656 	1.8e-08	1e-99	3.63e-05	5.02e-09	7.38478e+17
195.000	624	004:49:30.969 	1.7e-08	1e-99	3.62e-05	4.92e-09	7.22878e+17
195.312	625	004:49:31.281 	1.7e-08	1e-99	3.62e-05	4.92e-09	7.22878e+17
195.625	626	004:49:31.594 	1.8e-08	1e-99	3.62e-05	4.87e-09	7.15078e+17
195.937	627	004:49:31.906 	1.7e-08	1e-99	3.6e-05	4.81e-09	7.05718e+17
196.250	628	004:49:32.219 	1.7e-08	1e-99	3.6e-05	4.76e-09	6.97918e+17
196.562	629	004:49:32.531 	1.8e-08	1e-99	3.6e-05	4.73e-09	6.93238e+17
196.875	630	004:49:32.844 	1.8e-08	1e-99	3.59e-05	4.67e-09	6.83878e+17
197.187	631	004:49:33.156 	1.8e-08	1e-99	3.58e-05	4.65e-09	6.80758e+17
197.500	632	004:49:33.469 	1.7e-08	1e-99	3.58e-05	4.61e-09	6.74518e+17
197.812	633	004:49:33.781 	1.8e-08	1e-99	3.58e-05	4.57e-09	6.68278e+17
198.125	634	004:49:34.094 	1.8e-08	1e-99	3.57e-05	4.52e-09	6.60478e+17
198.437	635	004:49:34.406 	1.8e-08	1e-99	3.57e-05	4.43e-09	6.46438e+17
198.750	636	004:49:34.719 	1.8e-08	1e-99	3.57e-05	4.44e-09	6.47998e+17
199.062	637	004:49:35.031 	1.7e-08	1e-99	3.56e-05	4.39e-09	6.40198e+17
199.375	638	004:49:35.344 	1.8e-08	1e-99	3.56e-05	4.33e-09	6.30838e+17
199.687	639	004:49:35.656 	1.8e-08	1e-99	3.56e-05	4.34e-09	6.32398e+17
200.000	640	004:49:35.969 	1.8e-08	1e-99	3.55e-05	4.25e-09	6.18358e+17
200.312	641	004:49:36.281 	1.8e-08	1e-99	3.55e-05	4.26e-09	6.19918e+17
200.625	642	004:49:36.594 	1.8e-08	1e-99	3.55e-05	4.19e-09	6.08998e+17
200.937	643	004:49:36.906 	1.7e-08	1e-99	3.54e-05	4.1e-09	5.94958e+17
201.250	644	004:49:37.219 	1.7e-08	1e-99	3.54e-05	4.1e-09	5.94958e+17
201.562	645	004:49:37.531 	1.7e-08	1e-99	3.54e-05	4.06e-09	5.88718e+17
201.875	646	004:49:37.844 	1.8e-08	1e-99	3.53e-05	4.03e-09	5.84038e+17
202.187	647	004:49:38.156 	1.8e-08	1e-99	3.53e-05	4e-09	5.79358e+17
202.500	648	004:49:38.469 	1.8e-08	1e-99	3.52e-05	3.98e-09	5.76238e+17
202.812	649	004:49:38.781 	1.7e-08	1e-99	3.51e-05	3.92e-09	5.66878e+17
203.125	650	004:49:39.094 	1.8e-08	1e-99	3.51e-05	3.92e-09	5.66878e+17
203.437	651	004:49:39.406 	1.8e-08	1e-99	3.51e-05	3.84e-09	5.54398e+17
203.750	652	004:49:39.719 	1.8e-08	1e-99	3.5e-05	3.8e-09	5.48158e+17
204.062	653	004:49:40.031 	1.7e-08	1e-99	3.5e-05	3.78e-09	5.45038e+17
204.375	654	004:49:40.344 	1.7e-08	1e-99	3.5e-05	3.73e-09	5.37238e+17
204.687	655	004:49:40.656 	1.8e-08	1e-99	3.49e-05	3.76e-09	5.41918e+17
205.000	656	004:49:40.969 	1.7e-08	1e-99	3.48e-05	3.68e-09	5.29438e+17
205.312	657	004:49:41.281 	1.7e-08	1e-99	3.48e-05	3.64e-09	5.23198e+17
205.625	658	004:49:41.594 	1.7e-08	1e-99	3.48e-05	3.66e-09	5.26318e+17
205.937	659	004:49:41.906 	1.8e-08	1e-99	3.47e-05	3.56e-09	5.10718e+17
206.250	660	004:49:42.219 	1.8e-08	1e-99	3.47e-05	3.54e-09	5.07598e+17
206.562	661	004:49:42.531 	1.8e-08	1e-99	3.47e-05	3.54e-09	5.07598e+17
206.875	662	004:49:42.844 	1.7e-08	1e-99	3.47e-05	3.47e-09	4.96678e+17
207.187	663	004:49:43.156 	1.7e-08	1e-99	3.47e-05	3.45e-09	4.93558e+17
207.500	664	004:49:43.469 	1.8e-08	1e-99	3.46e-05	3.41e-09	4.87318e+17
207.812	665	004:49:43.781 	1.7e-08	1e-99	3.46e-05	3.38e-09	4.82638e+17
208.125	666	004:49:44.094 	1.7e-08	1e-99	3.46e-05	3.34e-09	4.76398e+17
208.437	667	004:49:44.406 	1.8e-08	1e-99	3.46e-05	3.32e-09	4.73278e+17
208.750	668	004:49:44.719 	1.8e-08	1e-99	3.45e-05	3.27e-09	4.65478e+17
209.062	669	004:49:45.031 	1.7e-08	1e-99	3.45e-05	3.3e-09	4.70158e+17
209.375	670	004:49:45.344 	1.7e-08	1e-99	3.45e-05	3.23e-09	4.59238e+17
209.687	671	004:49:45.656 	1.7e-08	1e-99	3.44e-05	3.21e-09	4.56118e+17
210.000	672	004:49:45.969 	1.8e-08	1e-99	3.44e-05	3.18e-09	4.51438e+17
210.312	673	004:49:46.281 	1.8e-08	1e-99	3.43e-05	3.14e-09	4.45198e+17
210.625	674	004:49:46.594 	1.8e-08	1e-99	3.43e-05	3.11e-09	4.40518e+17
210.937	675	004:49:46.906 	1.8e-08	1e-99	3.42e-05	3.08e-09	4.35838e+17
211.250	676	004:49:47.219 	1.8e-08	1e-99	3.42e-05	3.11e-09	4.40518e+17
211.562	677	004:49:47.531 	1.8e-08	1e-99	3.42e-05	3.01e-09	4.24918e+17
211.875	678	004:49:47.844 	1.7e-08	1e-99	3.41e-05	3.02e-09	4.26478e+17
212.187	679	004:49:48.156 	1.7e-08	1e-99	3.41e-05	2.99e-09	4.21798e+17
212.500	680	004:49:48.469 	1.7e-08	1e-99	3.41e-05	2.95e-09	4.15558e+17
212.812	681	004:49:48.781 	1.8e-08	1e-99	3.4e-05	2.93e-09	4.12438e+17
213.125	682	004:49:49.094 	1.8e-08	1e-99	3.4e-05	2.89e-09	4.06198e+17
213.437	683	004:49:49.406 	1.8e-08	1e-99	3.4e-05	2.91e-09	4.09318e+17
213.750	684	004:49:49.719 	1.7e-08	1e-99	3.4e-05	2.87e-09	4.03078e+17
214.062	685	004:49:50.031 	1.8e-08	1e-99	3.4e-05	2.84e-09	3.98398e+17
214.375	686	004:49:50.344 	1.8e-08	1e-99	3.39e-05	2.82e-09	3.95278e+17
214.687	687	004:49:50.656 	1.8e-08	1e-99	3.39e-05	2.81e-09	3.93718e+17
215.000	688	004:49:50.969 	1.7e-08	1e-99	3.39e-05	2.74e-09	3.82798e+17
215.312	689	004:49:51.281 	1.7e-08	1e-99	3.39e-05	2.76e-09	3.85918e+17
215.625	690	004:49:51.594 	1.8e-08	1e-99	3.39e-05	2.7e-09	3.76558e+17
215.937	691	004:49:51.906 	1.8e-08	1e-99	3.38e-05	2.69e-09	3.74998e+17
216.250	692	004:49:52.219 	1.7e-08	1e-99	3.38e-05	2.67e-09	3.71878e+17
216.562	693	004:49:52.531 	1.7e-08	1e-99	3.38e-05	2.64e-09	3.67198e+17
216.875	694	004:49:52.844 	1.8e-08	1e-99	3.37e-05	2.6e-09	3.60958e+17
217.187	695	004:49:53.156 	1.8e-08	1e-99	3.37e-05	2.59e-09	3.59398e+17
217.500	696	004:49:53.469 	1.8e-08	1e-99	3.36e-05	2.57e-09	3.56278e+17
217.812	697	004:49:53.781 	1.7e-08	1e-99	3.36e-05	2.55e-09	3.53158e+17
218.125	698	004:49:54.094 	1.7e-08	1e-99	3.36e-05	2.54e-09	3.51598e+17
218.437	699	004:49:54.406 	1.8e-08	1e-99	3.35e-05	2.49e-09	3.43798e+17
218.750	700	004:49:54.719 	1.8e-08	1e-99	3.35e-05	2.49e-09	3.43798e+17
219.062	701	004:49:55.031 	1.8e-08	1e-99	3.35e-05	2.45e-09	3.37558e+17
219.375	702	004:49:55.344 	1.8e-08	1e-99	3.34e-05	2.42e-09	3.32878e+17
219.687	703	004:49:55.656 	1.8e-08	1e-99	3.34e-05	2.4e-09	3.29758e+17
220.000	704	004:49:55.969 	1.8e-08	1e-99	3.34e-05	2.42e-09	3.32878e+17
220.312	705	004:49:56.281 	1.8e-08	1e-99	3.34e-05	2.34e-09	3.20398e+17
220.625	706	004:49:56.594 	1.8e-08	1e-99	3.34e-05	2.35e-09	3.21958e+17
220.937	707	004:49:56.906 	1.7e-08	1e-99	3.34e-05	2.34e-09	3.20398e+17
221.250	708	004:49:57.219 	1.7e-08	1e-99	3.34e-05	2.32e-09	3.17278e+17
221.562	709	004:49:57.531 	1.8e-08	1e-99	3.34e-05	2.28e-09	3.11038e+17
221.875	710	004:49:57.844 	1.8e-08	1e-99	3.34e-05	2.25e-09	3.06358e+17
222.187	711	004:49:58.156 	1.8e-08	1e-99	3.33e-05	2.24e-09	3.04798e+17
222.500	712	004:49:58.469 	1.8e-08	1e-99	3.33e-05	2.22e-09	3.01678e+17
222.812	713	004:49:58.781 	1.8e-08	1e-99	3.33e-05	2.21e-09	3.00118e+17
223.125	714	004:49:59.094 	1.8e-08	1e-99	3.33e-05	2.2e-09	2.98558e+17
223.437	715	004:49:59.406 	1.8e-08	1e-99	3.32e-05	2.18e-09	2.95438e+17
223.750	716	004:49:59.719 	1.8e-08	1e-99	3.32e-05	2.15e-09	2.90758e+17
224.062	717	004:50:00.031 	1.8e-08	1e-99	3.31e-05	2.13e-09	2.87638e+17
224.375	718	004:50:00.344 	1.8e-08	1e-99	3.31e-05	2.13e-09	2.87638e+17
224.687	719	004:50:00.656 	1.8e-08	1e-99	3.31e-05	2.11e-09	2.84518e+17
225.000	720	004:50:00.969 	1.8e-08	1e-99	3.3e-05	2.08e-09	2.79838e+17
225.312	721	004:50:01.281 	1.7e-08	1e-99	3.3e-05	2.07e-09	2.78278e+17
225.625	722	004:50:01.594 	1.8e-08	1e-99	3.3e-05	2.06e-09	2.76718e+17
225.937	723	004:50:01.906 	1.9e-08	1e-99	3.3e-05	2.04e-09	2.73598e+17
226.250	724	004:50:02.219 	1.8e-08	1e-99	3.29e-05	2.02e-09	2.70478e+17
226.578	725	004:50:02.547 	1.7e-08	1e-99	3.29e-05	2.02e-09	2.70478e+17
226.875	726	004:50:02.844 	1.7e-08	1e-99	3.29e-05	1.96e-09	2.61118e+17
227.187	727	004:50:03.156 	1.8e-08	1e-99	3.29e-05	1.94e-09	2.57998e+17
227.500	728	004:50:03.469 	1.8e-08	1e-99	3.29e-05	1.96e-09	2.61118e+17
227.812	729	004:50:03.781 	1.8e-08	1e-99	3.29e-05	1.92e-09	2.54878e+17
228.125	730	004:50:04.094 	1.8e-08	1e-99	3.29e-05	1.89e-09	2.50198e+17
228.437	731	004:50:04.406 	1.8e-08	1e-99	3.29e-05	1.9e-09	2.51758e+17
228.750	732	004:50:04.719 	1.8e-08	1e-99	3.29e-05	1.89e-09	2.50198e+17
229.062	733	004:50:05.031 	1.8e-08	1e-99	3.29e-05	1.87e-09	2.47078e+17
229.375	734	004:50:05.344 	1.7e-08	1e-99	3.28e-05	1.85e-09	2.43958e+17
229.687	735	004:50:05.656 	1.7e-08	1e-99	3.28e-05	1.83e-09	2.40838e+17
230.000	736	004:50:05.969 	1.7e-08	1e-99	3.28e-05	1.83e-09	2.40838e+17
230.312	737	004:50:06.281 	1.8e-08	1e-99	3.27e-05	1.8e-09	2.36158e+17
230.625	738	004:50:06.594 	1.8e-08	1e-99	3.27e-05	1.77e-09	2.31478e+17
230.937	739	004:50:06.906 	1.8e-08	1e-99	3.27e-05	1.77e-09	2.31478e+17
231.250	740	004:50:07.219 	1.8e-08	1e-99	3.26e-05	1.74e-09	2.26798e+17
231.562	741	004:50:07.531 	1.7e-08	1e-99	3.26e-05	1.74e-09	2.26798e+17
231.875	742	004:50:07.844 	1.8e-08	1e-99	3.26e-05	1.72e-09	2.23678e+17
232.187	743	004:50:08.156 	1.8e-08	1e-99	3.26e-05	1.69e-09	2.18998e+17
232.500	744	004:50:08.469 	1.8e-08	1e-99	3.26e-05	1.71e-09	2.22118e+17
232.812	745	004:50:08.781 	1.7e-08	1e-99	3.25e-05	1.68e-09	2.17438e+17
233.125	746	004:50:09.094 	1.7e-08	1e-99	3.25e-05	1.65e-09	2.12758e+17
233.437	747	004:50:09.406 	1.8e-08	1e-99	3.25e-05	1.66e-09	2.14318e+17
233.750	748	004:50:09.719 	1.8e-08	1e-99	3.25e-05	1.63e-09	2.09638e+17
234.062	749	004:50:10.031 	1.8e-08	1e-99	3.25e-05	1.6e-09	2.04958e+17
234.375	750	004:50:10.344 	1.7e-08	1e-99	3.25e-05	1.61e-09	2.06518e+17
234.687	751	004:50:10.656 	1.7e-08	1e-99	3.25e-05	1.6e-09	2.04958e+17
235.000	752	004:50:10.969 	1.8e-08	1e-99	3.25e-05	1.59e-09	2.03398e+17
235.312	753	004:50:11.281 	1.8e-08	1e-99	3.25e-05	1.58e-09	2.01838e+17
235.625	754	004:50:11.594 	1.8e-08	1e-99	3.25e-05	1.55e-09	1.97158e+17
235.937	755	004:50:11.906 	1.8e-08	1e-99	3.24e-05	1.54e-09	1.95598e+17
236.250	756	004:50:12.219 	1.7e-08	1e-99	3.24e-05	1.52e-09	1.92478e+17
236.562	757	004:50:12.531 	1.8e-08	1e-99	3.24e-05	1.52e-09	1.92478e+17
236.875	758	004:50:12.844 	1.8e-08	1e-99	3.23e-05	1.49e-09	1.87798e+17
237.187	759	004:50:13.156 	1.8e-08	1e-99	3.23e-05	1.5e-09	1.89358e+17
237.500	760	004:50:13.469 	1.7e-08	1e-99	3.23e-05	1.48e-09	1.86238e+17
237.812	761	004:50:13.781 	1.8e-08	1e-99	3.23e-05	1.48e-09	1.86238e+17
238.125	762	004:50:14.094 	1.8e-08	1e-99	3.22e-05	1.45e-09	1.81558e+17
238.437	763	004:50:14.406 	1.7e-08	1e-99	3.22e-05	1.46e-09	1.83118e+17
238.750	764	004:50:14.719 	1.7e-08	1e-99	3.22e-05	1.43e-09	1.78438e+17
239.062	765	004:50:15.031 	1.8e-08	1e-99	3.22e-05	1.43e-09	1.78438e+17
239.375	766	004:50:15.344 	1.8e-08	1e-99	3.22e-05	1.41e-09	1.75318e+17
239.687	767	004:50:15.656 	1.8e-08	1e-99	3.22e-05	1.4e-09	1.73758e+17
240.000	768	004:50:15.969 	1.8e-08	1e-99	3.21e-05	1.4e-09	1.73758e+17
240.312	769	004:50:16.281 	1.7e-08	1e-99	3.22e-05	1.38e-09	1.70638e+17
240.625	770	004:50:16.594 	1.7e-08	1e-99	3.22e-05	1.37e-09	1.69078e+17
240.937	771	004:50:16.906 	1.8e-08	1e-99	3.21e-05	1.35e-09	1.65958e+17
241.250	772	004:50:17.219 	1.8e-08	1e-99	3.22e-05	1.35e-09	1.65958e+17
241.562	773	004:50:17.531 	1.8e-08	1e-99	3.21e-05	1.32e-09	1.61278e+17
241.875	774	004:50:17.844 	1.7e-08	1e-99	3.21e-05	1.33e-09	1.62838e+17
242.187	775	004:50:18.156 	1.7e-08	1e-99	3.21e-05	1.31e-09	1.59718e+17
242.500	776	004:50:18.469 	1.8e-08	1e-99	3.21e-05	1.31e-09	1.59718e+17
242.812	777	004:50:18.781 	1.8e-08	1e-99	3.21e-05	1.29e-09	1.56598e+17
243.125	778	004:50:19.094 	1.8e-08	1e-99	3.2e-05	1.28e-09	1.55038e+17
243.437	779	004:50:19.406 	1.7e-08	1e-99	3.2e-05	1.26e-09	1.51918e+17
243.750	780	004:50:19.719 	1.8e-08	1e-99	3.2e-05	1.25e-09	1.50358e+17
244.062	781	004:50:20.031 	1.8e-08	1e-99	3.19e-05	1.25e-09	1.50358e+17
244.375	782	004:50:20.344 	1.8e-08	1e-99	3.19e-05	1.25e-09	1.50358e+17
244.687	783	004:50:20.656 	1.7e-08	1e-99	3.19e-05	1.24e-09	1.48798e+17
245.000	784	004:50:20.969 	1.7e-08	1e-99	3.19e-05	1.21e-09	1.44118e+17
245.312	785	004:50:21.281 	1.8e-08	1e-99	3.19e-05	1.2e-09	1.42558e+17
245.625	786	004:50:21.594 	1.8e-08	1e-99	3.19e-05	1.2e-09	1.42558e+17
245.937	787	004:50:21.906 	1.8e-08	1e-99	3.19e-05	1.19e-09	1.40998e+17
246.250	788	004:50:22.219 	1.7e-08	1e-99	3.18e-05	1.17e-09	1.37878e+17
246.562	789	004:50:22.531 	1.8e-08	1e-99	3.18e-05	1.16e-09	1.36318e+17
246.875	790	004:50:22.844 	1.8e-08	1e-99	3.19e-05	1.17e-09	1.37878e+17
247.187	791	004:50:23.156 	1.8e-08	1e-99	3.19e-05	1.14e-09	1.33198e+17
247.500	792	004:50:23.469 	1.8e-08	1e-99	3.18e-05	1.14e-09	1.33198e+17
247.812	793	004:50:23.781 	1.7e-08	1e-99	3.18e-05	1.13e-09	1.31638e+17
248.125	794	004:50:24.094 	1.7e-08	1e-99	3.18e-05	1.11e-09	1.28518e+17
248.437	795	004:50:24.406 	1.8e-08	1e-99	3.18e-05	1.13e-09	1.31638e+17
248.750	796	004:50:24.719 	1.8e-08	1e-99	3.18e-05	1.11e-09	1.28518e+17
249.062	797	004:50:25.031 	1.7e-08	1e-99	3.18e-05	1.1e-09	1.26958e+17
249.375	798	004:50:25.344 	1.7e-08	1e-99	3.18e-05	1.11e-09	1.28518e+17
249.687	799	004:50:25.656 	1.7e-08	1e-99	3.17e-05	1.08e-09	1.23838e+17
250.000	800	004:50:25.969 	1.8e-08	1e-99	3.17e-05	1.07e-09	1.22278e+17
250.312	801	004:50:26.281 	1.8e-08	1e-99	3.17e-05	1.07e-09	1.22278e+17
250.625	802	004:50:26.594 	1.7e-08	1e-99	3.16e-05	1.06e-09	1.20718e+17
250.937	803	004:50:26.906 	1.8e-08	1e-99	3.16e-05	1.05e-09	1.19158e+17
251.250	804	004:50:27.219 	1.8e-08	1e-99	3.16e-05	1.04e-09	1.17598e+17
251.562	805	004:50:27.531 	1.7e-08	1e-99	3.16e-05	1.03e-09	1.16038e+17
251.875	806	004:50:27.844 	1.7e-08	1e-99	3.16e-05	1.03e-09	1.16038e+17
252.187	807	004:50:28.156 	1.8e-08	1e-99	3.16e-05	1.01e-09	1.12918e+17
252.500	808	004:50:28.469 	1.8e-08	1e-99	3.16e-05	1.01e-09	1.12918e+17
252.828	809	004:50:28.797 	1.7e-08	1e-99	3.15e-05	1.01e-09	1.12918e+17
253.141	810	004:50:29.110 	1.7e-08	1e-99	3.16e-05	1e-09	1.11358e+17
253.453	811	004:50:29.422 	1.8e-08	1e-99	3.16e-05	9.91e-10	1.09954e+17
253.766	812	004:50:29.735 	1.8e-08	1e-99	3.16e-05	9.87e-10	1.0933e+17
254.078	813	004:50:30.047 	1.8e-08	1e-99	3.15e-05	9.7e-10	1.06678e+17
254.391	814	004:50:30.360 	1.7e-08	1e-99	3.15e-05	9.61e-10	1.05274e+17
254.703	815	004:50:30.672 	1.7e-08	1e-99	3.15e-05	9.48e-10	1.03246e+17
255.016	816	004:50:30.985 	1.7e-08	1e-99	3.15e-05	9.57e-10	1.0465e+17
255.328	817	004:50:31.297 	1.8e-08	1e-99	3.15e-05	9.45e-10	1.02778e+17
255.641	818	004:50:31.610 	1.8e-08	1e-99	3.15e-05	9.31e-10	1.00594e+17
255.953	819	004:50:31.922 	1.7e-08	1e-99	3.15e-05	9.35e-10	1.01218e+17
256.266	820	004:50:32.235 	1.8e-08	1e-99	3.15e-05	9.28e-10	1.00126e+17
256.578	821	004:50:32.547 	1.8e-08	1e-99	3.15e-05	9.22e-10	9.919e+16
256.891	822	004:50:32.860 	1.8e-08	1e-99	3.14e-05	9.04e-10	9.6382e+16
257.203	823	004:50:33.172 	1.7e-08	1e-99	3.14e-05	9.02e-10	9.607e+16
257.516	824	004:50:33.485 	1.8e-08	1e-99	3.14e-05	8.95e-10	9.4978e+16
257.828	825	004:50:33.797 	1.8e-08	1e-99	3.14e-05	8.94e-10	9.4822e+16
258.141	826	004:50:34.110 	1.8e-08	1e-99	3.13e-05	8.81e-10	9.2794e+16
258.453	827	004:50:34.422 	1.7e-08	1e-99	3.13e-05	8.71e-10	9.1234e+16
258.766	828	004:50:34.735 	1.8e-08	1e-99	3.13e-05	8.62e-10	8.983e+16
259.078	829	004:50:35.047 	1.7e-08	1e-99	3.13e-05	8.71e-10	9.1234e+16
259.391	830	004:50:35.360 	1.7e-08	1e-99	3.13e-05	8.47e-10	8.749e+16
259.703	831	004:50:35.672 	1.8e-08	1e-99	3.13e-05	8.45e-10	8.7178e+16
260.016	832	004:50:35.985 	1.8e-08	1e-99	3.13e-05	8.57e-10	8.905e+16
260.328	833	004:50:36.297 	1.8e-08	1e-99	3.13e-05	8.42e-10	8.671e+16
260.641	834	004:50:36.610 	1.7e-08	1e-99	3.13e-05	8.34e-10	8.5462e+16
260.953	835	004:50:36.922 	1.7e-08	1e-99	3.13e-05	8.19e-10	8.3122e+16
261.266	836	004:50:37.235 	1.8e-08	1e-99	3.13e-05	8.28e-10	8.4526e+16
261.578	837	004:50:37.547 	1.8e-08	1e-99	3.13e-05	8.05e-10	8.0938e+16
261.891	838	004:50:37.860 	1.8e-08	1e-99	3.13e-05	8.08e-10	8.1406e+16
262.203	839	004:50:38.172 	1.7e-08	1e-99	3.13e-05	7.96e-10	7.9534e+16
262.516	840	004:50:38.485 	1.8e-08	1e-99	3.13e-05	7.96e-10	7.9534e+16
262.828	841	004:50:38.797 	1.8e-08	1e-99	3.13e-05	7.98e-10	7.9846e+16
263.141	842	004:50:39.110 	1.7e-08	1e-99	3.12e-05	7.95e-10	7.9378e+16
263.453	843	004:50:39.422 	1.7e-08	1e-99	3.12e-05	7.72e-10	7.579e+16
263.766	844	004:50:39.735 	1.8e-08	1e-99	3.12e-05	7.8e-10	7.7038e+16
264.078	845	004:50:40.047 	1.8e-08	1e-99	3.12e-05	7.77e-10	7.657e+16
264.391	846	004:50:40.360 	1.7e-08	1e-99	3.12e-05	7.62e-10	7.423e+16
264.703	847	004:50:40.672 	1.7e-08	1e-99	3.12e-05	7.57e-10	7.345e+16
265.016	848	004:50:40.985 	1.8e-08	1e-99	3.11e-05	7.63e-10	7.4386e+16
265.328	849	004:50:41.297 	1.8e-08	1e-99	3.11e-05	7.6e-10	7.3918e+16
265.641	850	004:50:41.610 	1.7e-08	1e-99	3.11e-05	7.54e-10	7.2982e+16
265.953	851	004:50:41.922 	1.7e-08	1e-99	3.11e-05	7.44e-10	7.1422e+16
266.266	852	004:50:42.235 	1.8e-08	1e-99	3.11e-05	7.33e-10	6.9706e+16
266.578	853	004:50:42.547 	1.8e-08	1e-99	3.11e-05	7.29e-10	6.9082e+16
266.891	854	004:50:42.860 	1.7e-08	1e-99	3.11e-05	7.38e-10	7.0486e+16
267.203	855	004:50:43.172 	1.7e-08	1e-99	3.1e-05	7.07e-10	6.565e+16
267.516	856	004:50:43.485 	1.8e-08	1e-99	3.1e-05	7.2e-10	6.7678e+16
267.828	857	004:50:43.797 	1.9e-08	1e-99	3.11e-05	7.12e-10	6.643e+16
268.141	858	004:50:44.110 	1.8e-08	1e-99	3.11e-05	6.97e-10	6.409e+16
268.453	859	004:50:44.422 	1.7e-08	1e-99	3.1e-05	6.97e-10	6.409e+16
268.766	860	004:50:44.735 	1.8e-08	1e-99	3.1e-05	6.79e-10	6.1282e+16
269.078	861	004:50:45.047 	1.8e-08	1e-99	3.11e-05	6.98e-10	6.4246e+16
269.391	862	004:50:45.360 	1.8e-08	1e-99	3.11e-05	6.86e-10	6.2374e+16
269.703	863	004:50:45.672 	1.8e-08	1e-99	3.11e-05	6.67e-10	5.941e+16
270.016	864	004:50:45.985 	1.8e-08	1e-99	3.11e-05	6.7e-10	5.9878e+16
270.328	865	004:50:46.297 	1.7e-08	1e-99	3.1e-05	6.63e-10	5.8786e+16
270.641	866	004:50:46.610 	1.8e-08	1e-99	3.1e-05	6.69e-10	5.9722e+16
270.953	867	004:50:46.922 	1.8e-08	1e-99	3.1e-05	6.69e-10	5.9722e+16
271.266	868	004:50:47.235 	1.8e-08	1e-99	3.1e-05	6.53e-10	5.7226e+16
271.578	869	004:50:47.547 	1.7e-08	1e-99	3.1e-05	6.59e-10	5.8162e+16
271.891	870	004:50:47.860 	1.7e-08	1e-99	3.09e-05	6.59e-10	5.8162e+16
272.203	871	004:50:48.172 	1.8e-08	1e-99	3.09e-05	6.56e-10	5.7694e+16
272.516	872	004:50:48.485 	1.8e-08	1e-99	3.09e-05	6.37e-10	5.473e+16
272.828	873	004:50:48.797 	1.7e-08	1e-99	3.09e-05	6.44e-10	5.5822e+16
273.141	874	004:50:49.110 	1.7e-08	1e-99	3.09e-05	6.33e-10	5.4106e+16
273.453	875	004:50:49.422 	1.8e-08	1e-99	3.09e-05	6.33e-10	5.4106e+16
273.766	876	004:50:49.735 	1.7e-08	1e-99	3.09e-05	6.23e-10	5.2546e+16
274.078	877	004:50:50.047 	1.8e-08	1e-99	3.08e-05	6.24e-10	5.2702e+16
274.391	878	004:50:50.360 	1.8e-08	1e-99	3.08e-05	6.2e-10	5.2078e+16
274.703	879	004:50:50.672 	1.8e-08	1e-99	3.08e-05	6.16e-10	5.1454e+16
275.016	880	004:50:50.985 	1.7e-08	1e-99	3.08e-05	6.14e-10	5.1142e+16
275.328	881	004:50:51.297 	1.7e-08	1e-99	3.09e-05	6.02e-10	4.927e+16
275.641	882	004:50:51.610 	1.8e-08	1e-99	3.09e-05	6.06e-10	4.9894e+16
275.953	883	004:50:51.922 	1.8e-08	1e-99	3.09e-05	6.12e-10	5.083e+16
276.266	884	004:50:52.235 	1.8e-08	1e-99	3.08e-05	6e-10	4.8958e+16
276.578	885	004:50:52.547 	1.8e-08	1e-99	3.08e-05	5.91e-10	4.7554e+16
276.891	886	004:50:52.860 	1.8e-08	1e-99	3.08e-05	5.88e-10	4.7086e+16
277.203	887	004:50:53.172 	1.7e-08	1e-99	3.08e-05	5.75e-10	4.5058e+16
277.516	888	004:50:53.485 	1.7e-08	1e-99	3.08e-05	5.87e-10	4.693e+16
277.828	889	004:50:53.797 	1.8e-08	1e-99	3.08e-05	5.81e-10	4.5994e+16
278.141	890	004:50:54.110 	1.8e-08	1e-99	3.08e-05	5.68e-10	4.3966e+16
278.453	891	004:50:54.422 	1.8e-08	1e-99	3.08e-05	5.77e-10	4.537e+16
278.766	892	004:50:54.735 	1.7e-08	1e-99	3.08e-05	5.67e-10	4.381e+16
279.078	893	004:50:55.047 	1.8e-08	1e-99	3.08e-05	5.58e-10	4.2406e+16
279.391	894	004:50:55.360 	1.8e-08	1e-99	3.07e-05	5.63e-10	4.3186e+16
279.703	895	004:50:55.672 	1.8e-08	1e-99	3.07e-05	5.59e-10	4.2562e+16
280.016	896	004:50:55.985 	1.7e-08	1e-99	3.07e-05	5.52e-10	4.147e+16
280.328	897	004:50:56.297 	1.7e-08	1e-99	3.07e-05	5.65e-10	4.3498e+16
280.641	898	004:50:56.610 	1.7e-08	1e-99	3.07e-05	5.55e-10	4.1938e+16
280.953	899	004:50:56.922 	1.7e-08	1e-99	3.07e-05	5.4e-10	3.9598e+16
281.266	900	004:50:57.235 	1.7e-08	1e-99	3.07e-05	5.43e-10	4.0066e+16
281.578	901	004:50:57.547 	1.8e-08	1e-99	3.07e-05	5.44e-10	4.0222e+16
281.891	902	004:50:57.860 	1.8e-08	1e-99	3.07e-05	5.44e-10	4.0222e+16
282.203	903	004:50:58.172 	1.8e-08	1e-99	3.07e-05	5.31e-10	3.8194e+16
282.516	904	004:50:58.485 	1.7e-08	1e-99	3.06e-05	5.35e-10	3.8818e+16
282.828	905	004:50:58.797 	1.7e-08	1e-99	3.07e-05	5.31e-10	3.8194e+16
283.141	906	004:50:59.110 	1.8e-08	1e-99	3.07e-05	5.29e-10	3.7882e+16
283.453	907	004:50:59.422 	1.8e-08	1e-99	3.07e-05	5.3e-10	3.8038e+16
283.766	908	004:50:59.735 	1.8e-08	1e-99	3.07e-05	5.15e-10	3.5698e+16
284.078	909	004:51:00.047 	1.7e-08	1e-99	3.06e-05	5.14e-10	3.5542e+16
284.391	910	004:51:00.360 	1.8e-08	1e-99	3.06e-05	5.13e-10	3.5386e+16
284.703	911	004:51:00.672 	1.8e-08	1e-99	3.06e-05	5.18e-10	3.6166e+16
285.016	912	004:51:00.985 	1.8e-08	1e-99	3.06e-05	4.97e-10	3.289e+16
285.328	913	004:51:01.297 	1.8e-08	1e-99	3.06e-05	4.99e-10	3.3202e+16
285.641	914	004:51:01.610 	1.7e-08	1e-99	3.06e-05	5e-10	3.3358e+16
285.953	915	004:51:01.922 	1.8e-08	1e-99	3.06e-05	4.93e-10	3.2266e+16
286.266	916	004:51:02.235 	1.7e-08	1e-99	3.06e-05	4.93e-10	3.2266e+16
286.578	917	004:51:02.547 	1.8e-08	1e-99	3.06e-05	5.07e-10	3.445e+16
286.891	918	004:51:02.860 	1.7e-08	1e-99	3.06e-05	4.93e-10	3.2266e+16
287.203	919	004:51:03.172 	1.7e-08	1e-99	3.06e-05	4.88e-10	3.1486e+16
287.516	920	004:51:03.485 	1.8e-08	1e-99	3.05e-05	4.97e-10	3.289e+16
287.828	921	004:51:03.797 	1.9e-08	1e-99	3.05e-05	4.77e-10	2.977e+16
288.141	922	004:51:04.110 	1.8e-08	1e-99	3.06e-05	4.73e-10	2.9146e+16
288.453	923	004:51:04.422 	1.8e-08	1e-99	3.06e-05	4.79e-10	3.0082e+16
288.766	924	004:51:04.735 	1.7e-08	1e-99	3.06e-05	4.78e-10	2.9926e+16
289.078	925	004:51:05.047 	1.8e-08	1e-99	3.05e-05	4.61e-10	2.7274e+16
289.391	926	004:51:05.360 	1.8e-08	1e-99	3.05e-05	4.65e-10	2.7898e+16
289.703	927	004:51:05.672 	1.7e-08	1e-99	3.05e-05	4.78e-10	2.9926e+16
290.016	928	004:51:05.985 	1.8e-08	1e-99	3.06e-05	4.6e-10	2.7118e+16
290.328	929	004:51:06.297 	1.7e-08	1e-99	3.05e-05	4.55e-10	2.6338e+16
290.641	930	004:51:06.610 	1.8e-08	1e-99	3.05e-05	4.69e-10	2.8522e+16
290.953	931	004:51:06.922 	1.8e-08	1e-99	3.04e-05	4.53e-10	2.6026e+16
291.266	932	004:51:07.235 	1.8e-08	1e-99	3.04e-05	4.53e-10	2.6026e+16
291.578	933	004:51:07.547 	1.7e-08	1e-99	3.04e-05	4.59e-10	2.6962e+16
291.891	934	004:51:07.860 	1.7e-08	1e-99	3.04e-05	4.53e-10	2.6026e+16
292.203	935	004:51:08.172 	1.7e-08	1e-99	3.05e-05	4.59e-10	2.6962e+16
292.516	936	004:51:08.485 	1.8e-08	1e-99	3.05e-05	4.52e-10	2.587e+16
292.828	937	004:51:08.797 	1.8e-08	1e-99	3.05e-05	4.33e-10	2.2906e+16
293.141	938	004:51:09.110 	1.8e-08	1e-99	3.04e-05	4.46e-10	2.4934e+16
293.453	939	004:51:09.422 	1.8e-08	1e-99	3.03e-05	4.43e-10	2.4466e+16
293.766	940	004:51:09.735 	1.8e-08	1e-99	3.03e-05	4.38e-10	2.3686e+16
294.078	941	004:51:10.047 	1.8e-08	1e-99	3.03e-05	4.32e-10	2.275e+16
294.391	942	004:51:10.360 	1.8e-08	1e-99	3.04e-05	4.32e-10	2.275e+16
294.703	943	004:51:10.672 	1.8e-08	1e-99	3.04e-05	4.35e-10	2.3218e+16
295.016	944	004:51:10.985 	1.7e-08	1e-99	3.05e-05	4.27e-10	2.197e+16
295.328	945	004:51:11.297 	1.7e-08	1e-99	3.05e-05	4.31e-10	2.2594e+16
295.641	946	004:51:11.610 	1.7e-08	1e-99	3.05e-05	4.31e-10	2.2594e+16
295.953	947	004:51:11.922 	1.8e-08	1e-99	3.03e-05	4.25e-10	2.1658e+16
296.266	948	004:51:12.235 	1.8e-08	1e-99	3.02e-05	4.18e-10	2.0566e+16
296.578	949	004:51:12.547 	1.8e-08	1e-99	3.03e-05	4.2e-10	2.0878e+16
296.891	950	004:51:12.860 	1.7e-08	1e-99	3.04e-05	4.17e-10	2.041e+16
297.203	951	004:51:13.172 	1.7e-08	1e-99	3.05e-05	4.2e-10	2.0878e+16
297.516	952	004:51:13.485 	1.8e-08	1e-99	3.04e-05	4.14e-10	1.9942e+16
297.828	953	004:51:13.797 	1.7e-08	1e-99	3.02e-05	4.17e-10	2.041e+16
298.141	954	004:51:14.110 	1.8e-08	1e-99	3.03e-05	4.07e-10	1.885e+16
298.453	955	004:51:14.422 	1.7e-08	1e-99	3.02e-05	4.19e-10	2.0722e+16
298.766	956	004:51:14.735 	1.7e-08	1e-99	3.02e-05	4.16e-10	2.0254e+16
299.078	957	004:51:15.047 	1.8e-08	1e-99	3.03e-05	4.3e-10	2.2438e+16
299.391	958	004:51:15.360 	1.8e-08	1e-99	3.04e-05	4.1e-10	1.9318e+16
299.703	959	004:51:15.672 	1.8e-08	1e-99	3.04e-05	4.05e-10	1.8538e+16
300.016	960	004:51:15.985 	1.7e-08	1e-99	3.04e-05	3.96e-10	1.7134e+16
300.328	961	004:51:16.297 	1.7e-08	1e-99	3.04e-05	3.96e-10	1.7134e+16
300.641	962	004:51:16.610 	1.8e-08	1e-99	3.03e-05	4.01e-10	1.7914e+16
300.953	963	004:51:16.922 	1.8e-08	1e-99	3.02e-05	4.02e-10	1.807e+16
301.266	964	004:51:17.235 	1.8e-08	1e-99	3.01e-05	3.89e-10	1.6042e+16
301.578	965	004:51:17.547 	1.7e-08	1e-99	3.01e-05	3.85e-10	1.5418e+16
301.891	966	004:51:17.860 	1.7e-08	1e-99	3.02e-05	3.87e-10	1.573e+16
302.203	967	004:51:18.172 	1.7e-08	1e-99	3.03e-05	3.86e-10	1.5574e+16
302.516	968	004:51:18.485 	1.8e-08	1e-99	3.04e-05	4e-10	1.7758e+16
302.828	969	004:51:18.797 	1.8e-08	1e-99	3.04e-05	3.84e-10	1.5262e+16
303.141	970	004:51:19.110 	1.8e-08	1e-99	3.02e-05	3.96e-10	1.7134e+16
303.453	971	004:51:19.422 	1.8e-08	1e-99	3.02e-05	3.85e-10	1.5418e+16
303.766	972	004:51:19.735 	1.8e-08	1e-99	3.01e-05	3.74e-10	1.3702e+16
304.078	973	004:51:20.047 	1.8e-08	1e-99	3.02e-05	3.82e-10	1.495e+16
304.391	974	004:51:20.360 	1.8e-08	1e-99	3.01e-05	3.81e-10	1.4794e+16
304.703	975	004:51:20.672 	1.7e-08	1e-99	3.01e-05	3.81e-10	1.4794e+16
305.016	976	004:51:20.985 	1.8e-08	1e-99	3.02e-05	3.79e-10	1.4482e+16
305.328	977	004:51:21.297 	1.8e-08	1e-99	3.03e-05	3.76e-10	1.4014e+16
305.641	978	004:51:21.610 	1.8e-08	1e-99	3.04e-05	3.67e-10	1.261e+16
305.953	979	004:51:21.922 	1.8e-08	1e-99	3.02e-05	3.83e-10	1.5106e+16
306.266	980	004:51:22.235 	1.8e-08	1e-99	3.02e-05	3.75e-10	1.3858e+16
306.578	981	004:51:22.547 	1.8e-08	1e-99	3e-05	3.72e-10	1.339e+16
306.891	982	004:51:22.860 	1.8e-08	1e-99	3.01e-05	3.79e-10	1.4482e+16
307.203	983	004:51:23.172 	1.8e-08	1e-99	3.01e-05	3.72e-10	1.339e+16
307.516	984	004:51:23.485 	1.8e-08	1e-99	3.01e-05	3.67e-10	1.261e+16
307.828	985	004:51:23.797 	1.8e-08	1e-99	3.02e-05	3.75e-10	1.3858e+16
308.141	986	004:51:24.110 	1.8e-08	1e-99	3.02e-05	3.62e-10	1.183e+16
308.453	987	004:51:24.422 	1.8e-08	1e-99	3.02e-05	3.64e-10	1.2142e+16
308.766	988	004:51:24.735 	1.7e-08	1e-99	3.02e-05	3.58e-10	1.1206e+16
309.078	989	004:51:25.047 	1.7e-08	1e-99	3.02e-05	3.58e-10	1.1206e+16
