time [s]	34313 PDP 8 No	34313 PDP 8 Time	34313 PDP 8 Trigger	34313 PDP 8 FIG	34313 PDP 8 qmsTP	34313 PDP 8 m2	34313 PDP 8 h2
-20.0	-20.8	000:46:35.750 	1.8e-08	1e-99	2.22e-05	3.01e-10	-2.972e+16
-19.688	-20.475	000:46:36.062 	1.8e-08	1e-99	2.22e-05	3.14e-10	-2.842e+16
-19.375	-20.15	000:46:36.375 	1.8e-08	1e-99	2.22e-05	3.05e-10	-2.932e+16
-19.063	-19.825	000:46:36.687 	1.7e-08	1e-99	2.22e-05	3.07e-10	-2.912e+16
-18.75	-19.5	000:46:37.000 	1.8e-08	1e-99	2.22e-05	3.06e-10	-2.922e+16
-18.438	-19.175	000:46:37.312 	1.8e-08	1e-99	2.22e-05	3.07e-10	-2.912e+16
-18.125	-18.85	000:46:37.625 	1.8e-08	1e-99	2.22e-05	3.06e-10	-2.922e+16
-17.813	-18.525	000:46:37.937 	1.8e-08	1e-99	2.22e-05	3e-10	-2.982e+16
-17.5	-18.2	000:46:38.250 	1.7e-08	1e-99	2.22e-05	3.04e-10	-2.942e+16
-17.188	-17.875	000:46:38.562 	1.8e-08	1e-99	2.22e-05	3.05e-10	-2.932e+16
-16.875	-17.55	000:46:38.875 	1.8e-08	1e-99	2.23e-05	2.99e-10	-2.992e+16
-16.563	-17.225	000:46:39.187 	1.8e-08	1e-99	2.22e-05	2.99e-10	-2.992e+16
-16.25	-16.9	000:46:39.500 	1.7e-08	1e-99	2.23e-05	3.02e-10	-2.962e+16
-15.938	-16.575	000:46:39.812 	1.8e-08	1e-99	2.23e-05	3e-10	-2.982e+16
-15.625	-16.25	000:46:40.125 	1.8e-08	1e-99	2.23e-05	3.02e-10	-2.962e+16
-15.313	-15.925	000:46:40.437 	1.8e-08	1e-99	2.23e-05	3.03e-10	-2.952e+16
-15.0	-15.6	000:46:40.750 	1.7e-08	1e-99	2.23e-05	3.09e-10	-2.892e+16
-14.688	-15.275	000:46:41.062 	1.8e-08	1e-99	2.23e-05	3.03e-10	-2.952e+16
-14.375	-14.95	000:46:41.375 	1.8e-08	1e-99	2.23e-05	3.12e-10	-2.862e+16
-14.063	-14.625	000:46:41.687 	1.8e-08	1e-99	2.23e-05	2.97e-10	-3.012e+16
-13.75	-14.3	000:46:42.000 	1.8e-08	1e-99	2.23e-05	2.99e-10	-2.992e+16
-13.438	-13.975	000:46:42.312 	1.8e-08	1e-99	2.22e-05	3.09e-10	-2.892e+16
-13.125	-13.65	000:46:42.625 	1.8e-08	1e-99	2.22e-05	3e-10	-2.982e+16
-12.813	-13.325	000:46:42.937 	1.8e-08	1e-99	2.22e-05	3.02e-10	-2.962e+16
-12.5	-13.0	000:46:43.250 	1.8e-08	1e-99	2.22e-05	3.17e-10	-2.812e+16
-12.188	-12.675	000:46:43.562 	1.7e-08	1e-99	2.22e-05	3.04e-10	-2.942e+16
-11.875	-12.35	000:46:43.875 	1.8e-08	1e-99	2.22e-05	3.07e-10	-2.912e+16
-11.563	-12.025	000:46:44.187 	1.8e-08	1e-99	2.22e-05	3.04e-10	-2.942e+16
-11.25	-11.7	000:46:44.500 	1.8e-08	1e-99	2.22e-05	3.08e-10	-2.902e+16
-10.938	-11.375	000:46:44.812 	1.7e-08	1e-99	2.22e-05	3.04e-10	-2.942e+16
-10.625	-11.05	000:46:45.125 	1.7e-08	1e-99	2.22e-05	3.04e-10	-2.942e+16
-10.313	-10.725	000:46:45.437 	1.8e-08	1e-99	2.22e-05	3.02e-10	-2.962e+16
-10.0	-10.4	000:46:45.750 	1.8e-08	1e-99	2.23e-05	3.01e-10	-2.972e+16
-9.688	-10.075	000:46:46.062 	1.8e-08	1e-99	2.23e-05	3.08e-10	-2.902e+16
-9.375	-9.75	000:46:46.375 	1.8e-08	1e-99	2.23e-05	3.06e-10	-2.922e+16
-9.063	-9.425	000:46:46.687 	1.8e-08	1e-99	2.23e-05	3.06e-10	-2.922e+16
-8.75	-9.1	000:46:47.000 	1.8e-08	1e-99	2.23e-05	2.91e-10	-3.072e+16
-8.438	-8.775	000:46:47.312 	1.8e-08	1e-99	2.23e-05	3.01e-10	-2.972e+16
-8.125	-8.45	000:46:47.625 	1.8e-08	1e-99	2.23e-05	3.1e-10	-2.882e+16
-7.813	-8.125	000:46:47.937 	1.7e-08	1e-99	2.23e-05	3.05e-10	-2.932e+16
-7.5	-7.8	000:46:48.250 	1.7e-08	1e-99	2.23e-05	3.08e-10	-2.902e+16
-7.188	-7.475	000:46:48.562 	1.8e-08	1e-99	2.23e-05	3.05e-10	-2.932e+16
-6.875	-7.15	000:46:48.875 	1.7e-08	1e-99	2.22e-05	3.1e-10	-2.882e+16
-6.563	-6.825	000:46:49.187 	1.7e-08	1e-99	2.22e-05	3.08e-10	-2.902e+16
-6.25	-6.5	000:46:49.500 	1.7e-08	1e-99	2.22e-05	3.09e-10	-2.892e+16
-5.938	-6.175	000:46:49.812 	1.7e-08	1e-99	2.22e-05	3.12e-10	-2.862e+16
-5.625	-5.85	000:46:50.125 	1.8e-08	1e-99	2.22e-05	3.05e-10	-2.932e+16
-5.313	-5.525	000:46:50.437 	1.8e-08	1e-99	2.22e-05	3.04e-10	-2.942e+16
-5.0	-5.2	000:46:50.750 	1.8e-08	1e-99	2.22e-05	3.15e-10	-2.832e+16
-4.688	-4.875	000:46:51.062 	1.8e-08	1e-99	2.22e-05	3.1e-10	-2.882e+16
-4.375	-4.55	000:46:51.375 	1.8e-08	1e-99	2.22e-05	3.01e-10	-2.972e+16
-4.063	-4.225	000:46:51.687 	1.8e-08	1e-99	2.22e-05	3.13e-10	-2.852e+16
-3.75	-3.9	000:46:52.000 	1.7e-08	1e-99	2.22e-05	3.08e-10	-2.902e+16
-3.438	-3.575	000:46:52.312 	1.7e-08	1e-99	2.22e-05	3.03e-10	-2.952e+16
-3.125	-3.25	000:46:52.625 	1.8e-08	1e-99	2.22e-05	3.02e-10	-2.962e+16
-2.813	-2.925	000:46:52.937 	1.7e-08	1e-99	2.23e-05	3.06e-10	-2.922e+16
-2.5	-2.6	000:46:53.250 	1.7e-08	1e-99	2.23e-05	3.07e-10	-2.912e+16
-2.188	-2.275	000:46:53.562 	1.8e-08	1e-99	2.23e-05	3.01e-10	-2.972e+16
-1.875	-1.95	000:46:53.875 	1.8e-08	1e-99	2.23e-05	3.04e-10	-2.942e+16
-1.563	-1.625	000:46:54.187 	1.7e-08	1e-99	2.23e-05	3e-10	-2.982e+16
-1.25	-1.3	000:46:54.500 	1.7e-08	1e-99	2.23e-05	3.03e-10	-2.952e+16
-0.938	-0.975	000:46:54.812 	1.7e-08	1e-99	2.23e-05	3.1e-10	-2.882e+16
-0.625	-0.65	000:46:55.125 	1.8e-08	1e-99	2.23e-05	3.06e-10	-2.922e+16
-0.313	-0.325	000:46:55.437 	4.3e-06	1e-99	2.23e-05	3.01e-10	-2.972e+16
0.0	0.0	000:46:55.750 	8.9e-05	1e-99	2.23e-05	3.06e-10	-2.922e+16
0.312	0.325	000:46:56.062 	8.8e-05	1e-99	2.23e-05	3.09e-10	-2.892e+16
0.625	0.65	000:46:56.375 	0.0001	1e-99	2.22e-05	3.03e-10	-2.952e+16
0.937	0.975	000:46:56.687 	0.00011	1e-99	2.22e-05	3.1e-10	-2.882e+16
1.25	1.3	000:46:57.000 	9.6e-05	1e-99	2.22e-05	3.06e-10	-2.922e+16
1.562	1.625	000:46:57.312 	8.8e-05	1e-99	2.22e-05	3.05e-10	-2.932e+16
1.875	1.95	000:46:57.625 	9.6e-05	1e-99	2.22e-05	3.12e-10	-2.862e+16
2.187	2.275	000:46:57.937 	9.9e-05	1e-99	2.22e-05	3.11e-10	-2.872e+16
2.5	2.6	000:46:58.250 	9.1e-05	1e-99	2.22e-05	3.04e-10	-2.942e+16
2.812	2.925	000:46:58.562 	9.1e-05	1e-99	2.22e-05	3.05e-10	-2.932e+16
3.125	3.25	000:46:58.875 	9.3e-05	1e-99	2.22e-05	3.11e-10	-2.872e+16
3.437	3.575	000:46:59.187 	9.7e-05	1e-99	2.22e-05	3.11e-10	-2.872e+16
3.75	3.9	000:46:59.500 	9.4e-05	1e-99	2.23e-05	3.06e-10	-2.922e+16
4.062	4.225	000:46:59.812 	8.9e-05	1e-99	2.23e-05	3.09e-10	-2.892e+16
4.375	4.55	000:47:00.125 	8.9e-05	1e-99	2.23e-05	3.08e-10	-2.902e+16
4.687	4.875	000:47:00.437 	0.0001	1e-99	2.23e-05	3.06e-10	-2.922e+16
5.0	5.2	000:47:00.750 	0.0001	1e-99	2.23e-05	3.09e-10	-2.892e+16
5.312	5.525	000:47:01.062 	9.5e-05	1e-99	2.23e-05	3.1e-10	-2.882e+16
5.625	5.85	000:47:01.375 	0.0001	1e-99	2.23e-05	3.03e-10	-2.952e+16
5.937	6.175	000:47:01.687 	0.00018	1e-99	2.23e-05	3.12e-10	-2.862e+16
6.25	6.5	000:47:02.000 	9.7e-05	1e-99	2.23e-05	3.08e-10	-2.902e+16
6.562	6.825	000:47:02.312 	9.1e-05	1e-99	2.23e-05	3.1e-10	-2.882e+16
6.875	7.15	000:47:02.625 	8.9e-05	1e-99	2.23e-05	3.1e-10	-2.882e+16
7.187	7.475	000:47:02.937 	9.1e-05	1e-99	2.23e-05	3.07e-10	-2.912e+16
7.5	7.8	000:47:03.250 	9.4e-05	1e-99	2.23e-05	3.12e-10	-2.862e+16
7.812	8.125	000:47:03.562 	9e-05	1e-99	2.23e-05	3.05e-10	-2.932e+16
8.125	8.45	000:47:03.875 	9e-05	1e-99	2.23e-05	3.08e-10	-2.902e+16
8.437	8.775	000:47:04.187 	0.0001	1e-99	2.22e-05	3.14e-10	-2.842e+16
8.75	9.1	000:47:04.500 	0.0001	1e-99	2.22e-05	3.1e-10	-2.882e+16
9.062	9.425	000:47:04.812 	8.9e-05	1e-99	2.22e-05	3.16e-10	-2.822e+16
9.375	9.75	000:47:05.125 	8.6e-05	1e-99	2.22e-05	3.1e-10	-2.882e+16
9.687	10.075	000:47:05.437 	9.5e-05	1e-99	2.22e-05	3.09e-10	-2.892e+16
10.0	10.4	000:47:05.750 	0.0001	1e-99	2.22e-05	3.14e-10	-2.842e+16
10.312	10.725	000:47:06.062 	9.4e-05	1e-99	2.22e-05	3.18e-10	-2.802e+16
10.625	11.05	000:47:06.375 	9.7e-05	1e-99	2.22e-05	3.13e-10	-2.852e+16
10.937	11.375	000:47:06.687 	9.4e-05	1e-99	2.22e-05	3.1e-10	-2.882e+16
11.25	11.7	000:47:07.000 	9.1e-05	1e-99	2.22e-05	3.12e-10	-2.862e+16
11.562	12.025	000:47:07.312 	9.4e-05	1e-99	2.23e-05	3.2e-10	-2.782e+16
11.875	12.35	000:47:07.625 	8.8e-05	1e-99	2.23e-05	3.16e-10	-2.822e+16
12.187	12.675	000:47:07.937 	0.0001	1e-99	2.23e-05	3.18e-10	-2.802e+16
12.5	13.0	000:47:08.250 	0.00011	1e-99	2.23e-05	3.15e-10	-2.832e+16
12.812	13.325	000:47:08.562 	9.4e-05	1e-99	2.23e-05	3.23e-10	-2.752e+16
13.125	13.65	000:47:08.875 	8.9e-05	1e-99	2.23e-05	3.24e-10	-2.742e+16
13.437	13.975	000:47:09.187 	8.9e-05	1e-99	2.23e-05	3.22e-10	-2.762e+16
13.75	14.3	000:47:09.500 	9.2e-05	1e-99	2.23e-05	3.24e-10	-2.742e+16
14.062	14.625	000:47:09.812 	9.5e-05	1e-99	2.23e-05	3.31e-10	-2.672e+16
14.375	14.95	000:47:10.125 	9.4e-05	1e-99	2.23e-05	3.29e-10	-2.692e+16
14.687	15.275	000:47:10.437 	8.9e-05	1e-99	2.23e-05	3.29e-10	-2.692e+16
15.0	15.6	000:47:10.750 	0.0001	1e-99	2.23e-05	3.3e-10	-2.682e+16
15.312	15.925	000:47:11.062 	0.0001	1e-99	2.23e-05	3.3e-10	-2.682e+16
15.625	16.25	000:47:11.375 	9.3e-05	1e-99	2.22e-05	3.26e-10	-2.722e+16
15.937	16.575	000:47:11.687 	9.1e-05	1e-99	2.22e-05	3.33e-10	-2.652e+16
16.25	16.9	000:47:12.000 	0.0001	1e-99	2.23e-05	3.35e-10	-2.632e+16
16.562	17.225	000:47:12.312 	0.0001	1e-99	2.22e-05	3.33e-10	-2.652e+16
16.875	17.55	000:47:12.625 	9.5e-05	1e-99	2.22e-05	3.36e-10	-2.622e+16
17.187	17.875	000:47:12.937 	9.2e-05	1e-99	2.23e-05	3.41e-10	-2.572e+16
17.5	18.2	000:47:13.250 	9.2e-05	1e-99	2.22e-05	3.38e-10	-2.602e+16
17.812	18.525	000:47:13.562 	9.6e-05	1e-99	2.23e-05	3.45e-10	-2.532e+16
18.125	18.85	000:47:13.875 	9.7e-05	1e-99	2.23e-05	3.41e-10	-2.572e+16
18.437	19.175	000:47:14.187 	9e-05	1e-99	2.23e-05	3.51e-10	-2.472e+16
18.75	19.5	000:47:14.500 	9e-05	1e-99	2.23e-05	3.47e-10	-2.512e+16
19.062	19.825	000:47:14.812 	0.0001	1e-99	2.23e-05	3.58e-10	-2.402e+16
19.375	20.15	000:47:15.125 	9.9e-05	1e-99	2.23e-05	3.47e-10	-2.512e+16
19.687	20.475	000:47:15.437 	9.2e-05	1e-99	2.23e-05	3.59e-10	-2.392e+16
20.0	20.8	000:47:15.750 	9e-05	1e-99	2.23e-05	3.56e-10	-2.422e+16
20.312	21.125	000:47:16.062 	0.00012	1e-99	2.23e-05	3.54e-10	-2.442e+16
20.625	21.45	000:47:16.375 	0.0001	1e-99	2.23e-05	3.6e-10	-2.382e+16
20.937	21.775	000:47:16.687 	9.4e-05	1e-99	2.23e-05	3.59e-10	-2.392e+16
21.25	22.1	000:47:17.000 	8.9e-05	1e-99	2.23e-05	3.57e-10	-2.412e+16
21.562	22.425	000:47:17.312 	9e-05	1e-99	2.23e-05	3.67e-10	-2.312e+16
21.875	22.75	000:47:17.625 	9.4e-05	1e-99	2.23e-05	3.62e-10	-2.362e+16
22.187	23.075	000:47:17.937 	9.4e-05	1e-99	2.23e-05	3.72e-10	-2.262e+16
22.5	23.4	000:47:18.250 	8.9e-05	1e-99	2.23e-05	3.67e-10	-2.312e+16
22.812	23.725	000:47:18.562 	8.8e-05	1e-99	2.23e-05	3.72e-10	-2.262e+16
23.125	24.05	000:47:18.875 	0.0001	1e-99	2.23e-05	3.65e-10	-2.332e+16
23.437	24.375	000:47:19.187 	0.0001	1e-99	2.23e-05	3.81e-10	-2.172e+16
23.75	24.7	000:47:19.500 	9.2e-05	1e-99	2.23e-05	3.82e-10	-2.162e+16
24.062	25.025	000:47:19.812 	8.8e-05	1e-99	2.23e-05	3.81e-10	-2.172e+16
24.375	25.35	000:47:20.125 	9.9e-05	1e-99	2.23e-05	3.8e-10	-2.182e+16
24.687	25.675	000:47:20.437 	0.0001	1e-99	2.23e-05	3.78e-10	-2.202e+16
25.0	26.0	000:47:20.750 	9.5e-05	1e-99	2.23e-05	3.96e-10	-2.022e+16
25.312	26.325	000:47:21.062 	9.1e-05	1e-99	2.23e-05	3.78e-10	-2.202e+16
25.625	26.65	000:47:21.375 	1.7e-05	1e-99	2.23e-05	3.93e-10	-2.052e+16
25.937	26.975	000:47:21.687 	9.2e-08	1e-99	2.23e-05	3.85e-10	-2.132e+16
26.25	27.3	000:47:22.000 	1.8e-08	1e-99	2.23e-05	3.91e-10	-2.072e+16
26.562	27.625	000:47:22.312 	1.7e-08	1e-99	2.23e-05	3.94e-10	-2.042e+16
26.875	27.95	000:47:22.625 	1.7e-08	1e-99	2.23e-05	3.98e-10	-2.002e+16
27.187	28.275	000:47:22.937 	1.8e-08	1e-99	2.24e-05	4.02e-10	-1.962e+16
27.5	28.6	000:47:23.250 	1.8e-08	1e-99	2.24e-05	3.98e-10	-2.002e+16
27.812	28.925	000:47:23.562 	1.8e-08	1e-99	2.24e-05	4.01e-10	-1.972e+16
28.125	29.25	000:47:23.875 	1.8e-08	1e-99	2.23e-05	4.1e-10	-1.882e+16
28.437	29.575	000:47:24.187 	1.8e-08	1e-99	2.23e-05	4.04e-10	-1.942e+16
28.75	29.9	000:47:24.500 	1.8e-08	1e-99	2.23e-05	4.11e-10	-1.872e+16
29.062	30.225	000:47:24.812 	1.7e-08	1e-99	2.23e-05	4.14e-10	-1.842e+16
29.375	30.55	000:47:25.125 	1.7e-08	1e-99	2.23e-05	4.1e-10	-1.882e+16
29.687	30.875	000:47:25.437 	1.8e-08	1e-99	2.23e-05	4.18e-10	-1.802e+16
30.0	31.2	000:47:25.750 	1.7e-08	1e-99	2.23e-05	4.13e-10	-1.852e+16
30.312	31.525	000:47:26.062 	1.7e-08	1e-99	2.23e-05	4.19e-10	-1.792e+16
30.625	31.85	000:47:26.375 	1.8e-08	1e-99	2.23e-05	4.22e-10	-1.762e+16
30.937	32.175	000:47:26.687 	1.8e-08	1e-99	2.23e-05	4.21e-10	-1.772e+16
31.25	32.5	000:47:27.000 	1.8e-08	1e-99	2.23e-05	4.23e-10	-1.752e+16
31.562	32.825	000:47:27.312 	1.8e-08	1e-99	2.23e-05	4.29e-10	-1.692e+16
31.875	33.15	000:47:27.625 	1.7e-08	1e-99	2.23e-05	4.25e-10	-1.732e+16
32.187	33.475	000:47:27.937 	1.7e-08	1e-99	2.23e-05	4.24e-10	-1.742e+16
32.5	33.8	000:47:28.250 	1.8e-08	1e-99	2.23e-05	4.28e-10	-1.702e+16
32.812	34.125	000:47:28.562 	1.7e-08	1e-99	2.23e-05	4.28e-10	-1.702e+16
33.125	34.45	000:47:28.875 	1.8e-08	1e-99	2.23e-05	4.28e-10	-1.702e+16
33.437	34.775	000:47:29.187 	1.8e-08	1e-99	2.23e-05	4.24e-10	-1.742e+16
33.75	35.1	000:47:29.500 	1.8e-08	1e-99	2.24e-05	4.33e-10	-1.652e+16
34.062	35.425	000:47:29.812 	1.7e-08	1e-99	2.24e-05	4.35e-10	-1.632e+16
34.375	35.75	000:47:30.125 	1.7e-08	1e-99	2.24e-05	4.3e-10	-1.682e+16
34.687	36.075	000:47:30.437 	1.8e-08	1e-99	2.24e-05	4.39e-10	-1.592e+16
35.0	36.4	000:47:30.750 	1.8e-08	1e-99	2.24e-05	4.35e-10	-1.632e+16
35.312	36.725	000:47:31.062 	1.8e-08	1e-99	2.24e-05	4.42e-10	-1.562e+16
35.625	37.05	000:47:31.375 	1.7e-08	1e-99	2.24e-05	4.41e-10	-1.572e+16
35.937	37.375	000:47:31.687 	1.8e-08	1e-99	2.24e-05	4.37e-10	-1.612e+16
36.25	37.7	000:47:32.000 	1.8e-08	1e-99	2.24e-05	4.42e-10	-1.562e+16
36.562	38.025	000:47:32.312 	1.7e-08	1e-99	2.24e-05	4.47e-10	-1.512e+16
36.875	38.35	000:47:32.625 	1.7e-08	1e-99	2.23e-05	4.38e-10	-1.602e+16
37.187	38.675	000:47:32.937 	1.8e-08	1e-99	2.23e-05	4.52e-10	-1.462e+16
37.5	39.0	000:47:33.250 	1.8e-08	1e-99	2.23e-05	4.5e-10	-1.482e+16
37.812	39.325	000:47:33.562 	1.8e-08	1e-99	2.23e-05	4.48e-10	-1.502e+16
38.125	39.65	000:47:33.875 	1.7e-08	1e-99	2.23e-05	4.36e-10	-1.622e+16
38.437	39.975	000:47:34.187 	1.7e-08	1e-99	2.23e-05	4.51e-10	-1.472e+16
38.75	40.3	000:47:34.500 	1.8e-08	1e-99	2.23e-05	4.48e-10	-1.502e+16
39.062	40.625	000:47:34.812 	1.8e-08	1e-99	2.23e-05	4.48e-10	-1.502e+16
39.375	40.95	000:47:35.125 	1.7e-08	1e-99	2.23e-05	4.51e-10	-1.472e+16
39.687	41.275	000:47:35.437 	1.7e-08	1e-99	2.23e-05	4.47e-10	-1.512e+16
40.0	41.6	000:47:35.750 	1.8e-08	1e-99	2.23e-05	4.48e-10	-1.502e+16
40.312	41.925	000:47:36.062 	1.8e-08	1e-99	2.23e-05	4.48e-10	-1.502e+16
40.625	42.25	000:47:36.375 	1.8e-08	1e-99	2.23e-05	4.48e-10	-1.502e+16
40.937	42.575	000:47:36.687 	1.8e-08	1e-99	2.24e-05	4.52e-10	-1.462e+16
41.25	42.9	000:47:37.000 	1.8e-08	1e-99	2.24e-05	4.53e-10	-1.452e+16
41.562	43.225	000:47:37.312 	1.8e-08	1e-99	2.24e-05	4.43e-10	-1.552e+16
41.875	43.55	000:47:37.625 	1.7e-08	1e-99	2.24e-05	4.52e-10	-1.462e+16
42.187	43.875	000:47:37.937 	1.7e-08	1e-99	2.24e-05	4.6e-10	-1.382e+16
42.5	44.2	000:47:38.250 	1.7e-08	1e-99	2.24e-05	4.54e-10	-1.442e+16
42.812	44.525	000:47:38.562 	1.7e-08	1e-99	2.24e-05	4.54e-10	-1.442e+16
43.125	44.85	000:47:38.875 	1.8e-08	1e-99	2.24e-05	4.53e-10	-1.452e+16
43.437	45.175	000:47:39.187 	1.8e-08	1e-99	2.24e-05	4.54e-10	-1.442e+16
43.75	45.5	000:47:39.500 	1.7e-08	1e-99	2.24e-05	4.59e-10	-1.392e+16
44.062	45.825	000:47:39.812 	1.7e-08	1e-99	2.24e-05	4.49e-10	-1.492e+16
44.375	46.15	000:47:40.125 	1.8e-08	1e-99	2.23e-05	4.61e-10	-1.372e+16
44.687	46.475	000:47:40.437 	1.8e-08	1e-99	2.23e-05	4.58e-10	-1.402e+16
45.0	46.8	000:47:40.750 	1.8e-08	1e-99	2.23e-05	4.56e-10	-1.422e+16
45.312	47.125	000:47:41.062 	1.7e-08	1e-99	2.23e-05	4.49e-10	-1.492e+16
45.625	47.45	000:47:41.375 	1.7e-08	1e-99	2.23e-05	4.54e-10	-1.442e+16
45.937	47.775	000:47:41.687 	1.8e-08	1e-99	2.23e-05	4.55e-10	-1.432e+16
46.25	48.1	000:47:42.000 	1.8e-08	1e-99	2.23e-05	4.47e-10	-1.512e+16
46.562	48.425	000:47:42.312 	1.7e-08	1e-99	2.23e-05	4.62e-10	-1.362e+16
46.875	48.75	000:47:42.625 	1.8e-08	1e-99	2.23e-05	4.55e-10	-1.432e+16
47.187	49.075	000:47:42.937 	1.7e-08	1e-99	2.24e-05	4.59e-10	-1.392e+16
47.5	49.4	000:47:43.250 	1.8e-08	1e-99	2.23e-05	4.61e-10	-1.372e+16
47.812	49.725	000:47:43.562 	1.8e-08	1e-99	2.24e-05	4.55e-10	-1.432e+16
48.125	50.05	000:47:43.875 	1.8e-08	1e-99	2.24e-05	4.64e-10	-1.342e+16
48.437	50.375	000:47:44.187 	1.7e-08	1e-99	2.24e-05	4.45e-10	-1.532e+16
48.75	50.7	000:47:44.500 	1.7e-08	1e-99	2.24e-05	4.56e-10	-1.422e+16
49.062	51.025	000:47:44.812 	1.8e-08	1e-99	2.24e-05	4.63e-10	-1.352e+16
49.375	51.35	000:47:45.125 	1.8e-08	1e-99	2.24e-05	4.54e-10	-1.442e+16
49.687	51.675	000:47:45.437 	1.8e-08	1e-99	2.24e-05	4.59e-10	-1.392e+16
50.0	52.0	000:47:45.750 	1.8e-08	1e-99	2.24e-05	4.61e-10	-1.372e+16
50.312	52.325	000:47:46.062 	1.8e-08	1e-99	2.24e-05	4.53e-10	-1.452e+16
50.625	52.65	000:47:46.375 	1.8e-08	1e-99	2.24e-05	4.55e-10	-1.432e+16
50.937	52.975	000:47:46.687 	1.8e-08	1e-99	2.24e-05	4.58e-10	-1.402e+16
51.25	53.3	000:47:47.000 	1.8e-08	1e-99	2.23e-05	4.6e-10	-1.382e+16
51.562	53.625	000:47:47.312 	1.7e-08	1e-99	2.23e-05	4.63e-10	-1.352e+16
51.875	53.95	000:47:47.625 	1.7e-08	1e-99	2.23e-05	4.59e-10	-1.392e+16
52.187	54.275	000:47:47.937 	1.8e-08	1e-99	2.23e-05	4.58e-10	-1.402e+16
52.5	54.6	000:47:48.250 	1.8e-08	1e-99	2.23e-05	4.55e-10	-1.432e+16
52.812	54.925	000:47:48.562 	1.7e-08	1e-99	2.23e-05	4.58e-10	-1.402e+16
53.125	55.25	000:47:48.875 	1.7e-08	1e-99	2.23e-05	4.64e-10	-1.342e+16
53.437	55.575	000:47:49.187 	1.8e-08	1e-99	2.23e-05	4.56e-10	-1.422e+16
53.75	55.9	000:47:49.500 	1.8e-08	1e-99	2.23e-05	4.62e-10	-1.362e+16
54.062	56.225	000:47:49.812 	1.8e-08	1e-99	2.24e-05	4.59e-10	-1.392e+16
54.375	56.55	000:47:50.125 	1.8e-08	1e-99	2.24e-05	4.61e-10	-1.372e+16
54.687	56.875	000:47:50.437 	1.7e-08	1e-99	2.24e-05	4.57e-10	-1.412e+16
55.0	57.2	000:47:50.750 	1.8e-08	1e-99	2.24e-05	4.61e-10	-1.372e+16
55.312	57.525	000:47:51.062 	1.7e-08	1e-99	2.24e-05	4.55e-10	-1.432e+16
55.625	57.85	000:47:51.375 	1.7e-08	1e-99	2.24e-05	4.61e-10	-1.372e+16
55.937	58.175	000:47:51.687 	1.7e-08	1e-99	2.24e-05	4.57e-10	-1.412e+16
56.25	58.5	000:47:52.000 	1.8e-08	1e-99	2.24e-05	4.6e-10	-1.382e+16
56.562	58.825	000:47:52.312 	1.8e-08	1e-99	2.24e-05	4.64e-10	-1.342e+16
56.875	59.15	000:47:52.625 	1.8e-08	1e-99	2.24e-05	4.6e-10	-1.382e+16
57.187	59.475	000:47:52.937 	1.7e-08	1e-99	2.24e-05	4.65e-10	-1.332e+16
57.5	59.8	000:47:53.250 	1.8e-08	1e-99	2.23e-05	4.67e-10	-1.312e+16
57.812	60.125	000:47:53.562 	1.8e-08	1e-99	2.24e-05	4.6e-10	-1.382e+16
58.125	60.45	000:47:53.875 	1.8e-08	1e-99	2.23e-05	4.58e-10	-1.402e+16
58.437	60.775	000:47:54.187 	1.8e-08	1e-99	2.23e-05	4.56e-10	-1.422e+16
58.75	61.1	000:47:54.500 	1.7e-08	1e-99	2.23e-05	4.52e-10	-1.462e+16
59.062	61.425	000:47:54.812 	1.7e-08	1e-99	2.23e-05	4.55e-10	-1.432e+16
59.375	61.75	000:47:55.125 	1.8e-08	1e-99	2.23e-05	4.64e-10	-1.342e+16
59.687	62.075	000:47:55.437 	1.8e-08	1e-99	2.23e-05	4.62e-10	-1.362e+16
60.0	62.4	000:47:55.750 	1.8e-08	1e-99	2.23e-05	4.57e-10	-1.412e+16
60.312	62.725	000:47:56.062 	1.7e-08	1e-99	2.23e-05	4.6e-10	-1.382e+16
60.625	63.05	000:47:56.375 	1.7e-08	1e-99	2.23e-05	4.58e-10	-1.402e+16
60.937	63.375	000:47:56.687 	1.8e-08	1e-99	2.23e-05	4.55e-10	-1.432e+16
61.25	63.7	000:47:57.000 	1.8e-08	1e-99	2.24e-05	4.55e-10	-1.432e+16
61.562	64.025	000:47:57.312 	1.8e-08	1e-99	2.24e-05	4.63e-10	-1.352e+16
61.875	64.35	000:47:57.625 	1.8e-08	1e-99	2.24e-05	4.62e-10	-1.362e+16
62.187	64.675	000:47:57.937 	1.7e-08	1e-99	2.24e-05	4.52e-10	-1.462e+16
62.5	65.0	000:47:58.250 	1.8e-08	1e-99	2.24e-05	4.55e-10	-1.432e+16
62.812	65.325	000:47:58.562 	1.8e-08	1e-99	2.24e-05	4.54e-10	-1.442e+16
63.125	65.65	000:47:58.875 	1.8e-08	1e-99	2.24e-05	4.55e-10	-1.432e+16
63.437	65.975	000:47:59.187 	1.8e-08	1e-99	2.24e-05	4.62e-10	-1.362e+16
63.75	66.3	000:47:59.500 	1.8e-08	1e-99	2.24e-05	4.59e-10	-1.392e+16
64.062	66.625	000:47:59.812 	1.8e-08	1e-99	2.24e-05	4.57e-10	-1.412e+16
64.375	66.95	000:48:00.125 	1.8e-08	1e-99	2.24e-05	4.58e-10	-1.402e+16
64.687	67.275	000:48:00.437 	1.8e-08	1e-99	2.23e-05	4.62e-10	-1.362e+16
65.0	67.6	000:48:00.750 	1.7e-08	1e-99	2.23e-05	4.53e-10	-1.452e+16
65.312	67.925	000:48:01.062 	1.7e-08	1e-99	2.23e-05	4.5e-10	-1.482e+16
65.625	68.25	000:48:01.375 	1.8e-08	1e-99	2.23e-05	4.58e-10	-1.402e+16
65.937	68.575	000:48:01.687 	1.8e-08	1e-99	2.23e-05	4.55e-10	-1.432e+16
66.25	68.9	000:48:02.000 	1.7e-08	1e-99	2.23e-05	4.53e-10	-1.452e+16
66.562	69.225	000:48:02.312 	1.7e-08	1e-99	2.23e-05	4.55e-10	-1.432e+16
66.875	69.55	000:48:02.625 	1.8e-08	1e-99	2.23e-05	4.6e-10	-1.382e+16
67.187	69.875	000:48:02.937 	1.8e-08	1e-99	2.23e-05	4.49e-10	-1.492e+16
67.5	70.2	000:48:03.250 	1.8e-08	1e-99	2.23e-05	4.59e-10	-1.392e+16
67.812	70.525	000:48:03.562 	1.8e-08	1e-99	2.24e-05	4.55e-10	-1.432e+16
68.125	70.85	000:48:03.875 	1.7e-08	1e-99	2.24e-05	4.49e-10	-1.492e+16
68.437	71.175	000:48:04.187 	1.8e-08	1e-99	2.24e-05	4.64e-10	-1.342e+16
68.75	71.5	000:48:04.500 	1.8e-08	1e-99	2.24e-05	4.55e-10	-1.432e+16
69.062	71.825	000:48:04.812 	1.7e-08	1e-99	2.24e-05	4.52e-10	-1.462e+16
69.375	72.15	000:48:05.125 	1.7e-08	1e-99	2.24e-05	4.52e-10	-1.462e+16
69.687	72.475	000:48:05.437 	1.7e-08	1e-99	2.24e-05	4.57e-10	-1.412e+16
70.0	72.8	000:48:05.750 	1.8e-08	1e-99	2.24e-05	4.56e-10	-1.422e+16
70.312	73.125	000:48:06.062 	1.8e-08	1e-99	2.24e-05	4.59e-10	-1.392e+16
70.625	73.45	000:48:06.375 	1.8e-08	1e-99	2.24e-05	4.52e-10	-1.462e+16
70.937	73.775	000:48:06.687 	1.7e-08	1e-99	2.23e-05	4.52e-10	-1.462e+16
71.25	74.1	000:48:07.000 	1.7e-08	1e-99	2.23e-05	4.55e-10	-1.432e+16
71.562	74.425	000:48:07.312 	1.8e-08	1e-99	2.23e-05	4.48e-10	-1.502e+16
71.875	74.75	000:48:07.625 	1.8e-08	1e-99	2.23e-05	4.51e-10	-1.472e+16
72.187	75.075	000:48:07.937 	1.8e-08	1e-99	2.23e-05	4.52e-10	-1.462e+16
72.5	75.4	000:48:08.250 	1.8e-08	1e-99	2.23e-05	4.49e-10	-1.492e+16
72.812	75.725	000:48:08.562 	1.8e-08	1e-99	2.23e-05	4.5e-10	-1.482e+16
73.125	76.05	000:48:08.875 	1.8e-08	1e-99	2.23e-05	4.41e-10	-1.572e+16
73.437	76.375	000:48:09.187 	1.7e-08	1e-99	2.23e-05	4.48e-10	-1.502e+16
73.75	76.7	000:48:09.500 	1.7e-08	1e-99	2.23e-05	4.48e-10	-1.502e+16
74.062	77.025	000:48:09.812 	1.8e-08	1e-99	2.24e-05	4.42e-10	-1.562e+16
74.375	77.35	000:48:10.125 	1.9e-08	1e-99	2.24e-05	4.48e-10	-1.502e+16
74.687	77.675	000:48:10.437 	1.8e-08	1e-99	2.24e-05	4.4e-10	-1.582e+16
75.0	78.0	000:48:10.750 	1.8e-08	1e-99	2.24e-05	4.49e-10	-1.492e+16
75.312	78.325	000:48:11.062 	1.7e-08	1e-99	2.24e-05	4.43e-10	-1.552e+16
75.625	78.65	000:48:11.375 	1.7e-08	1e-99	2.24e-05	4.5e-10	-1.482e+16
75.937	78.975	000:48:11.687 	1.8e-08	1e-99	2.24e-05	4.42e-10	-1.562e+16
76.25	79.3	000:48:12.000 	1.7e-08	1e-99	2.24e-05	4.53e-10	-1.452e+16
76.562	79.625	000:48:12.312 	1.7e-08	1e-99	2.24e-05	4.5e-10	-1.482e+16
76.875	79.95	000:48:12.625 	1.7e-08	1e-99	2.23e-05	4.51e-10	-1.472e+16
77.187	80.275	000:48:12.937 	1.8e-08	1e-99	2.23e-05	4.49e-10	-1.492e+16
77.5	80.6	000:48:13.250 	1.7e-08	1e-99	2.23e-05	4.49e-10	-1.492e+16
77.812	80.925	000:48:13.562 	1.8e-08	1e-99	2.23e-05	4.45e-10	-1.532e+16
78.125	81.25	000:48:13.875 	1.8e-08	1e-99	2.23e-05	4.48e-10	-1.502e+16
78.437	81.575	000:48:14.187 	1.7e-08	1e-99	2.23e-05	4.48e-10	-1.502e+16
78.75	81.9	000:48:14.500 	1.7e-08	1e-99	2.23e-05	4.4e-10	-1.582e+16
79.062	82.225	000:48:14.812 	1.8e-08	1e-99	2.23e-05	4.51e-10	-1.472e+16
79.375	82.55	000:48:15.125 	1.9e-08	1e-99	2.23e-05	4.36e-10	-1.622e+16
79.687	82.875	000:48:15.437 	1.8e-08	1e-99	2.23e-05	4.41e-10	-1.572e+16
80.0	83.2	000:48:15.750 	1.7e-08	1e-99	2.24e-05	4.38e-10	-1.602e+16
80.312	83.525	000:48:16.062 	1.8e-08	1e-99	2.24e-05	4.38e-10	-1.602e+16
80.625	83.85	000:48:16.375 	1.8e-08	1e-99	2.24e-05	4.42e-10	-1.562e+16
80.937	84.175	000:48:16.687 	1.8e-08	1e-99	2.24e-05	4.4e-10	-1.582e+16
81.25	84.5	000:48:17.000 	1.8e-08	1e-99	2.24e-05	4.47e-10	-1.512e+16
81.562	84.825	000:48:17.312 	1.8e-08	1e-99	2.24e-05	4.49e-10	-1.492e+16
81.875	85.15	000:48:17.625 	1.8e-08	1e-99	2.24e-05	4.47e-10	-1.512e+16
82.187	85.475	000:48:17.937 	1.8e-08	1e-99	2.24e-05	4.44e-10	-1.542e+16
82.5	85.8	000:48:18.250 	1.8e-08	1e-99	2.24e-05	4.51e-10	-1.472e+16
82.812	86.125	000:48:18.562 	1.7e-08	1e-99	2.23e-05	4.44e-10	-1.542e+16
83.125	86.45	000:48:18.875 	1.7e-08	1e-99	2.24e-05	4.49e-10	-1.492e+16
83.437	86.775	000:48:19.187 	1.8e-08	1e-99	2.23e-05	4.39e-10	-1.592e+16
83.75	87.1	000:48:19.500 	1.8e-08	1e-99	2.23e-05	4.4e-10	-1.582e+16
84.062	87.425	000:48:19.812 	1.7e-08	1e-99	2.23e-05	4.47e-10	-1.512e+16
84.375	87.75	000:48:20.125 	1.7e-08	1e-99	2.23e-05	4.44e-10	-1.542e+16
84.687	88.075	000:48:20.437 	1.8e-08	1e-99	2.23e-05	4.41e-10	-1.572e+16
85.0	88.4	000:48:20.750 	1.7e-08	1e-99	2.23e-05	4.46e-10	-1.522e+16
85.312	88.725	000:48:21.062 	1.7e-08	1e-99	2.23e-05	4.44e-10	-1.542e+16
85.625	89.05	000:48:21.375 	1.7e-08	1e-99	2.23e-05	4.36e-10	-1.622e+16
85.937	89.375	000:48:21.687 	1.8e-08	1e-99	2.24e-05	4.42e-10	-1.562e+16
86.25	89.7	000:48:22.000 	1.8e-08	1e-99	2.23e-05	4.3e-10	-1.682e+16
86.562	90.025	000:48:22.312 	1.7e-08	1e-99	2.23e-05	4.38e-10	-1.602e+16
86.875	90.35	000:48:22.625 	1.7e-08	1e-99	2.24e-05	4.41e-10	-1.572e+16
87.187	90.675	000:48:22.937 	1.8e-08	1e-99	2.24e-05	4.4e-10	-1.582e+16
87.5	91.0	000:48:23.250 	1.8e-08	1e-99	2.24e-05	4.43e-10	-1.552e+16
87.812	91.325	000:48:23.562 	1.8e-08	1e-99	2.24e-05	4.33e-10	-1.652e+16
88.125	91.65	000:48:23.875 	1.8e-08	1e-99	2.24e-05	4.45e-10	-1.532e+16
88.437	91.975	000:48:24.187 	1.7e-08	1e-99	2.24e-05	4.42e-10	-1.562e+16
88.75	92.3	000:48:24.500 	1.7e-08	1e-99	2.23e-05	4.37e-10	-1.612e+16
89.062	92.625	000:48:24.812 	1.8e-08	1e-99	2.24e-05	4.4e-10	-1.582e+16
89.375	92.95	000:48:25.125 	1.8e-08	1e-99	2.24e-05	4.44e-10	-1.542e+16
89.687	93.275	000:48:25.437 	1.8e-08	1e-99	2.23e-05	4.39e-10	-1.592e+16
90.0	93.6	000:48:25.750 	1.8e-08	1e-99	2.23e-05	4.33e-10	-1.652e+16
90.312	93.925	000:48:26.062 	1.8e-08	1e-99	2.23e-05	4.35e-10	-1.632e+16
90.625	94.25	000:48:26.375 	1.8e-08	1e-99	2.23e-05	4.37e-10	-1.612e+16
90.937	94.575	000:48:26.687 	1.8e-08	1e-99	2.23e-05	4.36e-10	-1.622e+16
91.25	94.9	000:48:27.000 	1.7e-08	1e-99	2.23e-05	4.44e-10	-1.542e+16
91.562	95.225	000:48:27.312 	1.7e-08	1e-99	2.23e-05	4.33e-10	-1.652e+16
91.875	95.55	000:48:27.625 	1.8e-08	1e-99	2.23e-05	4.33e-10	-1.652e+16
92.187	95.875	000:48:27.937 	1.8e-08	1e-99	2.23e-05	4.28e-10	-1.702e+16
92.5	96.2	000:48:28.250 	1.7e-08	1e-99	2.23e-05	4.37e-10	-1.612e+16
92.812	96.525	000:48:28.562 	1.8e-08	1e-99	2.23e-05	4.33e-10	-1.652e+16
93.125	96.85	000:48:28.875 	1.9e-08	1e-99	2.23e-05	4.31e-10	-1.672e+16
93.437	97.175	000:48:29.187 	1.8e-08	1e-99	2.24e-05	4.38e-10	-1.602e+16
93.75	97.5	000:48:29.500 	1.8e-08	1e-99	2.24e-05	4.41e-10	-1.572e+16
94.062	97.825	000:48:29.812 	1.8e-08	1e-99	2.24e-05	4.35e-10	-1.632e+16
94.375	98.15	000:48:30.125 	1.7e-08	1e-99	2.24e-05	4.29e-10	-1.692e+16
94.687	98.475	000:48:30.437 	1.8e-08	1e-99	2.24e-05	4.4e-10	-1.582e+16
95.0	98.8	000:48:30.750 	1.8e-08	1e-99	2.24e-05	4.33e-10	-1.652e+16
95.312	99.125	000:48:31.062 	1.7e-08	1e-99	2.24e-05	4.33e-10	-1.652e+16
95.625	99.45	000:48:31.375 	1.7e-08	1e-99	2.24e-05	4.37e-10	-1.612e+16
95.937	99.775	000:48:31.687 	1.7e-08	1e-99	2.23e-05	4.32e-10	-1.662e+16
96.25	100.1	000:48:32.000 	1.8e-08	1e-99	2.24e-05	4.38e-10	-1.602e+16
96.562	100.425	000:48:32.312 	1.8e-08	1e-99	2.23e-05	4.38e-10	-1.602e+16
96.875	100.75	000:48:32.625 	1.7e-08	1e-99	2.23e-05	4.39e-10	-1.592e+16
97.187	101.075	000:48:32.937 	1.7e-08	1e-99	2.23e-05	4.31e-10	-1.672e+16
97.5	101.4	000:48:33.250 	1.7e-08	1e-99	2.23e-05	4.32e-10	-1.662e+16
97.812	101.725	000:48:33.562 	1.8e-08	1e-99	2.23e-05	4.37e-10	-1.612e+16
98.125	102.05	000:48:33.875 	1.8e-08	1e-99	2.23e-05	4.36e-10	-1.622e+16
98.437	102.375	000:48:34.187 	1.7e-08	1e-99	2.23e-05	4.33e-10	-1.652e+16
98.75	102.7	000:48:34.500 	1.8e-08	1e-99	2.23e-05	4.24e-10	-1.742e+16
99.062	103.025	000:48:34.812 	1.8e-08	1e-99	2.23e-05	4.41e-10	-1.572e+16
99.375	103.35	000:48:35.125 	1.8e-08	1e-99	2.23e-05	4.33e-10	-1.652e+16
99.687	103.675	000:48:35.437 	1.8e-08	1e-99	2.23e-05	4.34e-10	-1.642e+16
100.0	104.0	000:48:35.750 	1.7e-08	1e-99	2.23e-05	4.32e-10	-1.662e+16
100.312	104.325	000:48:36.062 	1.7e-08	1e-99	2.24e-05	4.22e-10	-1.762e+16
100.625	104.65	000:48:36.375 	1.7e-08	1e-99	2.24e-05	4.23e-10	-1.752e+16
100.937	104.975	000:48:36.687 	1.8e-08	1e-99	2.23e-05	4.25e-10	-1.732e+16
101.25	105.3	000:48:37.000 	1.8e-08	1e-99	2.24e-05	4.31e-10	-1.672e+16
101.562	105.625	000:48:37.312 	1.8e-08	1e-99	2.24e-05	4.2e-10	-1.782e+16
101.875	105.95	000:48:37.625 	1.7e-08	1e-99	2.24e-05	4.31e-10	-1.672e+16
102.187	106.275	000:48:37.937 	1.8e-08	1e-99	2.24e-05	4.23e-10	-1.752e+16
102.5	106.6	000:48:38.250 	1.8e-08	1e-99	2.24e-05	4.31e-10	-1.672e+16
102.812	106.925	000:48:38.562 	1.8e-08	1e-99	2.24e-05	4.29e-10	-1.692e+16
103.125	107.25	000:48:38.875 	1.8e-08	1e-99	2.23e-05	4.34e-10	-1.642e+16
103.437	107.575	000:48:39.187 	1.8e-08	1e-99	2.23e-05	4.28e-10	-1.702e+16
103.75	107.9	000:48:39.500 	1.7e-08	1e-99	2.23e-05	4.34e-10	-1.642e+16
104.062	108.225	000:48:39.812 	1.8e-08	1e-99	2.23e-05	4.32e-10	-1.662e+16
104.375	108.55	000:48:40.125 	1.7e-08	1e-99	2.23e-05	4.33e-10	-1.652e+16
104.687	108.875	000:48:40.437 	1.8e-08	1e-99	2.23e-05	4.33e-10	-1.652e+16
105.0	109.2	000:48:40.750 	1.8e-08	1e-99	2.23e-05	4.23e-10	-1.752e+16
105.312	109.525	000:48:41.062 	1.8e-08	1e-99	2.23e-05	4.28e-10	-1.702e+16
105.625	109.85	000:48:41.375 	1.7e-08	1e-99	2.23e-05	4.3e-10	-1.682e+16
105.937	110.175	000:48:41.687 	1.7e-08	1e-99	2.23e-05	4.35e-10	-1.632e+16
106.25	110.5	000:48:42.000 	1.7e-08	1e-99	2.23e-05	4.32e-10	-1.662e+16
106.562	110.825	000:48:42.312 	1.8e-08	1e-99	2.23e-05	4.29e-10	-1.692e+16
106.875	111.15	000:48:42.625 	1.7e-08	1e-99	2.23e-05	4.27e-10	-1.712e+16
107.187	111.475	000:48:42.937 	1.8e-08	1e-99	2.23e-05	4.23e-10	-1.752e+16
107.5	111.8	000:48:43.250 	1.7e-08	1e-99	2.23e-05	4.3e-10	-1.682e+16
107.812	112.125	000:48:43.562 	1.7e-08	1e-99	2.24e-05	4.27e-10	-1.712e+16
108.125	112.45	000:48:43.875 	1.7e-08	1e-99	2.24e-05	4.24e-10	-1.742e+16
108.437	112.775	000:48:44.187 	1.7e-08	1e-99	2.24e-05	4.31e-10	-1.672e+16
108.75	113.1	000:48:44.500 	1.7e-08	1e-99	2.24e-05	4.25e-10	-1.732e+16
109.062	113.425	000:48:44.812 	1.8e-08	1e-99	2.24e-05	4.27e-10	-1.712e+16
109.375	113.75	000:48:45.125 	1.8e-08	1e-99	2.24e-05	4.23e-10	-1.752e+16
109.687	114.075	000:48:45.437 	1.8e-08	1e-99	2.23e-05	4.21e-10	-1.772e+16
110.0	114.4	000:48:45.750 	1.7e-08	1e-99	2.23e-05	4.24e-10	-1.742e+16
110.312	114.725	000:48:46.062 	1.7e-08	1e-99	2.23e-05	4.27e-10	-1.712e+16
110.625	115.05	000:48:46.375 	1.8e-08	1e-99	2.23e-05	4.32e-10	-1.662e+16
110.937	115.375	000:48:46.687 	1.8e-08	1e-99	2.23e-05	4.19e-10	-1.792e+16
111.25	115.7	000:48:47.000 	1.7e-08	1e-99	2.23e-05	4.29e-10	-1.692e+16
111.562	116.025	000:48:47.312 	1.7e-08	1e-99	2.23e-05	4.3e-10	-1.682e+16
111.875	116.35	000:48:47.625 	1.7e-08	1e-99	2.23e-05	4.18e-10	-1.802e+16
112.187	116.675	000:48:47.937 	1.8e-08	1e-99	2.23e-05	4.25e-10	-1.732e+16
112.5	117.0	000:48:48.250 	1.8e-08	1e-99	2.23e-05	4.18e-10	-1.802e+16
112.812	117.325	000:48:48.562 	1.7e-08	1e-99	2.23e-05	4.2e-10	-1.782e+16
113.125	117.65	000:48:48.875 	1.8e-08	1e-99	2.23e-05	4.28e-10	-1.702e+16
113.437	117.975	000:48:49.187 	1.8e-08	1e-99	2.23e-05	4.19e-10	-1.792e+16
113.75	118.3	000:48:49.500 	1.8e-08	1e-99	2.23e-05	4.24e-10	-1.742e+16
114.062	118.625	000:48:49.812 	1.8e-08	1e-99	2.23e-05	4.26e-10	-1.722e+16
114.375	118.95	000:48:50.125 	1.7e-08	1e-99	2.23e-05	4.22e-10	-1.762e+16
114.687	119.275	000:48:50.437 	1.7e-08	1e-99	2.23e-05	4.19e-10	-1.792e+16
115.0	119.6	000:48:50.750 	1.7e-08	1e-99	2.24e-05	4.2e-10	-1.782e+16
115.312	119.925	000:48:51.062 	1.8e-08	1e-99	2.24e-05	4.21e-10	-1.772e+16
115.625	120.25	000:48:51.375 	1.7e-08	1e-99	2.24e-05	4.28e-10	-1.702e+16
115.937	120.575	000:48:51.687 	1.7e-08	1e-99	2.24e-05	4.23e-10	-1.752e+16
116.25	120.9	000:48:52.000 	1.8e-08	1e-99	2.24e-05	4.28e-10	-1.702e+16
116.562	121.225	000:48:52.312 	1.8e-08	1e-99	2.24e-05	4.21e-10	-1.772e+16
116.875	121.55	000:48:52.625 	1.8e-08	1e-99	2.24e-05	4.24e-10	-1.742e+16
117.187	121.875	000:48:52.937 	1.7e-08	1e-99	2.23e-05	4.22e-10	-1.762e+16
117.5	122.2	000:48:53.250 	1.8e-08	1e-99	2.23e-05	4.22e-10	-1.762e+16
117.812	122.525	000:48:53.562 	1.9e-08	1e-99	2.23e-05	4.22e-10	-1.762e+16
118.125	122.85	000:48:53.875 	1.8e-08	1e-99	2.23e-05	4.21e-10	-1.772e+16
118.437	123.175	000:48:54.187 	1.8e-08	1e-99	2.23e-05	4.18e-10	-1.802e+16
118.75	123.5	000:48:54.500 	1.7e-08	1e-99	2.23e-05	4.3e-10	-1.682e+16
119.062	123.825	000:48:54.812 	1.7e-08	1e-99	2.23e-05	4.15e-10	-1.832e+16
119.375	124.15	000:48:55.125 	1.8e-08	1e-99	2.23e-05	4.23e-10	-1.752e+16
119.687	124.475	000:48:55.437 	1.8e-08	1e-99	2.23e-05	4.22e-10	-1.762e+16
120.0	124.8	000:48:55.750 	1.7e-08	1e-99	2.23e-05	4.24e-10	-1.742e+16
120.312	125.125	000:48:56.062 	1.7e-08	1e-99	2.23e-05	4.14e-10	-1.842e+16
120.625	125.45	000:48:56.375 	1.8e-08	1e-99	2.23e-05	4.21e-10	-1.772e+16
120.937	125.775	000:48:56.687 	1.8e-08	1e-99	2.23e-05	4.2e-10	-1.782e+16
121.25	126.1	000:48:57.000 	1.7e-08	1e-99	2.23e-05	4.18e-10	-1.802e+16
121.562	126.425	000:48:57.312 	1.8e-08	1e-99	2.23e-05	4.18e-10	-1.802e+16
121.875	126.75	000:48:57.625 	1.9e-08	1e-99	2.23e-05	4.07e-10	-1.912e+16
122.187	127.075	000:48:57.937 	1.8e-08	1e-99	2.23e-05	4.22e-10	-1.762e+16
122.5	127.4	000:48:58.250 	1.7e-08	1e-99	2.23e-05	4.29e-10	-1.692e+16
122.812	127.725	000:48:58.562 	1.8e-08	1e-99	2.24e-05	4.16e-10	-1.822e+16
123.125	128.05	000:48:58.875 	1.8e-08	1e-99	2.24e-05	4.25e-10	-1.732e+16
123.437	128.375	000:48:59.187 	1.8e-08	1e-99	2.24e-05	4.13e-10	-1.852e+16
123.75	128.7	000:48:59.500 	1.7e-08	1e-99	2.24e-05	4.17e-10	-1.812e+16
124.062	129.025	000:48:59.812 	1.7e-08	1e-99	2.24e-05	4.18e-10	-1.802e+16
124.375	129.35	000:49:00.125 	1.7e-08	1e-99	2.24e-05	4.2e-10	-1.782e+16
124.687	129.675	000:49:00.437 	1.8e-08	1e-99	2.23e-05	4.13e-10	-1.852e+16
125.0	130.0	000:49:00.750 	1.8e-08	1e-99	2.23e-05	4.18e-10	-1.802e+16
125.312	130.325	000:49:01.062 	1.8e-08	1e-99	2.23e-05	4.27e-10	-1.712e+16
125.625	130.65	000:49:01.375 	1.8e-08	1e-99	2.23e-05	4.21e-10	-1.772e+16
125.937	130.975	000:49:01.687 	1.8e-08	1e-99	2.23e-05	4.16e-10	-1.822e+16
126.25	131.3	000:49:02.000 	1.8e-08	1e-99	2.23e-05	4.19e-10	-1.792e+16
126.562	131.625	000:49:02.312 	1.7e-08	1e-99	2.23e-05	4.18e-10	-1.802e+16
126.875	131.95	000:49:02.625 	1.8e-08	1e-99	2.23e-05	4.17e-10	-1.812e+16
127.187	132.275	000:49:02.937 	1.8e-08	1e-99	2.23e-05	4.26e-10	-1.722e+16
127.5	132.6	000:49:03.250 	1.8e-08	1e-99	2.23e-05	4.08e-10	-1.902e+16
127.812	132.925	000:49:03.562 	1.7e-08	1e-99	2.23e-05	4.14e-10	-1.842e+16
128.125	133.25	000:49:03.875 	1.8e-08	1e-99	2.23e-05	4.09e-10	-1.892e+16
128.437	133.575	000:49:04.187 	1.8e-08	1e-99	2.23e-05	4.11e-10	-1.872e+16
128.75	133.9	000:49:04.500 	1.8e-08	1e-99	2.23e-05	4.17e-10	-1.812e+16
129.062	134.225	000:49:04.812 	1.7e-08	1e-99	2.23e-05	4.18e-10	-1.802e+16
129.375	134.55	000:49:05.125 	1.7e-08	1e-99	2.23e-05	4.07e-10	-1.912e+16
129.687	134.875	000:49:05.437 	1.8e-08	1e-99	2.24e-05	4.11e-10	-1.872e+16
130.0	135.2	000:49:05.750 	1.8e-08	1e-99	2.23e-05	4.11e-10	-1.872e+16
130.312	135.525	000:49:06.062 	1.8e-08	1e-99	2.24e-05	4.11e-10	-1.872e+16
130.625	135.85	000:49:06.375 	1.8e-08	1e-99	2.24e-05	4.17e-10	-1.812e+16
130.937	136.175	000:49:06.687 	1.7e-08	1e-99	2.24e-05	4.18e-10	-1.802e+16
131.25	136.5	000:49:07.000 	1.7e-08	1e-99	2.24e-05	4.09e-10	-1.892e+16
131.562	136.825	000:49:07.312 	1.8e-08	1e-99	2.24e-05	4.19e-10	-1.792e+16
131.875	137.15	000:49:07.625 	1.8e-08	1e-99	2.23e-05	4.13e-10	-1.852e+16
132.187	137.475	000:49:07.937 	1.8e-08	1e-99	2.23e-05	4.14e-10	-1.842e+16
132.5	137.8	000:49:08.250 	1.7e-08	1e-99	2.23e-05	4.15e-10	-1.832e+16
132.812	138.125	000:49:08.562 	1.7e-08	1e-99	2.23e-05	4.19e-10	-1.792e+16
133.125	138.45	000:49:08.875 	1.8e-08	1e-99	2.23e-05	4.16e-10	-1.822e+16
133.437	138.775	000:49:09.187 	1.8e-08	1e-99	2.23e-05	4.1e-10	-1.882e+16
133.75	139.1	000:49:09.500 	1.8e-08	1e-99	2.23e-05	4.13e-10	-1.852e+16
134.062	139.425	000:49:09.812 	1.7e-08	1e-99	2.23e-05	4.18e-10	-1.802e+16
134.375	139.75	000:49:10.125 	1.8e-08	1e-99	2.23e-05	4.17e-10	-1.812e+16
134.687	140.075	000:49:10.437 	1.7e-08	1e-99	2.23e-05	4.16e-10	-1.822e+16
135.0	140.4	000:49:10.750 	1.8e-08	1e-99	2.23e-05	4.17e-10	-1.812e+16
135.312	140.725	000:49:11.062 	1.7e-08	1e-99	2.23e-05	4.15e-10	-1.832e+16
135.625	141.05	000:49:11.375 	1.7e-08	1e-99	2.23e-05	4.09e-10	-1.892e+16
135.937	141.375	000:49:11.687 	1.8e-08	1e-99	2.23e-05	4.13e-10	-1.852e+16
136.25	141.7	000:49:12.000 	1.8e-08	1e-99	2.23e-05	4.14e-10	-1.842e+16
136.562	142.025	000:49:12.312 	1.8e-08	1e-99	2.23e-05	4.15e-10	-1.832e+16
136.875	142.35	000:49:12.625 	1.7e-08	1e-99	2.23e-05	4.22e-10	-1.762e+16
137.187	142.675	000:49:12.937 	1.7e-08	1e-99	2.23e-05	4.12e-10	-1.862e+16
137.5	143.0	000:49:13.250 	1.8e-08	1e-99	2.23e-05	4.06e-10	-1.922e+16
137.812	143.325	000:49:13.562 	1.8e-08	1e-99	2.24e-05	4.15e-10	-1.832e+16
138.125	143.65	000:49:13.875 	1.8e-08	1e-99	2.24e-05	4.15e-10	-1.832e+16
138.437	143.975	000:49:14.187 	1.7e-08	1e-99	2.24e-05	4.14e-10	-1.842e+16
138.75	144.3	000:49:14.500 	1.8e-08	1e-99	2.23e-05	4.18e-10	-1.802e+16
139.062	144.625	000:49:14.812 	1.8e-08	1e-99	2.23e-05	4.13e-10	-1.852e+16
139.375	144.95	000:49:15.125 	1.8e-08	1e-99	2.23e-05	4.12e-10	-1.862e+16
139.687	145.275	000:49:15.437 	1.7e-08	1e-99	2.23e-05	4.12e-10	-1.862e+16
140.0	145.6	000:49:15.750 	1.8e-08	1e-99	2.23e-05	4.08e-10	-1.902e+16
140.312	145.925	000:49:16.062 	1.8e-08	1e-99	2.23e-05	4.12e-10	-1.862e+16
140.625	146.25	000:49:16.375 	1.8e-08	1e-99	2.23e-05	4.09e-10	-1.892e+16
140.937	146.575	000:49:16.687 	1.8e-08	1e-99	2.23e-05	4.17e-10	-1.812e+16
141.25	146.9	000:49:17.000 	1.7e-08	1e-99	2.23e-05	4.04e-10	-1.942e+16
141.562	147.225	000:49:17.312 	1.8e-08	1e-99	2.23e-05	4.1e-10	-1.882e+16
141.875	147.55	000:49:17.625 	1.8e-08	1e-99	2.23e-05	4.07e-10	-1.912e+16
142.187	147.875	000:49:17.937 	1.8e-08	1e-99	2.23e-05	4.05e-10	-1.932e+16
142.5	148.2	000:49:18.250 	1.7e-08	1e-99	2.23e-05	4.09e-10	-1.892e+16
142.812	148.525	000:49:18.562 	1.7e-08	1e-99	2.23e-05	4.1e-10	-1.882e+16
143.125	148.85	000:49:18.875 	1.7e-08	1e-99	2.23e-05	4.03e-10	-1.952e+16
143.437	149.175	000:49:19.187 	1.7e-08	1e-99	2.23e-05	4.06e-10	-1.922e+16
143.75	149.5	000:49:19.500 	1.8e-08	1e-99	2.23e-05	4.08e-10	-1.902e+16
144.062	149.825	000:49:19.812 	1.7e-08	1e-99	2.23e-05	3.98e-10	-2.002e+16
144.375	150.15	000:49:20.125 	1.7e-08	1e-99	2.24e-05	4.06e-10	-1.922e+16
144.687	150.475	000:49:20.437 	1.7e-08	1e-99	2.24e-05	4.1e-10	-1.882e+16
145.0	150.8	000:49:20.750 	1.8e-08	1e-99	2.24e-05	4.06e-10	-1.922e+16
145.312	151.125	000:49:21.062 	1.8e-08	1e-99	2.24e-05	4.13e-10	-1.852e+16
145.625	151.45	000:49:21.375 	1.8e-08	1e-99	2.23e-05	4.08e-10	-1.902e+16
145.937	151.775	000:49:21.687 	1.8e-08	1e-99	2.23e-05	4.11e-10	-1.872e+16
146.25	152.1	000:49:22.000 	1.8e-08	1e-99	2.23e-05	4.1e-10	-1.882e+16
146.562	152.425	000:49:22.312 	1.8e-08	1e-99	2.23e-05	4.1e-10	-1.882e+16
146.875	152.75	000:49:22.625 	1.7e-08	1e-99	2.23e-05	4.07e-10	-1.912e+16
147.187	153.075	000:49:22.937 	1.7e-08	1e-99	2.23e-05	4.02e-10	-1.962e+16
147.5	153.4	000:49:23.250 	1.8e-08	1e-99	2.23e-05	4.11e-10	-1.872e+16
147.812	153.725	000:49:23.562 	1.8e-08	1e-99	2.23e-05	4.09e-10	-1.892e+16
148.125	154.05	000:49:23.875 	1.8e-08	1e-99	2.23e-05	4.08e-10	-1.902e+16
148.437	154.375	000:49:24.187 	1.8e-08	1e-99	2.23e-05	4.07e-10	-1.912e+16
148.75	154.7	000:49:24.500 	1.7e-08	1e-99	2.23e-05	4.01e-10	-1.972e+16
149.062	155.025	000:49:24.812 	1.8e-08	1e-99	2.23e-05	4.11e-10	-1.872e+16
149.375	155.35	000:49:25.125 	1.8e-08	1e-99	2.23e-05	4.11e-10	-1.872e+16
149.687	155.675	000:49:25.437 	1.8e-08	1e-99	2.23e-05	4.04e-10	-1.942e+16
150.0	156.0	000:49:25.750 	1.8e-08	1e-99	2.23e-05	4.03e-10	-1.952e+16
150.312	156.325	000:49:26.062 	1.7e-08	1e-99	2.23e-05	4.01e-10	-1.972e+16
150.625	156.65	000:49:26.375 	1.8e-08	1e-99	2.24e-05	4.11e-10	-1.872e+16
150.937	156.975	000:49:26.687 	1.8e-08	1e-99	2.23e-05	4.06e-10	-1.922e+16
151.25	157.3	000:49:27.000 	1.7e-08	1e-99	2.24e-05	4.09e-10	-1.892e+16
151.562	157.625	000:49:27.312 	1.7e-08	1e-99	2.24e-05	4.08e-10	-1.902e+16
151.875	157.95	000:49:27.625 	1.8e-08	1e-99	2.24e-05	4.05e-10	-1.932e+16
152.187	158.275	000:49:27.937 	1.8e-08	1e-99	2.24e-05	4.05e-10	-1.932e+16
152.5	158.6	000:49:28.250 	1.8e-08	1e-99	2.23e-05	4.03e-10	-1.952e+16
152.812	158.925	000:49:28.562 	1.8e-08	1e-99	2.23e-05	4.07e-10	-1.912e+16
153.125	159.25	000:49:28.875 	1.8e-08	1e-99	2.23e-05	4e-10	-1.982e+16
153.437	159.575	000:49:29.187 	1.8e-08	1e-99	2.23e-05	4.04e-10	-1.942e+16
153.75	159.9	000:49:29.500 	1.8e-08	1e-99	2.23e-05	4.01e-10	-1.972e+16
154.062	160.225	000:49:29.812 	1.8e-08	1e-99	2.23e-05	3.99e-10	-1.992e+16
154.375	160.55	000:49:30.125 	1.8e-08	1e-99	2.23e-05	4.05e-10	-1.932e+16
154.687	160.875	000:49:30.437 	1.7e-08	1e-99	2.23e-05	4.09e-10	-1.892e+16
155.0	161.2	000:49:30.750 	1.7e-08	1e-99	2.23e-05	4.04e-10	-1.942e+16
155.312	161.525	000:49:31.062 	1.8e-08	1e-99	2.23e-05	4.05e-10	-1.932e+16
155.625	161.85	000:49:31.375 	1.8e-08	1e-99	2.23e-05	4.01e-10	-1.972e+16
155.937	162.175	000:49:31.687 	1.8e-08	1e-99	2.23e-05	4.01e-10	-1.972e+16
156.25	162.5	000:49:32.000 	1.7e-08	1e-99	2.23e-05	3.99e-10	-1.992e+16
156.562	162.825	000:49:32.312 	1.7e-08	1e-99	2.23e-05	4.01e-10	-1.972e+16
156.875	163.15	000:49:32.625 	1.8e-08	1e-99	2.23e-05	3.98e-10	-2.002e+16
157.187	163.475	000:49:32.937 	1.7e-08	1e-99	2.23e-05	4.1e-10	-1.882e+16
157.5	163.8	000:49:33.250 	1.8e-08	1e-99	2.24e-05	4.09e-10	-1.892e+16
157.812	164.125	000:49:33.562 	1.8e-08	1e-99	2.24e-05	4.06e-10	-1.922e+16
158.125	164.45	000:49:33.875 	1.8e-08	1e-99	2.24e-05	4.07e-10	-1.912e+16
158.437	164.775	000:49:34.187 	1.7e-08	1e-99	2.24e-05	4.06e-10	-1.922e+16
158.75	165.1	000:49:34.500 	1.8e-08	1e-99	2.24e-05	4.07e-10	-1.912e+16
159.062	165.425	000:49:34.812 	1.8e-08	1e-99	2.23e-05	4.07e-10	-1.912e+16
159.375	165.75	000:49:35.125 	1.8e-08	1e-99	2.23e-05	4.03e-10	-1.952e+16
159.687	166.075	000:49:35.437 	1.7e-08	1e-99	2.23e-05	4e-10	-1.982e+16
160.0	166.4	000:49:35.750 	1.7e-08	1e-99	2.23e-05	3.97e-10	-2.012e+16
160.312	166.725	000:49:36.062 	1.8e-08	1e-99	2.23e-05	3.99e-10	-1.992e+16
160.625	167.05	000:49:36.375 	1.8e-08	1e-99	2.23e-05	4.11e-10	-1.872e+16
160.937	167.375	000:49:36.687 	1.8e-08	1e-99	2.23e-05	3.99e-10	-1.992e+16
161.25	167.7	000:49:37.000 	1.8e-08	1e-99	2.23e-05	4.1e-10	-1.882e+16
161.562	168.025	000:49:37.312 	1.8e-08	1e-99	2.23e-05	4.02e-10	-1.962e+16
161.875	168.35	000:49:37.625 	1.7e-08	1e-99	2.23e-05	4.11e-10	-1.872e+16
162.187	168.675	000:49:37.937 	1.7e-08	1e-99	2.23e-05	3.91e-10	-2.072e+16
162.5	169.0	000:49:38.250 	1.7e-08	1e-99	2.23e-05	4e-10	-1.982e+16
162.812	169.325	000:49:38.562 	1.8e-08	1e-99	2.23e-05	4.03e-10	-1.952e+16
163.125	169.65	000:49:38.875 	1.8e-08	1e-99	2.23e-05	4.04e-10	-1.942e+16
163.437	169.975	000:49:39.187 	1.8e-08	1e-99	2.23e-05	3.98e-10	-2.002e+16
163.75	170.3	000:49:39.500 	1.7e-08	1e-99	2.23e-05	4.02e-10	-1.962e+16
164.062	170.625	000:49:39.812 	1.7e-08	1e-99	2.24e-05	4.03e-10	-1.952e+16
164.375	170.95	000:49:40.125 	1.8e-08	1e-99	2.24e-05	4.03e-10	-1.952e+16
164.687	171.275	000:49:40.437 	1.8e-08	1e-99	2.24e-05	4.01e-10	-1.972e+16
165.0	171.6	000:49:40.750 	1.8e-08	1e-99	2.24e-05	3.99e-10	-1.992e+16
165.312	171.925	000:49:41.062 	1.7e-08	1e-99	2.24e-05	4.08e-10	-1.902e+16
165.625	172.25	000:49:41.375 	1.7e-08	1e-99	2.23e-05	3.99e-10	-1.992e+16
165.937	172.575	000:49:41.687 	1.8e-08	1e-99	2.23e-05	4.03e-10	-1.952e+16
166.25	172.9	000:49:42.000 	1.8e-08	1e-99	2.23e-05	4.03e-10	-1.952e+16
166.562	173.225	000:49:42.312 	1.7e-08	1e-99	2.23e-05	4.02e-10	-1.962e+16
166.875	173.55	000:49:42.625 	1.8e-08	1e-99	2.23e-05	4.13e-10	-1.852e+16
167.187	173.875	000:49:42.937 	1.7e-08	1e-99	2.23e-05	4.05e-10	-1.932e+16
167.5	174.2	000:49:43.250 	1.7e-08	1e-99	2.23e-05	4.04e-10	-1.942e+16
167.812	174.525	000:49:43.562 	1.7e-08	1e-99	2.23e-05	3.96e-10	-2.022e+16
168.125	174.85	000:49:43.875 	1.8e-08	1e-99	2.23e-05	3.99e-10	-1.992e+16
168.437	175.175	000:49:44.187 	1.8e-08	1e-99	2.23e-05	4.05e-10	-1.932e+16
168.75	175.5	000:49:44.500 	1.8e-08	1e-99	2.23e-05	4.02e-10	-1.962e+16
169.062	175.825	000:49:44.812 	1.8e-08	1e-99	2.23e-05	4.04e-10	-1.942e+16
169.375	176.15	000:49:45.125 	1.8e-08	1e-99	2.23e-05	3.99e-10	-1.992e+16
169.687	176.475	000:49:45.437 	1.8e-08	1e-99	2.23e-05	3.98e-10	-2.002e+16
170.0	176.8	000:49:45.750 	1.8e-08	1e-99	2.23e-05	4.03e-10	-1.952e+16
170.312	177.125	000:49:46.062 	1.7e-08	1e-99	2.24e-05	3.94e-10	-2.042e+16
170.625	177.45	000:49:46.375 	1.7e-08	1e-99	2.24e-05	3.99e-10	-1.992e+16
170.937	177.775	000:49:46.687 	1.8e-08	1e-99	2.24e-05	4.1e-10	-1.882e+16
171.25	178.1	000:49:47.000 	1.8e-08	1e-99	2.24e-05	3.96e-10	-2.022e+16
171.562	178.425	000:49:47.312 	1.7e-08	1e-99	2.24e-05	3.96e-10	-2.022e+16
171.875	178.75	000:49:47.625 	1.7e-08	1e-99	2.23e-05	4.01e-10	-1.972e+16
172.187	179.075	000:49:47.937 	1.8e-08	1e-99	2.23e-05	4.02e-10	-1.962e+16
172.5	179.4	000:49:48.250 	1.8e-08	1e-99	2.23e-05	4.01e-10	-1.972e+16
172.812	179.725	000:49:48.562 	1.8e-08	1e-99	2.23e-05	4.01e-10	-1.972e+16
173.125	180.05	000:49:48.875 	1.8e-08	1e-99	2.23e-05	4.02e-10	-1.962e+16
173.437	180.375	000:49:49.187 	1.7e-08	1e-99	2.23e-05	3.95e-10	-2.032e+16
173.75	180.7	000:49:49.500 	1.7e-08	1e-99	2.23e-05	3.98e-10	-2.002e+16
174.062	181.025	000:49:49.812 	1.8e-08	1e-99	2.23e-05	3.95e-10	-2.032e+16
174.375	181.35	000:49:50.125 	1.8e-08	1e-99	2.23e-05	3.96e-10	-2.022e+16
174.687	181.675	000:49:50.437 	1.8e-08	1e-99	2.23e-05	4e-10	-1.982e+16
175.0	182.0	000:49:50.750 	1.7e-08	1e-99	2.23e-05	3.96e-10	-2.022e+16
175.312	182.325	000:49:51.062 	1.8e-08	1e-99	2.23e-05	3.98e-10	-2.002e+16
175.625	182.65	000:49:51.375 	1.8e-08	1e-99	2.23e-05	3.94e-10	-2.042e+16
175.937	182.975	000:49:51.687 	1.8e-08	1e-99	2.23e-05	4e-10	-1.982e+16
176.25	183.3	000:49:52.000 	1.7e-08	1e-99	2.23e-05	3.97e-10	-2.012e+16
176.562	183.625	000:49:52.312 	1.7e-08	1e-99	2.24e-05	3.94e-10	-2.042e+16
176.875	183.95	000:49:52.625 	1.8e-08	1e-99	2.24e-05	4.05e-10	-1.932e+16
177.187	184.275	000:49:52.937 	1.8e-08	1e-99	2.23e-05	4.03e-10	-1.952e+16
177.5	184.6	000:49:53.250 	1.8e-08	1e-99	2.24e-05	3.98e-10	-2.002e+16
177.812	184.925	000:49:53.562 	1.7e-08	1e-99	2.23e-05	4e-10	-1.982e+16
178.125	185.25	000:49:53.875 	1.7e-08	1e-99	2.23e-05	3.98e-10	-2.002e+16
178.437	185.575	000:49:54.187 	1.8e-08	1e-99	2.23e-05	3.92e-10	-2.062e+16
178.75	185.9	000:49:54.500 	1.8e-08	1e-99	2.23e-05	3.95e-10	-2.032e+16
179.062	186.225	000:49:54.812 	1.8e-08	1e-99	2.23e-05	3.94e-10	-2.042e+16
179.375	186.55	000:49:55.125 	1.8e-08	1e-99	2.23e-05	3.93e-10	-2.052e+16
179.687	186.875	000:49:55.437 	1.8e-08	1e-99	2.23e-05	3.96e-10	-2.022e+16
180.0	187.2	000:49:55.750 	1.8e-08	1e-99	2.23e-05	3.99e-10	-1.992e+16
180.312	187.525	000:49:56.062 	1.7e-08	1e-99	2.23e-05	3.94e-10	-2.042e+16
180.625	187.85	000:49:56.375 	1.7e-08	1e-99	2.23e-05	3.97e-10	-2.012e+16
180.937	188.175	000:49:56.687 	1.8e-08	1e-99	2.23e-05	4e-10	-1.982e+16
181.25	188.5	000:49:57.000 	1.8e-08	1e-99	2.23e-05	3.96e-10	-2.022e+16
181.562	188.825	000:49:57.312 	1.7e-08	1e-99	2.23e-05	3.93e-10	-2.052e+16
181.875	189.15	000:49:57.625 	1.7e-08	1e-99	2.23e-05	3.98e-10	-2.002e+16
182.187	189.475	000:49:57.937 	1.7e-08	1e-99	2.23e-05	3.97e-10	-2.012e+16
182.5	189.8	000:49:58.250 	1.8e-08	1e-99	2.23e-05	3.96e-10	-2.022e+16
182.812	190.125	000:49:58.562 	1.8e-08	1e-99	2.24e-05	3.99e-10	-1.992e+16
183.125	190.45	000:49:58.875 	1.7e-08	1e-99	2.23e-05	3.93e-10	-2.052e+16
183.437	190.775	000:49:59.187 	1.7e-08	1e-99	2.23e-05	4e-10	-1.982e+16
183.75	191.1	000:49:59.500 	1.7e-08	1e-99	2.24e-05	3.99e-10	-1.992e+16
184.062	191.425	000:49:59.812 	1.9e-08	1e-99	2.23e-05	3.99e-10	-1.992e+16
184.375	191.75	000:50:00.125 	1.8e-08	1e-99	2.23e-05	4e-10	-1.982e+16
184.687	192.075	000:50:00.437 	1.7e-08	1e-99	2.23e-05	3.95e-10	-2.032e+16
185.0	192.4	000:50:00.750 	1.7e-08	1e-99	2.23e-05	3.99e-10	-1.992e+16
185.312	192.725	000:50:01.062 	1.8e-08	1e-99	2.23e-05	3.91e-10	-2.072e+16
185.625	193.05	000:50:01.375 	1.8e-08	1e-99	2.23e-05	4.02e-10	-1.962e+16
185.937	193.375	000:50:01.687 	1.8e-08	1e-99	2.23e-05	3.96e-10	-2.022e+16
186.25	193.7	000:50:02.000 	1.8e-08	1e-99	2.23e-05	3.89e-10	-2.092e+16
186.562	194.025	000:50:02.312 	1.8e-08	1e-99	2.23e-05	3.98e-10	-2.002e+16
186.875	194.35	000:50:02.625 	1.8e-08	1e-99	2.23e-05	3.98e-10	-2.002e+16
187.187	194.675	000:50:02.937 	1.8e-08	1e-99	2.23e-05	4e-10	-1.982e+16
187.5	195.0	000:50:03.250 	1.8e-08	1e-99	2.23e-05	3.9e-10	-2.082e+16
187.812	195.325	000:50:03.562 	1.7e-08	1e-99	2.23e-05	3.86e-10	-2.122e+16
188.125	195.65	000:50:03.875 	1.7e-08	1e-99	2.23e-05	3.85e-10	-2.132e+16
188.437	195.975	000:50:04.187 	1.8e-08	1e-99	2.23e-05	3.98e-10	-2.002e+16
188.75	196.3	000:50:04.500 	1.8e-08	1e-99	2.23e-05	3.86e-10	-2.122e+16
189.062	196.625	000:50:04.812 	1.8e-08	1e-99	2.23e-05	4.01e-10	-1.972e+16
189.375	196.95	000:50:05.125 	1.8e-08	1e-99	2.24e-05	4.04e-10	-1.942e+16
189.687	197.275	000:50:05.437 	1.7e-08	1e-99	2.24e-05	3.91e-10	-2.072e+16
190.0	197.6	000:50:05.750 	1.7e-08	1e-99	2.24e-05	3.96e-10	-2.022e+16
190.312	197.925	000:50:06.062 	1.8e-08	1e-99	2.23e-05	3.94e-10	-2.042e+16
190.625	198.25	000:50:06.375 	1.8e-08	1e-99	2.23e-05	3.99e-10	-1.992e+16
190.937	198.575	000:50:06.687 	1.7e-08	1e-99	2.23e-05	3.94e-10	-2.042e+16
191.25	198.9	000:50:07.000 	1.7e-08	1e-99	2.23e-05	3.96e-10	-2.022e+16
191.562	199.225	000:50:07.312 	1.7e-08	1e-99	2.23e-05	3.88e-10	-2.102e+16
191.875	199.55	000:50:07.625 	1.7e-08	1e-99	2.23e-05	3.9e-10	-2.082e+16
192.187	199.875	000:50:07.937 	1.8e-08	1e-99	2.23e-05	3.98e-10	-2.002e+16
192.5	200.2	000:50:08.250 	1.8e-08	1e-99	2.23e-05	3.97e-10	-2.012e+16
192.812	200.525	000:50:08.562 	1.7e-08	1e-99	2.23e-05	3.88e-10	-2.102e+16
193.125	200.85	000:50:08.875 	1.7e-08	1e-99	2.23e-05	3.92e-10	-2.062e+16
193.437	201.175	000:50:09.187 	1.7e-08	1e-99	2.23e-05	3.98e-10	-2.002e+16
193.75	201.5	000:50:09.500 	1.8e-08	1e-99	2.23e-05	3.93e-10	-2.052e+16
194.062	201.825	000:50:09.812 	1.8e-08	1e-99	2.23e-05	3.94e-10	-2.042e+16
194.375	202.15	000:50:10.125 	1.7e-08	1e-99	2.23e-05	3.93e-10	-2.052e+16
194.687	202.475	000:50:10.437 	1.7e-08	1e-99	2.23e-05	3.95e-10	-2.032e+16
195.0	202.8	000:50:10.750 	1.8e-08	1e-99	2.23e-05	3.97e-10	-2.012e+16
195.312	203.125	000:50:11.062 	1.8e-08	1e-99	2.24e-05	3.93e-10	-2.052e+16
195.625	203.45	000:50:11.375 	1.8e-08	1e-99	2.23e-05	4e-10	-1.982e+16
195.937	203.775	000:50:11.687 	1.7e-08	1e-99	2.24e-05	3.9e-10	-2.082e+16
196.25	204.1	000:50:12.000 	1.7e-08	1e-99	2.24e-05	3.95e-10	-2.032e+16
196.562	204.425	000:50:12.312 	1.8e-08	1e-99	2.23e-05	3.92e-10	-2.062e+16
196.875	204.75	000:50:12.625 	1.8e-08	1e-99	2.23e-05	3.95e-10	-2.032e+16
197.187	205.075	000:50:12.937 	1.8e-08	1e-99	2.23e-05	3.97e-10	-2.012e+16
197.5	205.4	000:50:13.250 	1.7e-08	1e-99	2.23e-05	3.88e-10	-2.102e+16
197.812	205.725	000:50:13.562 	1.7e-08	1e-99	2.23e-05	3.96e-10	-2.022e+16
198.125	206.05	000:50:13.875 	1.8e-08	1e-99	2.23e-05	3.91e-10	-2.072e+16
198.437	206.375	000:50:14.187 	1.8e-08	1e-99	2.23e-05	3.95e-10	-2.032e+16
198.75	206.7	000:50:14.500 	1.7e-08	1e-99	2.23e-05	3.88e-10	-2.102e+16
199.062	207.025	000:50:14.812 	1.7e-08	1e-99	2.23e-05	3.93e-10	-2.052e+16
199.375	207.35	000:50:15.125 	1.7e-08	1e-99	2.23e-05	3.88e-10	-2.102e+16
199.687	207.675	000:50:15.437 	1.8e-08	1e-99	2.23e-05	3.98e-10	-2.002e+16
200.0	208.0	000:50:15.750 	1.7e-08	1e-99	2.23e-05	3.86e-10	-2.122e+16
200.312	208.325	000:50:16.062 	1.7e-08	1e-99	2.23e-05	3.87e-10	-2.112e+16
200.625	208.65	000:50:16.375 	1.7e-08	1e-99	2.23e-05	3.98e-10	-2.002e+16
200.937	208.975	000:50:16.687 	1.8e-08	1e-99	2.23e-05	3.94e-10	-2.042e+16
201.25	209.3	000:50:17.000 	1.8e-08	1e-99	2.23e-05	3.92e-10	-2.062e+16
201.562	209.625	000:50:17.312 	1.7e-08	1e-99	2.23e-05	3.89e-10	-2.092e+16
201.875	209.95	000:50:17.625 	1.7e-08	1e-99	2.24e-05	3.92e-10	-2.062e+16
202.187	210.275	000:50:17.937 	1.7e-08	1e-99	2.23e-05	3.96e-10	-2.022e+16
202.5	210.6	000:50:18.250 	1.8e-08	1e-99	2.24e-05	3.96e-10	-2.022e+16
202.812	210.925	000:50:18.562 	1.8e-08	1e-99	2.24e-05	3.95e-10	-2.032e+16
203.125	211.25	000:50:18.875 	1.8e-08	1e-99	2.23e-05	3.86e-10	-2.122e+16
203.437	211.575	000:50:19.187 	1.8e-08	1e-99	2.23e-05	3.98e-10	-2.002e+16
203.75	211.9	000:50:19.500 	1.8e-08	1e-99	2.23e-05	3.92e-10	-2.062e+16
204.062	212.225	000:50:19.812 	1.7e-08	1e-99	2.23e-05	3.95e-10	-2.032e+16
204.375	212.55	000:50:20.125 	1.7e-08	1e-99	2.23e-05	3.87e-10	-2.112e+16
204.687	212.875	000:50:20.437 	1.8e-08	1e-99	2.23e-05	3.93e-10	-2.052e+16
205.0	213.2	000:50:20.750 	1.8e-08	1e-99	2.23e-05	3.89e-10	-2.092e+16
205.312	213.525	000:50:21.062 	1.9e-08	1e-99	2.23e-05	3.87e-10	-2.112e+16
205.625	213.85	000:50:21.375 	1.8e-08	1e-99	2.23e-05	3.97e-10	-2.012e+16
205.937	214.175	000:50:21.687 	1.7e-08	1e-99	2.23e-05	3.9e-10	-2.082e+16
206.25	214.5	000:50:22.000 	1.8e-08	1e-99	2.23e-05	3.95e-10	-2.032e+16
206.562	214.825	000:50:22.312 	1.8e-08	1e-99	2.23e-05	3.95e-10	-2.032e+16
206.875	215.15	000:50:22.625 	1.7e-08	1e-99	2.23e-05	3.97e-10	-2.012e+16
207.187	215.475	000:50:22.937 	1.8e-08	1e-99	2.23e-05	3.9e-10	-2.082e+16
207.5	215.8	000:50:23.250 	1.8e-08	1e-99	2.23e-05	3.9e-10	-2.082e+16
207.812	216.125	000:50:23.562 	1.8e-08	1e-99	2.23e-05	3.99e-10	-1.992e+16
208.125	216.45	000:50:23.875 	1.8e-08	1e-99	2.23e-05	3.93e-10	-2.052e+16
208.437	216.775	000:50:24.187 	1.7e-08	1e-99	2.23e-05	4.05e-10	-1.932e+16
208.75	217.1	000:50:24.500 	1.7e-08	1e-99	2.23e-05	3.87e-10	-2.112e+16
209.062	217.425	000:50:24.812 	1.7e-08	1e-99	2.23e-05	3.95e-10	-2.032e+16
209.375	217.75	000:50:25.125 	1.8e-08	1e-99	2.23e-05	3.86e-10	-2.122e+16
209.687	218.075	000:50:25.437 	1.7e-08	1e-99	2.23e-05	3.91e-10	-2.072e+16
210.0	218.4	000:50:25.750 	1.7e-08	1e-99	2.23e-05	3.89e-10	-2.092e+16
210.312	218.725	000:50:26.062 	1.8e-08	1e-99	2.24e-05	3.8e-10	-2.182e+16
210.625	219.05	000:50:26.375 	1.7e-08	1e-99	2.24e-05	3.87e-10	-2.112e+16
210.937	219.375	000:50:26.687 	1.7e-08	1e-99	2.24e-05	3.99e-10	-1.992e+16
211.25	219.7	000:50:27.000 	1.8e-08	1e-99	2.23e-05	3.94e-10	-2.042e+16
211.562	220.025	000:50:27.312 	1.8e-08	1e-99	2.23e-05	3.87e-10	-2.112e+16
211.875	220.35	000:50:27.625 	1.7e-08	1e-99	2.23e-05	3.82e-10	-2.162e+16
212.187	220.675	000:50:27.937 	1.7e-08	1e-99	2.23e-05	3.81e-10	-2.172e+16
212.5	221.0	000:50:28.250 	1.8e-08	1e-99	2.23e-05	3.92e-10	-2.062e+16
212.812	221.325	000:50:28.562 	1.8e-08	1e-99	2.23e-05	4e-10	-1.982e+16
213.125	221.65	000:50:28.875 	1.8e-08	1e-99	2.23e-05	3.92e-10	-2.062e+16
213.437	221.975	000:50:29.187 	1.8e-08	1e-99	2.23e-05	3.89e-10	-2.092e+16
213.75	222.3	000:50:29.500 	1.7e-08	1e-99	2.23e-05	3.85e-10	-2.132e+16
214.062	222.625	000:50:29.812 	1.8e-08	1e-99	2.23e-05	3.86e-10	-2.122e+16
214.375	222.95	000:50:30.125 	1.8e-08	1e-99	2.23e-05	3.9e-10	-2.082e+16
214.687	223.275	000:50:30.437 	1.7e-08	1e-99	2.23e-05	3.91e-10	-2.072e+16
215.0	223.6	000:50:30.750 	1.7e-08	1e-99	2.23e-05	3.85e-10	-2.132e+16
215.312	223.925	000:50:31.062 	1.8e-08	1e-99	2.23e-05	3.85e-10	-2.132e+16
215.625	224.25	000:50:31.375 	1.8e-08	1e-99	2.23e-05	3.94e-10	-2.042e+16
215.937	224.575	000:50:31.687 	1.7e-08	1e-99	2.23e-05	3.83e-10	-2.152e+16
216.25	224.9	000:50:32.000 	1.7e-08	1e-99	2.23e-05	3.87e-10	-2.112e+16
216.562	225.225	000:50:32.312 	1.8e-08	1e-99	2.23e-05	3.83e-10	-2.152e+16
216.875	225.55	000:50:32.625 	1.8e-08	1e-99	2.23e-05	3.89e-10	-2.092e+16
217.187	225.875	000:50:32.937 	1.8e-08	1e-99	2.23e-05	3.85e-10	-2.132e+16
217.5	226.2	000:50:33.250 	1.8e-08	1e-99	2.24e-05	3.85e-10	-2.132e+16
217.812	226.525	000:50:33.562 	1.7e-08	1e-99	2.23e-05	3.82e-10	-2.162e+16
218.125	226.85	000:50:33.875 	1.7e-08	1e-99	2.23e-05	3.89e-10	-2.092e+16
218.437	227.175	000:50:34.187 	1.8e-08	1e-99	2.24e-05	3.91e-10	-2.072e+16
218.75	227.5	000:50:34.500 	1.8e-08	1e-99	2.23e-05	3.89e-10	-2.092e+16
219.062	227.825	000:50:34.812 	1.8e-08	1e-99	2.23e-05	3.83e-10	-2.152e+16
219.375	228.15	000:50:35.125 	1.8e-08	1e-99	2.23e-05	3.92e-10	-2.062e+16
219.687	228.475	000:50:35.437 	1.7e-08	1e-99	2.23e-05	3.89e-10	-2.092e+16
220.0	228.8	000:50:35.750 	1.8e-08	1e-99	2.23e-05	3.86e-10	-2.122e+16
220.312	229.125	000:50:36.062 	1.8e-08	1e-99	2.23e-05	3.88e-10	-2.102e+16
220.625	229.45	000:50:36.375 	1.8e-08	1e-99	2.23e-05	3.83e-10	-2.152e+16
220.937	229.775	000:50:36.687 	1.8e-08	1e-99	2.23e-05	3.88e-10	-2.102e+16
221.25	230.1	000:50:37.000 	1.7e-08	1e-99	2.23e-05	3.85e-10	-2.132e+16
221.562	230.425	000:50:37.312 	1.8e-08	1e-99	2.23e-05	3.88e-10	-2.102e+16
221.875	230.75	000:50:37.625 	1.8e-08	1e-99	2.23e-05	3.83e-10	-2.152e+16
222.187	231.075	000:50:37.937 	1.7e-08	1e-99	2.23e-05	3.8e-10	-2.182e+16
222.5	231.4	000:50:38.250 	1.7e-08	1e-99	2.23e-05	3.84e-10	-2.142e+16
222.812	231.725	000:50:38.562 	1.8e-08	1e-99	2.23e-05	3.8e-10	-2.182e+16
223.125	232.05	000:50:38.875 	1.8e-08	1e-99	2.23e-05	3.88e-10	-2.102e+16
223.437	232.375	000:50:39.187 	1.7e-08	1e-99	2.23e-05	3.85e-10	-2.132e+16
223.75	232.7	000:50:39.500 	1.7e-08	1e-99	2.23e-05	3.85e-10	-2.132e+16
224.062	233.025	000:50:39.812 	1.8e-08	1e-99	2.23e-05	3.92e-10	-2.062e+16
224.375	233.35	000:50:40.125 	1.8e-08	1e-99	2.23e-05	3.83e-10	-2.152e+16
224.687	233.675	000:50:40.437 	1.8e-08	1e-99	2.23e-05	3.84e-10	-2.142e+16
225.0	234.0	000:50:40.750 	1.8e-08	1e-99	2.23e-05	3.81e-10	-2.172e+16
225.312	234.325	000:50:41.062 	1.7e-08	1e-99	2.23e-05	3.99e-10	-1.992e+16
