time [s]	34315 PDP 8 No	34315 PDP 8 Time	34315 PDP 8 Trigger	34315 PDP 8 FIG	34315 PDP 8 qmsTP	34315 PDP 8 m2	34315 PDP 8 h2
-19.687	-20.475	001:02:49.500 	1.8e-08	1e-99	2.23e-05	4.04e-10	-1.942e+16
-19.375	-20.15	001:02:49.812 	1.8e-08	1e-99	2.24e-05	4.15e-10	-1.832e+16
-19.062	-19.825	001:02:50.125 	1.8e-08	1e-99	2.24e-05	4.09e-10	-1.892e+16
-18.75	-19.5	001:02:50.437 	1.8e-08	1e-99	2.24e-05	4.01e-10	-1.972e+16
-18.437	-19.175	001:02:50.750 	1.7e-08	1e-99	2.23e-05	4.05e-10	-1.932e+16
-18.125	-18.85	001:02:51.062 	1.8e-08	1e-99	2.23e-05	4.11e-10	-1.872e+16
-17.812	-18.525	001:02:51.375 	1.8e-08	1e-99	2.23e-05	4.07e-10	-1.912e+16
-17.5	-18.2	001:02:51.687 	1.7e-08	1e-99	2.23e-05	4.08e-10	-1.902e+16
-17.187	-17.875	001:02:52.000 	1.7e-08	1e-99	2.23e-05	4.08e-10	-1.902e+16
-16.875	-17.55	001:02:52.312 	1.7e-08	1e-99	2.23e-05	4.09e-10	-1.892e+16
-16.562	-17.225	001:02:52.625 	1.7e-08	1e-99	2.23e-05	3.98e-10	-2.002e+16
-16.25	-16.9	001:02:52.937 	1.8e-08	1e-99	2.23e-05	4.08e-10	-1.902e+16
-15.937	-16.575	001:02:53.250 	1.7e-08	1e-99	2.23e-05	4.07e-10	-1.912e+16
-15.625	-16.25	001:02:53.562 	1.7e-08	1e-99	2.23e-05	4.05e-10	-1.932e+16
-15.312	-15.925	001:02:53.875 	1.8e-08	1e-99	2.23e-05	4.15e-10	-1.832e+16
-15.0	-15.6	001:02:54.187 	1.8e-08	1e-99	2.23e-05	4.11e-10	-1.872e+16
-14.687	-15.275	001:02:54.500 	1.8e-08	1e-99	2.23e-05	4.06e-10	-1.922e+16
-14.375	-14.95	001:02:54.812 	1.7e-08	1e-99	2.23e-05	4.08e-10	-1.902e+16
-14.062	-14.625	001:02:55.125 	1.8e-08	1e-99	2.23e-05	4.1e-10	-1.882e+16
-13.75	-14.3	001:02:55.437 	1.8e-08	1e-99	2.23e-05	4.09e-10	-1.892e+16
-13.437	-13.975	001:02:55.750 	1.8e-08	1e-99	2.23e-05	4.13e-10	-1.852e+16
-13.125	-13.65	001:02:56.062 	1.8e-08	1e-99	2.23e-05	3.99e-10	-1.992e+16
-12.812	-13.325	001:02:56.375 	1.7e-08	1e-99	2.24e-05	4e-10	-1.982e+16
-12.5	-13.0	001:02:56.687 	1.8e-08	1e-99	2.24e-05	4.02e-10	-1.962e+16
-12.187	-12.675	001:02:57.000 	1.8e-08	1e-99	2.24e-05	4.08e-10	-1.902e+16
-11.875	-12.35	001:02:57.312 	1.8e-08	1e-99	2.23e-05	4.08e-10	-1.902e+16
-11.562	-12.025	001:02:57.625 	1.7e-08	1e-99	2.23e-05	4.14e-10	-1.842e+16
-11.25	-11.7	001:02:57.937 	1.7e-08	1e-99	2.23e-05	4.04e-10	-1.942e+16
-10.937	-11.375	001:02:58.250 	1.7e-08	1e-99	2.23e-05	4.09e-10	-1.892e+16
-10.625	-11.05	001:02:58.562 	1.7e-08	1e-99	2.23e-05	4.08e-10	-1.902e+16
-10.312	-10.725	001:02:58.875 	1.7e-08	1e-99	2.23e-05	4.05e-10	-1.932e+16
-10.0	-10.4	001:02:59.187 	1.8e-08	1e-99	2.23e-05	4.09e-10	-1.892e+16
-9.687	-10.075	001:02:59.500 	1.8e-08	1e-99	2.23e-05	4e-10	-1.982e+16
-9.375	-9.75	001:02:59.812 	1.8e-08	1e-99	2.23e-05	4.04e-10	-1.942e+16
-9.062	-9.425	001:03:00.125 	1.8e-08	1e-99	2.23e-05	4.1e-10	-1.882e+16
-8.75	-9.1	001:03:00.437 	1.7e-08	1e-99	2.23e-05	4.08e-10	-1.902e+16
-8.437	-8.775	001:03:00.750 	1.7e-08	1e-99	2.23e-05	4.03e-10	-1.952e+16
-8.125	-8.45	001:03:01.062 	1.8e-08	1e-99	2.23e-05	3.93e-10	-2.052e+16
-7.812	-8.125	001:03:01.375 	1.8e-08	1e-99	2.23e-05	4.05e-10	-1.932e+16
-7.5	-7.8	001:03:01.687 	1.7e-08	1e-99	2.23e-05	4.1e-10	-1.882e+16
-7.187	-7.475	001:03:02.000 	1.7e-08	1e-99	2.23e-05	4.09e-10	-1.892e+16
-6.875	-7.15	001:03:02.312 	1.8e-08	1e-99	2.23e-05	4.06e-10	-1.922e+16
-6.562	-6.825	001:03:02.625 	1.8e-08	1e-99	2.23e-05	4e-10	-1.982e+16
-6.25	-6.5	001:03:02.937 	1.7e-08	1e-99	2.23e-05	4.03e-10	-1.952e+16
-5.937	-6.175	001:03:03.250 	1.7e-08	1e-99	2.24e-05	4.06e-10	-1.922e+16
-5.625	-5.85	001:03:03.562 	1.8e-08	1e-99	2.24e-05	4.05e-10	-1.932e+16
-5.312	-5.525	001:03:03.875 	1.8e-08	1e-99	2.23e-05	4.08e-10	-1.902e+16
-5.0	-5.2	001:03:04.187 	1.8e-08	1e-99	2.24e-05	4.1e-10	-1.882e+16
-4.687	-4.875	001:03:04.500 	1.7e-08	1e-99	2.24e-05	4.16e-10	-1.822e+16
-4.375	-4.55	001:03:04.812 	1.8e-08	1e-99	2.23e-05	4.08e-10	-1.902e+16
-4.062	-4.225	001:03:05.125 	1.8e-08	1e-99	2.23e-05	4.11e-10	-1.872e+16
-3.75	-3.9	001:03:05.437 	1.8e-08	1e-99	2.23e-05	4.05e-10	-1.932e+16
-3.437	-3.575	001:03:05.750 	1.8e-08	1e-99	2.23e-05	4.09e-10	-1.892e+16
-3.125	-3.25	001:03:06.062 	1.8e-08	1e-99	2.23e-05	4.04e-10	-1.942e+16
-2.812	-2.925	001:03:06.375 	1.8e-08	1e-99	2.23e-05	4.01e-10	-1.972e+16
-2.5	-2.6	001:03:06.687 	1.8e-08	1e-99	2.23e-05	3.99e-10	-1.992e+16
-2.187	-2.275	001:03:07.000 	1.8e-08	1e-99	2.23e-05	4.12e-10	-1.862e+16
-1.875	-1.95	001:03:07.312 	1.7e-08	1e-99	2.23e-05	4.08e-10	-1.902e+16
-1.562	-1.625	001:03:07.625 	1.7e-08	1e-99	2.23e-05	4.03e-10	-1.952e+16
-1.25	-1.3	001:03:07.937 	1.8e-08	1e-99	2.23e-05	4.07e-10	-1.912e+16
-0.937	-0.975	001:03:08.250 	1.8e-08	1e-99	2.23e-05	4.03e-10	-1.952e+16
-0.625	-0.65	001:03:08.562 	1.8e-08	1e-99	2.23e-05	4.07e-10	-1.912e+16
-0.312	-0.325	001:03:08.875 	4.1e-06	1e-99	2.23e-05	4.1e-10	-1.882e+16
0.0	0.0	001:03:09.187 	9.1e-05	1e-99	2.23e-05	4.1e-10	-1.882e+16
0.313	0.325	001:03:09.500 	9.3e-05	1e-99	2.23e-05	4.06e-10	-1.922e+16
0.625	0.65	001:03:09.812 	9.5e-05	1e-99	2.24e-05	4.12e-10	-1.862e+16
0.938	0.975	001:03:10.125 	9.2e-05	1e-99	2.24e-05	4.08e-10	-1.902e+16
1.25	1.3	001:03:10.437 	8.8e-05	1e-99	2.24e-05	4.13e-10	-1.852e+16
1.563	1.625	001:03:10.750 	9.8e-05	1e-99	2.24e-05	4.12e-10	-1.862e+16
1.875	1.95	001:03:11.062 	0.0001	1e-99	2.24e-05	4.03e-10	-1.952e+16
2.188	2.275	001:03:11.375 	9.9e-05	1e-99	2.24e-05	4.1e-10	-1.882e+16
2.5	2.6	001:03:11.687 	9e-05	1e-99	2.23e-05	4.15e-10	-1.832e+16
2.813	2.925	001:03:12.000 	8.7e-05	1e-99	2.24e-05	4.07e-10	-1.912e+16
3.125	3.25	001:03:12.312 	0.0001	1e-99	2.23e-05	4.05e-10	-1.932e+16
3.438	3.575	001:03:12.625 	0.0001	1e-99	2.23e-05	4.15e-10	-1.832e+16
3.75	3.9	001:03:12.937 	9.5e-05	1e-99	2.23e-05	4.11e-10	-1.872e+16
4.063	4.225	001:03:13.250 	9.2e-05	1e-99	2.23e-05	4.05e-10	-1.932e+16
4.375	4.55	001:03:13.562 	9.1e-05	1e-99	2.23e-05	4.1e-10	-1.882e+16
4.688	4.875	001:03:13.875 	9.5e-05	1e-99	2.23e-05	4.17e-10	-1.812e+16
5.0	5.2	001:03:14.187 	9.7e-05	1e-99	2.23e-05	4.05e-10	-1.932e+16
5.313	5.525	001:03:14.500 	9.2e-05	1e-99	2.23e-05	4.14e-10	-1.842e+16
5.625	5.85	001:03:14.812 	8.6e-05	1e-99	2.23e-05	4.15e-10	-1.832e+16
5.938	6.175	001:03:15.125 	9.6e-05	1e-99	2.23e-05	3.98e-10	-2.002e+16
6.25	6.5	001:03:15.437 	0.0001	1e-99	2.23e-05	4.13e-10	-1.852e+16
6.563	6.825	001:03:15.750 	9.8e-05	1e-99	2.23e-05	4.1e-10	-1.882e+16
6.875	7.15	001:03:16.062 	9.3e-05	1e-99	2.24e-05	4.19e-10	-1.792e+16
7.188	7.475	001:03:16.375 	8.8e-05	1e-99	2.24e-05	4.02e-10	-1.962e+16
7.5	7.8	001:03:16.687 	9.1e-05	1e-99	2.24e-05	4.09e-10	-1.892e+16
7.813	8.125	001:03:17.000 	0.00016	1e-99	2.24e-05	4.05e-10	-1.932e+16
8.125	8.45	001:03:17.312 	0.00015	1e-99	2.24e-05	4.04e-10	-1.942e+16
8.438	8.775	001:03:17.625 	9.2e-05	1e-99	2.24e-05	4.15e-10	-1.832e+16
8.75	9.1	001:03:17.937 	9.1e-05	1e-99	2.24e-05	4.12e-10	-1.862e+16
9.063	9.425	001:03:18.250 	9.6e-05	1e-99	2.24e-05	4.12e-10	-1.862e+16
9.375	9.75	001:03:18.562 	9.6e-05	1e-99	2.24e-05	4.13e-10	-1.852e+16
9.688	10.075	001:03:18.875 	9.1e-05	1e-99	2.24e-05	4.17e-10	-1.812e+16
10.0	10.4	001:03:19.187 	8.7e-05	1e-99	2.23e-05	4.19e-10	-1.792e+16
10.313	10.725	001:03:19.500 	9e-05	1e-99	2.23e-05	4.2e-10	-1.782e+16
10.625	11.05	001:03:19.812 	0.0001	1e-99	2.23e-05	4.21e-10	-1.772e+16
10.938	11.375	001:03:20.125 	0.0001	1e-99	2.23e-05	4.14e-10	-1.842e+16
11.25	11.7	001:03:20.437 	9e-05	1e-99	2.23e-05	4.27e-10	-1.712e+16
11.563	12.025	001:03:20.750 	8.8e-05	1e-99	2.23e-05	4.2e-10	-1.782e+16
11.875	12.35	001:03:21.062 	0.0001	1e-99	2.23e-05	4.2e-10	-1.782e+16
12.188	12.675	001:03:21.375 	0.0001	1e-99	2.23e-05	4.26e-10	-1.722e+16
12.5	13.0	001:03:21.687 	9.4e-05	1e-99	2.23e-05	4.27e-10	-1.712e+16
12.813	13.325	001:03:22.000 	9.1e-05	1e-99	2.23e-05	4.3e-10	-1.682e+16
13.125	13.65	001:03:22.312 	9.4e-05	1e-99	2.24e-05	4.38e-10	-1.602e+16
13.438	13.975	001:03:22.625 	9.7e-05	1e-99	2.24e-05	4.4e-10	-1.582e+16
13.75	14.3	001:03:22.937 	9.2e-05	1e-99	2.24e-05	4.3e-10	-1.682e+16
14.063	14.625	001:03:23.250 	8.6e-05	1e-99	2.24e-05	4.41e-10	-1.572e+16
14.375	14.95	001:03:23.562 	9.4e-05	1e-99	2.24e-05	4.41e-10	-1.572e+16
14.688	15.275	001:03:23.875 	9.9e-05	1e-99	2.24e-05	4.47e-10	-1.512e+16
15.0	15.6	001:03:24.187 	9.5e-05	1e-99	2.24e-05	4.44e-10	-1.542e+16
15.313	15.925	001:03:24.500 	8.9e-05	1e-99	2.24e-05	4.48e-10	-1.502e+16
15.625	16.25	001:03:24.812 	8.7e-05	1e-99	2.24e-05	4.49e-10	-1.492e+16
15.938	16.575	001:03:25.125 	0.0001	1e-99	2.24e-05	4.52e-10	-1.462e+16
16.25	16.9	001:03:25.437 	0.0001	1e-99	2.24e-05	4.64e-10	-1.342e+16
16.563	17.225	001:03:25.750 	9.6e-05	1e-99	2.24e-05	4.56e-10	-1.422e+16
16.875	17.55	001:03:26.062 	9.1e-05	1e-99	2.24e-05	4.62e-10	-1.362e+16
17.188	17.875	001:03:26.375 	8.9e-05	1e-99	2.24e-05	4.68e-10	-1.302e+16
17.5	18.2	001:03:26.687 	9.4e-05	1e-99	2.24e-05	4.65e-10	-1.332e+16
17.813	18.525	001:03:27.000 	9.4e-05	1e-99	2.24e-05	4.71e-10	-1.272e+16
18.125	18.85	001:03:27.312 	9.1e-05	1e-99	2.24e-05	4.72e-10	-1.262e+16
18.438	19.175	001:03:27.625 	8.7e-05	1e-99	2.23e-05	4.69e-10	-1.292e+16
18.75	19.5	001:03:27.937 	0.0001	1e-99	2.24e-05	4.69e-10	-1.292e+16
19.063	19.825	001:03:28.250 	0.00011	1e-99	2.24e-05	4.87e-10	-1.112e+16
19.375	20.15	001:03:28.562 	9.5e-05	1e-99	2.24e-05	4.74e-10	-1.242e+16
19.688	20.475	001:03:28.875 	8.9e-05	1e-99	2.24e-05	4.84e-10	-1.142e+16
20.0	20.8	001:03:29.187 	9e-05	1e-99	2.24e-05	4.84e-10	-1.142e+16
20.313	21.125	001:03:29.500 	0.0001	1e-99	2.24e-05	4.8e-10	-1.182e+16
20.625	21.45	001:03:29.812 	9.6e-05	1e-99	2.24e-05	4.88e-10	-1.102e+16
20.938	21.775	001:03:30.125 	9.2e-05	1e-99	2.24e-05	5.03e-10	-9.52e+15
21.25	22.1	001:03:30.437 	9.1e-05	1e-99	2.24e-05	5.01e-10	-9.72e+15
21.563	22.425	001:03:30.750 	9.4e-05	1e-99	2.25e-05	5e-10	-9.82e+15
21.875	22.75	001:03:31.062 	9.2e-05	1e-99	2.24e-05	5e-10	-9.82e+15
22.188	23.075	001:03:31.375 	9.5e-05	1e-99	2.24e-05	5.07e-10	-9.12e+15
22.5	23.4	001:03:31.687 	0.0001	1e-99	2.24e-05	5.12e-10	-8.62e+15
22.813	23.725	001:03:32.000 	9.5e-05	1e-99	2.24e-05	5.13e-10	-8.52e+15
23.125	24.05	001:03:32.312 	9.1e-05	1e-99	2.24e-05	5.21e-10	-7.72e+15
23.438	24.375	001:03:32.625 	8.7e-05	1e-99	2.24e-05	5.28e-10	-7.02e+15
23.75	24.7	001:03:32.937 	0.00018	1e-99	2.24e-05	5.32e-10	-6.62e+15
24.063	25.025	001:03:33.250 	0.00017	1e-99	2.24e-05	5.35e-10	-6.32e+15
24.375	25.35	001:03:33.562 	9.3e-05	1e-99	2.24e-05	5.36e-10	-6.22e+15
24.688	25.675	001:03:33.875 	9e-05	1e-99	2.24e-05	5.23e-10	-7.52e+15
25.0	26.0	001:03:34.187 	9.1e-05	1e-99	2.24e-05	5.34e-10	-6.42e+15
25.313	26.325	001:03:34.500 	9.5e-05	1e-99	2.24e-05	5.4e-10	-5.82e+15
25.625	26.65	001:03:34.812 	9.5e-05	1e-99	2.24e-05	5.33e-10	-6.52e+15
25.938	26.975	001:03:35.125 	8.9e-05	1e-99	2.24e-05	5.41e-10	-5.72e+15
26.25	27.3	001:03:35.437 	9.9e-05	1e-99	2.24e-05	5.42e-10	-5.62e+15
26.563	27.625	001:03:35.750 	0.00012	1e-99	2.24e-05	5.41e-10	-5.72e+15
26.875	27.95	001:03:36.062 	9.8e-05	1e-99	2.24e-05	5.39e-10	-5.92e+15
27.188	28.275	001:03:36.375 	9.1e-05	1e-99	2.24e-05	5.56e-10	-4.22e+15
27.5	28.6	001:03:36.687 	8.6e-05	1e-99	2.24e-05	5.52e-10	-4.62e+15
27.813	28.925	001:03:37.000 	9.6e-05	1e-99	2.25e-05	5.63e-10	-3.52e+15
28.125	29.25	001:03:37.312 	0.0001	1e-99	2.25e-05	5.55e-10	-4.32e+15
28.438	29.575	001:03:37.625 	9.7e-05	1e-99	2.25e-05	5.6e-10	-3.82e+15
28.75	29.9	001:03:37.937 	9.2e-05	1e-99	2.25e-05	5.71e-10	-2.72e+15
29.063	30.225	001:03:38.250 	9.1e-05	1e-99	2.25e-05	5.58e-10	-4.02e+15
29.375	30.55	001:03:38.562 	9.2e-05	1e-99	2.25e-05	5.73e-10	-2.52e+15
29.688	30.875	001:03:38.875 	9.5e-05	1e-99	2.25e-05	5.82e-10	-1.62e+15
30.0	31.2	001:03:39.187 	8.9e-05	1e-99	2.25e-05	5.78e-10	-2.02e+15
30.313	31.525	001:03:39.500 	8.8e-05	1e-99	2.25e-05	5.8e-10	-1.82e+15
30.625	31.85	001:03:39.812 	0.0001	1e-99	2.25e-05	5.89e-10	-9.2e+14
30.938	32.175	001:03:40.125 	0.0001	1e-99	2.25e-05	5.83e-10	-1.52e+15
31.25	32.5	001:03:40.437 	9.5e-05	1e-99	2.25e-05	5.9e-10	-8.2e+14
31.563	32.825	001:03:40.750 	9e-05	1e-99	2.24e-05	5.96e-10	-2.2e+14
31.875	33.15	001:03:41.062 	9e-05	1e-99	2.24e-05	5.95e-10	-3.2e+14
32.188	33.475	001:03:41.375 	0.0002	1e-99	2.24e-05	5.89e-10	-9.2e+14
32.5	33.8	001:03:41.687 	0.0001	1e-99	2.24e-05	6.07e-10	8.8e+14
32.813	34.125	001:03:42.000 	9.4e-05	1e-99	2.24e-05	5.9e-10	-8.2e+14
33.125	34.45	001:03:42.312 	9.1e-05	1e-99	2.24e-05	5.96e-10	-2.2e+14
33.438	34.775	001:03:42.625 	9.3e-05	1e-99	2.24e-05	6.01e-10	2.8e+14
33.75	35.1	001:03:42.937 	9.5e-05	1e-99	2.24e-05	5.98e-10	-2e+13
34.063	35.425	001:03:43.250 	9.2e-05	1e-99	2.25e-05	6.02e-10	3.8e+14
34.375	35.75	001:03:43.562 	8.9e-05	1e-99	2.25e-05	6.15e-10	1.68e+15
34.688	36.075	001:03:43.875 	9.9e-05	1e-99	2.25e-05	6.11e-10	1.28e+15
35.0	36.4	001:03:44.187 	0.0001	1e-99	2.25e-05	6.21e-10	2.28e+15
35.313	36.725	001:03:44.500 	9.1e-05	1e-99	2.25e-05	6.12e-10	1.38e+15
35.625	37.05	001:03:44.812 	8.7e-05	1e-99	2.25e-05	6.14e-10	1.58e+15
35.938	37.375	001:03:45.125 	9.1e-05	1e-99	2.25e-05	6.21e-10	2.28e+15
36.25	37.7	001:03:45.437 	0.0001	1e-99	2.25e-05	6.06e-10	7.8e+14
36.563	38.025	001:03:45.750 	9.8e-05	1e-99	2.25e-05	6.2e-10	2.18e+15
36.875	38.35	001:03:46.062 	9.2e-05	1e-99	2.25e-05	6.21e-10	2.28e+15
37.188	38.675	001:03:46.375 	9.2e-05	1e-99	2.25e-05	6.23e-10	2.48e+15
37.5	39.0	001:03:46.687 	9.6e-05	1e-99	2.25e-05	6.31e-10	3.28e+15
37.813	39.325	001:03:47.000 	9.7e-05	1e-99	2.25e-05	6.27e-10	2.88e+15
38.141	39.65	001:03:47.328 	8.8e-05	1e-99	2.25e-05	6.16e-10	1.78e+15
38.438	39.975	001:03:47.625 	8.8e-05	1e-99	2.25e-05	6.24e-10	2.58e+15
38.75	40.3	001:03:47.937 	9.7e-05	1e-99	2.25e-05	6.22e-10	2.38e+15
39.063	40.625	001:03:48.250 	9.9e-05	1e-99	2.25e-05	6.34e-10	3.58e+15
39.375	40.95	001:03:48.562 	9.2e-05	1e-99	2.25e-05	6.29e-10	3.08e+15
39.688	41.275	001:03:48.875 	9.4e-05	1e-99	2.25e-05	6.36e-10	3.78e+15
40.0	41.6	001:03:49.187 	0.0001	1e-99	2.25e-05	6.26e-10	2.78e+15
40.313	41.925	001:03:49.500 	9.8e-05	1e-99	2.25e-05	6.39e-10	4.08e+15
40.625	42.25	001:03:49.812 	9e-05	1e-99	2.25e-05	6.29e-10	3.08e+15
40.938	42.575	001:03:50.125 	9e-05	1e-99	2.25e-05	6.32e-10	3.38e+15
41.25	42.9	001:03:50.437 	9.6e-05	1e-99	2.25e-05	6.33e-10	3.48e+15
41.563	43.225	001:03:50.750 	9.4e-05	1e-99	2.25e-05	6.35e-10	3.68e+15
41.875	43.55	001:03:51.062 	8.9e-05	1e-99	2.25e-05	6.34e-10	3.58e+15
42.188	43.875	001:03:51.375 	8.9e-05	1e-99	2.25e-05	6.31e-10	3.28e+15
42.5	44.2	001:03:51.687 	0.0001	1e-99	2.25e-05	6.39e-10	4.08e+15
42.813	44.525	001:03:52.000 	9.6e-05	1e-99	2.25e-05	6.51e-10	5.28e+15
43.125	44.85	001:03:52.312 	9.7e-05	1e-99	2.25e-05	6.3e-10	3.18e+15
43.438	45.175	001:03:52.625 	9.2e-05	1e-99	2.25e-05	6.42e-10	4.38e+15
43.75	45.5	001:03:52.937 	9.1e-05	1e-99	2.25e-05	6.4e-10	4.18e+15
44.063	45.825	001:03:53.250 	9.3e-05	1e-99	2.25e-05	6.37e-10	3.88e+15
44.375	46.15	001:03:53.562 	9.6e-05	1e-99	2.25e-05	6.48e-10	4.98e+15
44.688	46.475	001:03:53.875 	9.1e-05	1e-99	2.25e-05	6.51e-10	5.28e+15
45.0	46.8	001:03:54.187 	8.7e-05	1e-99	2.25e-05	6.48e-10	4.98e+15
45.313	47.125	001:03:54.500 	9.7e-05	1e-99	2.25e-05	6.41e-10	4.28e+15
45.625	47.45	001:03:54.812 	0.0001	1e-99	2.25e-05	6.46e-10	4.78e+15
45.938	47.775	001:03:55.125 	9.5e-05	1e-99	2.25e-05	6.52e-10	5.38e+15
46.25	48.1	001:03:55.437 	8.9e-05	1e-99	2.25e-05	6.52e-10	5.38e+15
46.563	48.425	001:03:55.750 	9.2e-05	1e-99	2.25e-05	6.51e-10	5.28e+15
46.875	48.75	001:03:56.062 	0.00017	1e-99	2.25e-05	6.62e-10	6.38e+15
47.188	49.075	001:03:56.375 	9.7e-05	1e-99	2.25e-05	6.52e-10	5.38e+15
47.5	49.4	001:03:56.687 	9.5e-05	1e-99	2.25e-05	6.56e-10	5.78e+15
47.813	49.725	001:03:57.000 	9.5e-05	1e-99	2.25e-05	6.51e-10	5.28e+15
48.125	50.05	001:03:57.312 	9.2e-05	1e-99	2.25e-05	6.46e-10	4.78e+15
48.438	50.375	001:03:57.625 	8.9e-05	1e-99	2.25e-05	6.52e-10	5.38e+15
48.75	50.7	001:03:57.937 	9.9e-05	1e-99	2.25e-05	6.47e-10	4.88e+15
49.063	51.025	001:03:58.250 	0.0001	1e-99	2.25e-05	6.4e-10	4.18e+15
49.375	51.35	001:03:58.562 	9.2e-05	1e-99	2.25e-05	6.6e-10	6.18e+15
49.688	51.675	001:03:58.875 	8.8e-05	1e-99	2.25e-05	6.51e-10	5.28e+15
50.0	52.0	001:03:59.187 	9.8e-05	1e-99	2.25e-05	6.39e-10	4.08e+15
50.313	52.325	001:03:59.500 	9.9e-05	1e-99	2.25e-05	6.56e-10	5.78e+15
50.625	52.65	001:03:59.812 	9.2e-05	1e-99	2.25e-05	6.55e-10	5.68e+15
50.938	52.975	001:04:00.125 	9e-05	1e-99	2.25e-05	6.52e-10	5.38e+15
51.25	53.3	001:04:00.437 	9.4e-05	1e-99	2.25e-05	6.59e-10	6.08e+15
51.563	53.625	001:04:00.750 	9.6e-05	1e-99	2.25e-05	6.54e-10	5.58e+15
51.875	53.95	001:04:01.062 	9.2e-05	1e-99	2.25e-05	6.51e-10	5.28e+15
52.188	54.275	001:04:01.375 	8.7e-05	1e-99	2.25e-05	6.55e-10	5.68e+15
52.5	54.6	001:04:01.687 	9.3e-05	1e-99	2.25e-05	6.48e-10	4.98e+15
52.813	54.925	001:04:02.000 	0.0001	1e-99	2.26e-05	6.63e-10	6.48e+15
53.125	55.25	001:04:02.312 	9.3e-05	1e-99	2.25e-05	6.59e-10	6.08e+15
53.438	55.575	001:04:02.625 	8.8e-05	1e-99	2.25e-05	6.58e-10	5.98e+15
53.75	55.9	001:04:02.937 	0.0001	1e-99	2.25e-05	6.63e-10	6.48e+15
54.063	56.225	001:04:03.250 	0.00019	1e-99	2.25e-05	6.6e-10	6.18e+15
54.375	56.55	001:04:03.562 	0.0001	1e-99	2.25e-05	6.66e-10	6.78e+15
54.688	56.875	001:04:03.875 	9e-05	1e-99	2.25e-05	6.57e-10	5.88e+15
55.0	57.2	001:04:04.187 	9.2e-05	1e-99	2.25e-05	6.61e-10	6.28e+15
55.313	57.525	001:04:04.500 	9.4e-05	1e-99	2.25e-05	6.63e-10	6.48e+15
55.625	57.85	001:04:04.812 	9.4e-05	1e-99	2.25e-05	6.71e-10	7.28e+15
55.938	58.175	001:04:05.125 	8.8e-05	1e-99	2.25e-05	6.63e-10	6.48e+15
56.25	58.5	001:04:05.437 	0.0001	1e-99	2.25e-05	6.61e-10	6.28e+15
56.563	58.825	001:04:05.750 	0.0001	1e-99	2.25e-05	6.66e-10	6.78e+15
56.875	59.15	001:04:06.062 	9.3e-05	1e-99	2.25e-05	6.61e-10	6.28e+15
57.188	59.475	001:04:06.375 	8.8e-05	1e-99	2.25e-05	6.51e-10	5.28e+15
57.5	59.8	001:04:06.687 	9.6e-05	1e-99	2.25e-05	6.58e-10	5.98e+15
57.813	60.125	001:04:07.000 	0.0001	1e-99	2.25e-05	6.53e-10	5.48e+15
58.125	60.45	001:04:07.312 	9.7e-05	1e-99	2.25e-05	6.67e-10	6.88e+15
58.438	60.775	001:04:07.625 	9.2e-05	1e-99	2.25e-05	6.51e-10	5.28e+15
58.75	61.1	001:04:07.937 	9.1e-05	1e-99	2.25e-05	6.62e-10	6.38e+15
59.063	61.425	001:04:08.250 	9.5e-05	1e-99	2.25e-05	6.72e-10	7.38e+15
59.375	61.75	001:04:08.562 	9.2e-05	1e-99	2.25e-05	6.62e-10	6.38e+15
59.688	62.075	001:04:08.875 	8.7e-05	1e-99	2.25e-05	6.62e-10	6.38e+15
60.0	62.4	001:04:09.187 	8.9e-05	1e-99	2.26e-05	6.76e-10	7.78e+15
60.313	62.725	001:04:09.500 	9.7e-05	1e-99	2.25e-05	6.69e-10	7.08e+15
60.625	63.05	001:04:09.812 	9.4e-05	1e-99	2.26e-05	6.67e-10	6.88e+15
60.938	63.375	001:04:10.125 	9e-05	1e-99	2.26e-05	6.62e-10	6.38e+15
61.25	63.7	001:04:10.437 	8.9e-05	1e-99	2.25e-05	6.53e-10	5.48e+15
61.563	64.025	001:04:10.750 	0.0001	1e-99	2.25e-05	6.59e-10	6.08e+15
61.875	64.35	001:04:11.062 	9.8e-05	1e-99	2.25e-05	6.5e-10	5.18e+15
62.188	64.675	001:04:11.375 	9.1e-05	1e-99	2.25e-05	6.61e-10	6.28e+15
62.5	65.0	001:04:11.687 	9e-05	1e-99	2.25e-05	6.57e-10	5.88e+15
62.813	65.325	001:04:12.000 	9.3e-05	1e-99	2.25e-05	6.58e-10	5.98e+15
63.125	65.65	001:04:12.312 	9.3e-05	1e-99	2.25e-05	6.71e-10	7.28e+15
63.438	65.975	001:04:12.625 	8.8e-05	1e-99	2.25e-05	6.6e-10	6.18e+15
63.75	66.3	001:04:12.937 	9.5e-05	1e-99	2.25e-05	6.58e-10	5.98e+15
64.063	66.625	001:04:13.250 	0.0001	1e-99	2.25e-05	6.57e-10	5.88e+15
64.375	66.95	001:04:13.562 	9.5e-05	1e-99	2.25e-05	6.49e-10	5.08e+15
64.688	67.275	001:04:13.875 	8.7e-05	1e-99	2.25e-05	6.56e-10	5.78e+15
65.0	67.6	001:04:14.187 	9.6e-05	1e-99	2.25e-05	6.57e-10	5.88e+15
65.313	67.925	001:04:14.500 	9e-05	1e-99	2.25e-05	6.51e-10	5.28e+15
65.625	68.25	001:04:14.812 	9e-05	1e-99	2.25e-05	6.61e-10	6.28e+15
65.938	68.575	001:04:15.125 	9.5e-05	1e-99	2.25e-05	6.62e-10	6.38e+15
66.25	68.9	001:04:15.437 	9.5e-05	1e-99	2.25e-05	6.5e-10	5.18e+15
66.563	69.225	001:04:15.750 	9e-05	1e-99	2.25e-05	6.53e-10	5.48e+15
66.875	69.55	001:04:16.062 	8.8e-05	1e-99	2.25e-05	6.5e-10	5.18e+15
67.188	69.875	001:04:16.375 	9.7e-05	1e-99	2.25e-05	6.51e-10	5.28e+15
67.5	70.2	001:04:16.687 	0.0001	1e-99	2.25e-05	6.54e-10	5.58e+15
67.813	70.525	001:04:17.000 	9.3e-05	1e-99	2.25e-05	6.53e-10	5.48e+15
68.125	70.85	001:04:17.312 	0.0001	1e-99	2.25e-05	6.51e-10	5.28e+15
68.438	71.175	001:04:17.625 	0.00022	1e-99	2.25e-05	6.5e-10	5.18e+15
68.75	71.5	001:04:17.937 	9.6e-05	1e-99	2.25e-05	6.53e-10	5.48e+15
69.063	71.825	001:04:18.250 	9.1e-05	1e-99	2.25e-05	6.54e-10	5.58e+15
69.375	72.15	001:04:18.562 	9.1e-05	1e-99	2.25e-05	6.54e-10	5.58e+15
69.688	72.475	001:04:18.875 	9.5e-05	1e-99	2.25e-05	6.48e-10	4.98e+15
70.0	72.8	001:04:19.187 	9.5e-05	1e-99	2.25e-05	6.64e-10	6.58e+15
70.313	73.125	001:04:19.500 	9.1e-05	1e-99	2.25e-05	6.52e-10	5.38e+15
70.625	73.45	001:04:19.812 	8.7e-05	1e-99	2.25e-05	6.62e-10	6.38e+15
70.938	73.775	001:04:20.125 	0.0001	1e-99	2.25e-05	6.56e-10	5.78e+15
71.25	74.1	001:04:20.437 	7.6e-07	1e-99	2.25e-05	6.51e-10	5.28e+15
71.563	74.425	001:04:20.750 	1.8e-08	1e-99	2.25e-05	6.6e-10	6.18e+15
71.875	74.75	001:04:21.062 	1.7e-08	1e-99	2.25e-05	6.44e-10	4.58e+15
72.188	75.075	001:04:21.375 	1.8e-08	1e-99	2.25e-05	6.63e-10	6.48e+15
72.5	75.4	001:04:21.687 	1.8e-08	1e-99	2.24e-05	6.6e-10	6.18e+15
72.813	75.725	001:04:22.000 	1.7e-08	1e-99	2.25e-05	6.6e-10	6.18e+15
73.125	76.05	001:04:22.312 	1.8e-08	1e-99	2.25e-05	6.5e-10	5.18e+15
73.438	76.375	001:04:22.625 	1.8e-08	1e-99	2.25e-05	6.56e-10	5.78e+15
73.75	76.7	001:04:22.937 	1.7e-08	1e-99	2.25e-05	6.54e-10	5.58e+15
74.063	77.025	001:04:23.250 	1.8e-08	1e-99	2.25e-05	6.46e-10	4.78e+15
74.375	77.35	001:04:23.562 	1.7e-08	1e-99	2.25e-05	6.49e-10	5.08e+15
74.688	77.675	001:04:23.875 	1.8e-08	1e-99	2.25e-05	6.47e-10	4.88e+15
75.0	78.0	001:04:24.187 	1.8e-08	1e-99	2.25e-05	6.5e-10	5.18e+15
75.313	78.325	001:04:24.500 	1.8e-08	1e-99	2.25e-05	6.44e-10	4.58e+15
75.625	78.65	001:04:24.812 	1.8e-08	1e-99	2.25e-05	6.43e-10	4.48e+15
75.938	78.975	001:04:25.125 	1.8e-08	1e-99	2.25e-05	6.47e-10	4.88e+15
76.25	79.3	001:04:25.437 	1.8e-08	1e-99	2.25e-05	6.52e-10	5.38e+15
76.563	79.625	001:04:25.750 	1.8e-08	1e-99	2.25e-05	6.5e-10	5.18e+15
76.875	79.95	001:04:26.062 	1.7e-08	1e-99	2.25e-05	6.62e-10	6.38e+15
77.188	80.275	001:04:26.375 	1.7e-08	1e-99	2.25e-05	6.46e-10	4.78e+15
77.5	80.6	001:04:26.687 	1.8e-08	1e-99	2.25e-05	6.49e-10	5.08e+15
77.813	80.925	001:04:27.000 	1.8e-08	1e-99	2.25e-05	6.59e-10	6.08e+15
78.125	81.25	001:04:27.312 	1.7e-08	1e-99	2.25e-05	6.54e-10	5.58e+15
78.438	81.575	001:04:27.625 	1.7e-08	1e-99	2.25e-05	6.5e-10	5.18e+15
78.75	81.9	001:04:27.937 	1.8e-08	1e-99	2.25e-05	6.47e-10	4.88e+15
79.063	82.225	001:04:28.250 	1.8e-08	1e-99	2.25e-05	6.5e-10	5.18e+15
79.375	82.55	001:04:28.562 	1.8e-08	1e-99	2.25e-05	6.37e-10	3.88e+15
79.688	82.875	001:04:28.875 	1.8e-08	1e-99	2.25e-05	6.33e-10	3.48e+15
80.0	83.2	001:04:29.187 	1.8e-08	1e-99	2.25e-05	6.47e-10	4.88e+15
80.313	83.525	001:04:29.500 	1.8e-08	1e-99	2.25e-05	6.44e-10	4.58e+15
80.625	83.85	001:04:29.812 	1.7e-08	1e-99	2.25e-05	6.4e-10	4.18e+15
80.938	84.175	001:04:30.125 	1.7e-08	1e-99	2.25e-05	6.52e-10	5.38e+15
81.25	84.5	001:04:30.437 	1.8e-08	1e-99	2.25e-05	6.43e-10	4.48e+15
81.563	84.825	001:04:30.750 	1.8e-08	1e-99	2.25e-05	6.45e-10	4.68e+15
81.875	85.15	001:04:31.062 	1.7e-08	1e-99	2.25e-05	6.5e-10	5.18e+15
82.188	85.475	001:04:31.375 	1.7e-08	1e-99	2.25e-05	6.4e-10	4.18e+15
82.5	85.8	001:04:31.687 	1.8e-08	1e-99	2.25e-05	6.44e-10	4.58e+15
82.813	86.125	001:04:32.000 	1.8e-08	1e-99	2.25e-05	6.38e-10	3.98e+15
83.125	86.45	001:04:32.312 	1.8e-08	1e-99	2.25e-05	6.28e-10	2.98e+15
83.438	86.775	001:04:32.625 	1.8e-08	1e-99	2.25e-05	6.41e-10	4.28e+15
83.75	87.1	001:04:32.937 	1.8e-08	1e-99	2.25e-05	6.39e-10	4.08e+15
84.063	87.425	001:04:33.250 	1.8e-08	1e-99	2.25e-05	6.38e-10	3.98e+15
84.375	87.75	001:04:33.562 	1.7e-08	1e-99	2.25e-05	6.4e-10	4.18e+15
84.688	88.075	001:04:33.875 	1.8e-08	1e-99	2.25e-05	6.47e-10	4.88e+15
85.0	88.4	001:04:34.187 	1.8e-08	1e-99	2.25e-05	6.44e-10	4.58e+15
85.313	88.725	001:04:34.500 	1.8e-08	1e-99	2.25e-05	6.42e-10	4.38e+15
85.625	89.05	001:04:34.812 	1.7e-08	1e-99	2.25e-05	6.37e-10	3.88e+15
85.938	89.375	001:04:35.125 	1.8e-08	1e-99	2.25e-05	6.45e-10	4.68e+15
86.25	89.7	001:04:35.437 	1.8e-08	1e-99	2.25e-05	6.36e-10	3.78e+15
86.563	90.025	001:04:35.750 	1.8e-08	1e-99	2.25e-05	6.44e-10	4.58e+15
86.875	90.35	001:04:36.062 	1.7e-08	1e-99	2.25e-05	6.45e-10	4.68e+15
87.188	90.675	001:04:36.375 	1.8e-08	1e-99	2.24e-05	6.4e-10	4.18e+15
87.5	91.0	001:04:36.687 	1.8e-08	1e-99	2.24e-05	6.33e-10	3.48e+15
87.813	91.325	001:04:37.000 	1.7e-08	1e-99	2.24e-05	6.44e-10	4.58e+15
88.125	91.65	001:04:37.312 	1.7e-08	1e-99	2.25e-05	6.43e-10	4.48e+15
88.438	91.975	001:04:37.625 	1.8e-08	1e-99	2.25e-05	6.32e-10	3.38e+15
88.75	92.3	001:04:37.937 	1.8e-08	1e-99	2.24e-05	6.37e-10	3.88e+15
89.063	92.625	001:04:38.250 	1.8e-08	1e-99	2.24e-05	6.44e-10	4.58e+15
89.375	92.95	001:04:38.562 	1.7e-08	1e-99	2.25e-05	6.33e-10	3.48e+15
89.688	93.275	001:04:38.875 	1.8e-08	1e-99	2.25e-05	6.35e-10	3.68e+15
90.0	93.6	001:04:39.187 	1.8e-08	1e-99	2.25e-05	6.43e-10	4.48e+15
90.313	93.925	001:04:39.500 	1.8e-08	1e-99	2.25e-05	6.34e-10	3.58e+15
90.625	94.25	001:04:39.812 	1.8e-08	1e-99	2.25e-05	6.44e-10	4.58e+15
90.938	94.575	001:04:40.125 	1.8e-08	1e-99	2.25e-05	6.39e-10	4.08e+15
91.25	94.9	001:04:40.437 	1.8e-08	1e-99	2.25e-05	6.34e-10	3.58e+15
91.563	95.225	001:04:40.750 	1.7e-08	1e-99	2.25e-05	6.36e-10	3.78e+15
91.875	95.55	001:04:41.062 	1.7e-08	1e-99	2.25e-05	6.32e-10	3.38e+15
92.188	95.875	001:04:41.375 	1.8e-08	1e-99	2.25e-05	6.36e-10	3.78e+15
92.5	96.2	001:04:41.687 	1.8e-08	1e-99	2.25e-05	6.23e-10	2.48e+15
92.813	96.525	001:04:42.000 	1.8e-08	1e-99	2.25e-05	6.25e-10	2.68e+15
93.125	96.85	001:04:42.312 	1.8e-08	1e-99	2.25e-05	6.38e-10	3.98e+15
93.438	97.175	001:04:42.625 	1.7e-08	1e-99	2.25e-05	6.25e-10	2.68e+15
93.75	97.5	001:04:42.937 	1.8e-08	1e-99	2.25e-05	6.26e-10	2.78e+15
94.063	97.825	001:04:43.250 	1.8e-08	1e-99	2.25e-05	6.38e-10	3.98e+15
94.375	98.15	001:04:43.562 	1.7e-08	1e-99	2.25e-05	6.26e-10	2.78e+15
94.688	98.475	001:04:43.875 	1.7e-08	1e-99	2.25e-05	6.27e-10	2.88e+15
95.0	98.8	001:04:44.187 	1.8e-08	1e-99	2.24e-05	6.28e-10	2.98e+15
95.313	99.125	001:04:44.500 	1.8e-08	1e-99	2.25e-05	6.33e-10	3.48e+15
95.625	99.45	001:04:44.812 	1.8e-08	1e-99	2.24e-05	6.26e-10	2.78e+15
95.938	99.775	001:04:45.125 	1.7e-08	1e-99	2.24e-05	6.35e-10	3.68e+15
96.25	100.1	001:04:45.437 	1.8e-08	1e-99	2.24e-05	6.29e-10	3.08e+15
96.563	100.425	001:04:45.750 	1.8e-08	1e-99	2.24e-05	6.31e-10	3.28e+15
96.875	100.75	001:04:46.062 	1.7e-08	1e-99	2.24e-05	6.31e-10	3.28e+15
97.188	101.075	001:04:46.375 	1.7e-08	1e-99	2.24e-05	6.28e-10	2.98e+15
97.5	101.4	001:04:46.687 	1.8e-08	1e-99	2.24e-05	6.29e-10	3.08e+15
97.813	101.725	001:04:47.000 	1.8e-08	1e-99	2.24e-05	6.13e-10	1.48e+15
98.125	102.05	001:04:47.312 	1.7e-08	1e-99	2.25e-05	6.17e-10	1.88e+15
98.438	102.375	001:04:47.625 	1.7e-08	1e-99	2.25e-05	6.15e-10	1.68e+15
98.75	102.7	001:04:47.937 	1.7e-08	1e-99	2.25e-05	6.31e-10	3.28e+15
99.063	103.025	001:04:48.250 	1.8e-08	1e-99	2.25e-05	6.18e-10	1.98e+15
99.375	103.35	001:04:48.562 	1.8e-08	1e-99	2.25e-05	6.26e-10	2.78e+15
99.688	103.675	001:04:48.875 	1.7e-08	1e-99	2.25e-05	6.28e-10	2.98e+15
100.0	104.0	001:04:49.187 	1.7e-08	1e-99	2.25e-05	6.28e-10	2.98e+15
100.313	104.325	001:04:49.500 	1.8e-08	1e-99	2.25e-05	6.16e-10	1.78e+15
100.625	104.65	001:04:49.812 	1.8e-08	1e-99	2.25e-05	6.17e-10	1.88e+15
100.938	104.975	001:04:50.125 	1.8e-08	1e-99	2.25e-05	6.26e-10	2.78e+15
101.25	105.3	001:04:50.437 	1.8e-08	1e-99	2.25e-05	6.23e-10	2.48e+15
101.563	105.625	001:04:50.750 	1.7e-08	1e-99	2.25e-05	6.21e-10	2.28e+15
101.875	105.95	001:04:51.062 	1.7e-08	1e-99	2.25e-05	6.16e-10	1.78e+15
102.188	106.275	001:04:51.375 	1.8e-08	1e-99	2.25e-05	6.18e-10	1.98e+15
102.5	106.6	001:04:51.687 	1.8e-08	1e-99	2.25e-05	6.15e-10	1.68e+15
102.813	106.925	001:04:52.000 	1.8e-08	1e-99	2.24e-05	6.19e-10	2.08e+15
103.125	107.25	001:04:52.312 	1.8e-08	1e-99	2.25e-05	6.22e-10	2.38e+15
103.438	107.575	001:04:52.625 	1.8e-08	1e-99	2.24e-05	6.18e-10	1.98e+15
103.75	107.9	001:04:52.937 	1.8e-08	1e-99	2.24e-05	6.13e-10	1.48e+15
104.063	108.225	001:04:53.250 	1.8e-08	1e-99	2.24e-05	6.21e-10	2.28e+15
104.375	108.55	001:04:53.562 	1.7e-08	1e-99	2.24e-05	6.16e-10	1.78e+15
104.688	108.875	001:04:53.875 	1.7e-08	1e-99	2.24e-05	6.16e-10	1.78e+15
105.0	109.2	001:04:54.187 	1.8e-08	1e-99	2.25e-05	6.15e-10	1.68e+15
105.313	109.525	001:04:54.500 	1.8e-08	1e-99	2.25e-05	6.16e-10	1.78e+15
105.625	109.85	001:04:54.812 	1.8e-08	1e-99	2.25e-05	6.19e-10	2.08e+15
105.938	110.175	001:04:55.125 	1.8e-08	1e-99	2.25e-05	6.19e-10	2.08e+15
106.25	110.5	001:04:55.437 	1.7e-08	1e-99	2.25e-05	6.16e-10	1.78e+15
106.563	110.825	001:04:55.750 	1.9e-08	1e-99	2.25e-05	6.18e-10	1.98e+15
106.875	111.15	001:04:56.062 	1.8e-08	1e-99	2.25e-05	6.07e-10	8.8e+14
107.188	111.475	001:04:56.375 	1.8e-08	1e-99	2.25e-05	6.27e-10	2.88e+15
107.5	111.8	001:04:56.687 	1.8e-08	1e-99	2.25e-05	6.23e-10	2.48e+15
107.813	112.125	001:04:57.000 	1.8e-08	1e-99	2.25e-05	6.17e-10	1.88e+15
108.125	112.45	001:04:57.312 	1.8e-08	1e-99	2.25e-05	6.14e-10	1.58e+15
108.438	112.775	001:04:57.625 	1.8e-08	1e-99	2.25e-05	6.09e-10	1.08e+15
108.75	113.1	001:04:57.937 	1.8e-08	1e-99	2.25e-05	6.15e-10	1.68e+15
109.063	113.425	001:04:58.250 	1.7e-08	1e-99	2.25e-05	6.13e-10	1.48e+15
109.375	113.75	001:04:58.562 	1.8e-08	1e-99	2.25e-05	6.2e-10	2.18e+15
109.688	114.075	001:04:58.875 	1.8e-08	1e-99	2.24e-05	6.11e-10	1.28e+15
110.0	114.4	001:04:59.187 	1.8e-08	1e-99	2.24e-05	6.04e-10	5.8e+14
110.313	114.725	001:04:59.500 	1.7e-08	1e-99	2.24e-05	6.09e-10	1.08e+15
110.625	115.05	001:04:59.812 	1.7e-08	1e-99	2.24e-05	6.07e-10	8.8e+14
110.938	115.375	001:05:00.125 	1.8e-08	1e-99	2.24e-05	6.01e-10	2.8e+14
111.25	115.7	001:05:00.437 	1.8e-08	1e-99	2.24e-05	6.18e-10	1.98e+15
111.563	116.025	001:05:00.750 	1.8e-08	1e-99	2.24e-05	6.18e-10	1.98e+15
111.875	116.35	001:05:01.062 	1.8e-08	1e-99	2.25e-05	6.05e-10	6.8e+14
112.188	116.675	001:05:01.375 	1.7e-08	1e-99	2.25e-05	6.16e-10	1.78e+15
112.5	117.0	001:05:01.687 	1.8e-08	1e-99	2.25e-05	6.05e-10	6.8e+14
112.813	117.325	001:05:02.000 	1.8e-08	1e-99	2.25e-05	6e-10	1.8e+14
113.125	117.65	001:05:02.312 	1.7e-08	1e-99	2.25e-05	6e-10	1.8e+14
113.438	117.975	001:05:02.625 	1.7e-08	1e-99	2.25e-05	6e-10	1.8e+14
113.75	118.3	001:05:02.937 	1.8e-08	1e-99	2.25e-05	6.07e-10	8.8e+14
114.063	118.625	001:05:03.250 	1.8e-08	1e-99	2.25e-05	6.02e-10	3.8e+14
114.375	118.95	001:05:03.562 	1.7e-08	1e-99	2.25e-05	6.09e-10	1.08e+15
114.688	119.275	001:05:03.875 	1.7e-08	1e-99	2.25e-05	6.07e-10	8.8e+14
115.0	119.6	001:05:04.187 	1.7e-08	1e-99	2.25e-05	6e-10	1.8e+14
115.313	119.925	001:05:04.500 	1.8e-08	1e-99	2.25e-05	6.06e-10	7.8e+14
115.625	120.25	001:05:04.812 	1.8e-08	1e-99	2.25e-05	5.98e-10	-2e+13
115.938	120.575	001:05:05.125 	1.8e-08	1e-99	2.24e-05	5.98e-10	-2e+13
116.25	120.9	001:05:05.437 	1.7e-08	1e-99	2.24e-05	5.99e-10	8e+13
116.563	121.225	001:05:05.750 	1.8e-08	1e-99	2.24e-05	6.13e-10	1.48e+15
116.875	121.55	001:05:06.062 	1.8e-08	1e-99	2.24e-05	5.98e-10	-2e+13
117.188	121.875	001:05:06.375 	1.8e-08	1e-99	2.24e-05	6.07e-10	8.8e+14
117.5	122.2	001:05:06.687 	1.7e-08	1e-99	2.24e-05	6.05e-10	6.8e+14
117.813	122.525	001:05:07.000 	1.7e-08	1e-99	2.24e-05	6.01e-10	2.8e+14
118.125	122.85	001:05:07.312 	1.8e-08	1e-99	2.24e-05	6.11e-10	1.28e+15
118.438	123.175	001:05:07.625 	1.8e-08	1e-99	2.24e-05	5.95e-10	-3.2e+14
118.75	123.5	001:05:07.937 	1.7e-08	1e-99	2.25e-05	5.93e-10	-5.2e+14
119.063	123.825	001:05:08.250 	1.7e-08	1e-99	2.25e-05	5.96e-10	-2.2e+14
119.375	124.15	001:05:08.562 	1.7e-08	1e-99	2.25e-05	5.97e-10	-1.2e+14
119.688	124.475	001:05:08.875 	1.8e-08	1e-99	2.25e-05	5.96e-10	-2.2e+14
120.0	124.8	001:05:09.187 	1.7e-08	1e-99	2.25e-05	6.02e-10	3.8e+14
120.313	125.125	001:05:09.500 	1.7e-08	1e-99	2.25e-05	6.11e-10	1.28e+15
120.625	125.45	001:05:09.812 	1.7e-08	1e-99	2.25e-05	5.94e-10	-4.2e+14
120.938	125.775	001:05:10.125 	1.8e-08	1e-99	2.25e-05	6.03e-10	4.8e+14
121.25	126.1	001:05:10.437 	1.8e-08	1e-99	2.25e-05	5.94e-10	-4.2e+14
121.563	126.425	001:05:10.750 	1.7e-08	1e-99	2.25e-05	5.96e-10	-2.2e+14
121.875	126.75	001:05:11.062 	1.7e-08	1e-99	2.25e-05	5.91e-10	-7.2e+14
122.188	127.075	001:05:11.375 	1.8e-08	1e-99	2.25e-05	5.96e-10	-2.2e+14
122.5	127.4	001:05:11.687 	1.8e-08	1e-99	2.25e-05	5.86e-10	-1.22e+15
122.813	127.725	001:05:12.000 	1.8e-08	1e-99	2.25e-05	5.98e-10	-2e+13
123.125	128.05	001:05:12.312 	1.8e-08	1e-99	2.24e-05	5.92e-10	-6.2e+14
123.438	128.375	001:05:12.625 	1.8e-08	1e-99	2.24e-05	6e-10	1.8e+14
123.75	128.7	001:05:12.937 	1.8e-08	1e-99	2.24e-05	5.97e-10	-1.2e+14
124.063	129.025	001:05:13.250 	1.7e-08	1e-99	2.24e-05	5.92e-10	-6.2e+14
124.375	129.35	001:05:13.562 	1.7e-08	1e-99	2.24e-05	5.89e-10	-9.2e+14
124.688	129.675	001:05:13.875 	1.8e-08	1e-99	2.24e-05	5.95e-10	-3.2e+14
125.016	130.0	001:05:14.203 	1.8e-08	1e-99	2.24e-05	5.91e-10	-7.2e+14
125.313	130.325	001:05:14.500 	1.8e-08	1e-99	2.24e-05	5.87e-10	-1.12e+15
125.625	130.65	001:05:14.812 	1.8e-08	1e-99	2.24e-05	5.99e-10	8e+13
125.938	130.975	001:05:15.125 	1.7e-08	1e-99	2.24e-05	5.96e-10	-2.2e+14
126.25	131.3	001:05:15.437 	1.8e-08	1e-99	2.25e-05	5.96e-10	-2.2e+14
126.563	131.625	001:05:15.750 	1.8e-08	1e-99	2.25e-05	6e-10	1.8e+14
126.875	131.95	001:05:16.062 	1.7e-08	1e-99	2.25e-05	5.84e-10	-1.42e+15
127.188	132.275	001:05:16.375 	1.7e-08	1e-99	2.25e-05	5.9e-10	-8.2e+14
127.5	132.6	001:05:16.687 	1.7e-08	1e-99	2.25e-05	6.01e-10	2.8e+14
127.813	132.925	001:05:17.000 	1.8e-08	1e-99	2.25e-05	5.87e-10	-1.12e+15
128.125	133.25	001:05:17.312 	1.8e-08	1e-99	2.25e-05	5.94e-10	-4.2e+14
128.438	133.575	001:05:17.625 	1.8e-08	1e-99	2.25e-05	5.9e-10	-8.2e+14
128.75	133.9	001:05:17.937 	1.7e-08	1e-99	2.25e-05	5.94e-10	-4.2e+14
129.063	134.225	001:05:18.250 	1.8e-08	1e-99	2.25e-05	5.91e-10	-7.2e+14
129.375	134.55	001:05:18.562 	1.8e-08	1e-99	2.24e-05	5.85e-10	-1.32e+15
129.688	134.875	001:05:18.875 	1.8e-08	1e-99	2.24e-05	5.92e-10	-6.2e+14
130.0	135.2	001:05:19.187 	1.8e-08	1e-99	2.25e-05	5.93e-10	-5.2e+14
130.313	135.525	001:05:19.500 	1.8e-08	1e-99	2.24e-05	5.98e-10	-2e+13
130.625	135.85	001:05:19.812 	1.8e-08	1e-99	2.24e-05	5.93e-10	-5.2e+14
130.938	136.175	001:05:20.125 	1.7e-08	1e-99	2.24e-05	5.84e-10	-1.42e+15
131.25	136.5	001:05:20.437 	1.8e-08	1e-99	2.24e-05	5.83e-10	-1.52e+15
131.563	136.825	001:05:20.750 	1.8e-08	1e-99	2.24e-05	5.88e-10	-1.02e+15
131.875	137.15	001:05:21.062 	1.8e-08	1e-99	2.24e-05	5.85e-10	-1.32e+15
132.188	137.475	001:05:21.375 	1.7e-08	1e-99	2.24e-05	5.9e-10	-8.2e+14
132.5	137.8	001:05:21.687 	1.7e-08	1e-99	2.24e-05	5.82e-10	-1.62e+15
132.813	138.125	001:05:22.000 	1.8e-08	1e-99	2.24e-05	5.83e-10	-1.52e+15
133.125	138.45	001:05:22.312 	1.8e-08	1e-99	2.25e-05	5.83e-10	-1.52e+15
133.438	138.775	001:05:22.625 	1.8e-08	1e-99	2.25e-05	5.89e-10	-9.2e+14
133.75	139.1	001:05:22.937 	1.8e-08	1e-99	2.25e-05	5.88e-10	-1.02e+15
134.063	139.425	001:05:23.250 	1.8e-08	1e-99	2.25e-05	5.81e-10	-1.72e+15
134.375	139.75	001:05:23.562 	1.7e-08	1e-99	2.25e-05	5.95e-10	-3.2e+14
134.688	140.075	001:05:23.875 	1.7e-08	1e-99	2.25e-05	5.88e-10	-1.02e+15
135.0	140.4	001:05:24.187 	1.8e-08	1e-99	2.25e-05	5.85e-10	-1.32e+15
135.313	140.725	001:05:24.500 	1.8e-08	1e-99	2.25e-05	5.85e-10	-1.32e+15
135.625	141.05	001:05:24.812 	1.8e-08	1e-99	2.25e-05	5.79e-10	-1.92e+15
135.938	141.375	001:05:25.125 	1.7e-08	1e-99	2.25e-05	5.8e-10	-1.82e+15
136.25	141.7	001:05:25.437 	1.8e-08	1e-99	2.25e-05	5.75e-10	-2.32e+15
136.563	142.025	001:05:25.750 	1.8e-08	1e-99	2.25e-05	5.73e-10	-2.52e+15
136.875	142.35	001:05:26.062 	1.8e-08	1e-99	2.24e-05	5.84e-10	-1.42e+15
137.188	142.675	001:05:26.375 	1.7e-08	1e-99	2.24e-05	5.74e-10	-2.42e+15
137.5	143.0	001:05:26.687 	1.7e-08	1e-99	2.24e-05	5.81e-10	-1.72e+15
137.813	143.325	001:05:27.000 	1.8e-08	1e-99	2.24e-05	5.87e-10	-1.12e+15
138.125	143.65	001:05:27.312 	1.8e-08	1e-99	2.24e-05	5.89e-10	-9.2e+14
138.438	143.975	001:05:27.625 	1.8e-08	1e-99	2.24e-05	5.82e-10	-1.62e+15
138.75	144.3	001:05:27.937 	1.8e-08	1e-99	2.24e-05	5.83e-10	-1.52e+15
139.063	144.625	001:05:28.250 	1.8e-08	1e-99	2.24e-05	5.87e-10	-1.12e+15
139.375	144.95	001:05:28.562 	1.8e-08	1e-99	2.24e-05	5.82e-10	-1.62e+15
139.688	145.275	001:05:28.875 	1.8e-08	1e-99	2.24e-05	5.69e-10	-2.92e+15
140.0	145.6	001:05:29.187 	1.7e-08	1e-99	2.24e-05	5.82e-10	-1.62e+15
140.313	145.925	001:05:29.500 	1.8e-08	1e-99	2.25e-05	5.73e-10	-2.52e+15
140.641	146.25	001:05:29.828 	1.8e-08	1e-99	2.25e-05	5.74e-10	-2.42e+15
140.938	146.575	001:05:30.125 	1.7e-08	1e-99	2.25e-05	5.72e-10	-2.62e+15
141.25	146.9	001:05:30.437 	1.7e-08	1e-99	2.25e-05	5.84e-10	-1.42e+15
141.563	147.225	001:05:30.750 	1.7e-08	1e-99	2.25e-05	5.78e-10	-2.02e+15
141.875	147.55	001:05:31.062 	1.8e-08	1e-99	2.25e-05	5.84e-10	-1.42e+15
142.188	147.875	001:05:31.375 	1.8e-08	1e-99	2.25e-05	5.89e-10	-9.2e+14
142.5	148.2	001:05:31.687 	1.7e-08	1e-99	2.25e-05	5.72e-10	-2.62e+15
142.813	148.525	001:05:32.000 	1.7e-08	1e-99	2.25e-05	5.78e-10	-2.02e+15
143.125	148.85	001:05:32.312 	1.8e-08	1e-99	2.24e-05	5.75e-10	-2.32e+15
143.438	149.175	001:05:32.625 	1.8e-08	1e-99	2.24e-05	5.76e-10	-2.22e+15
143.75	149.5	001:05:32.937 	1.8e-08	1e-99	2.24e-05	5.78e-10	-2.02e+15
144.063	149.825	001:05:33.250 	1.8e-08	1e-99	2.24e-05	5.67e-10	-3.12e+15
144.485	150.15	001:05:33.672 	1.8e-08	1e-99	2.24e-05	5.68e-10	-3.02e+15
144.797	150.475	001:05:33.984 	1.7e-08	1e-99	2.24e-05	5.67e-10	-3.12e+15
145.11	150.8	001:05:34.297 	1.8e-08	1e-99	2.24e-05	5.84e-10	-1.42e+15
145.422	151.125	001:05:34.609 	1.8e-08	1e-99	2.24e-05	5.81e-10	-1.72e+15
145.735	151.45	001:05:34.922 	1.7e-08	1e-99	2.24e-05	5.72e-10	-2.62e+15
146.047	151.775	001:05:35.234 	1.7e-08	1e-99	2.24e-05	5.68e-10	-3.02e+15
146.36	152.1	001:05:35.547 	1.7e-08	1e-99	2.24e-05	5.63e-10	-3.52e+15
146.672	152.425	001:05:35.859 	1.8e-08	1e-99	2.24e-05	5.69e-10	-2.92e+15
146.985	152.75	001:05:36.172 	1.7e-08	1e-99	2.24e-05	5.7e-10	-2.82e+15
147.297	153.075	001:05:36.484 	1.7e-08	1e-99	2.24e-05	5.71e-10	-2.72e+15
147.61	153.4	001:05:36.797 	1.7e-08	1e-99	2.25e-05	5.75e-10	-2.32e+15
147.922	153.725	001:05:37.109 	1.7e-08	1e-99	2.25e-05	5.7e-10	-2.82e+15
148.235	154.05	001:05:37.422 	1.7e-08	1e-99	2.25e-05	5.81e-10	-1.72e+15
148.547	154.375	001:05:37.734 	1.7e-08	1e-99	2.25e-05	5.75e-10	-2.32e+15
148.86	154.7	001:05:38.047 	1.7e-08	1e-99	2.25e-05	5.66e-10	-3.22e+15
149.172	155.025	001:05:38.359 	1.8e-08	1e-99	2.25e-05	5.76e-10	-2.22e+15
149.485	155.35	001:05:38.672 	1.8e-08	1e-99	2.25e-05	5.76e-10	-2.22e+15
149.797	155.675	001:05:38.984 	1.7e-08	1e-99	2.25e-05	5.73e-10	-2.52e+15
150.11	156.0	001:05:39.297 	1.7e-08	1e-99	2.25e-05	5.59e-10	-3.92e+15
150.422	156.325	001:05:39.609 	1.8e-08	1e-99	2.24e-05	5.77e-10	-2.12e+15
150.844	156.65	001:05:40.031 	1.7e-08	1e-99	2.24e-05	5.74e-10	-2.42e+15
151.156	156.975	001:05:40.343 	1.8e-08	1e-99	2.24e-05	5.69e-10	-2.92e+15
151.469	157.3	001:05:40.656 	1.8e-08	1e-99	2.24e-05	5.67e-10	-3.12e+15
151.781	157.625	001:05:40.968 	1.8e-08	1e-99	2.24e-05	5.69e-10	-2.92e+15
152.094	157.95	001:05:41.281 	1.8e-08	1e-99	2.24e-05	5.57e-10	-4.12e+15
152.406	158.275	001:05:41.593 	1.7e-08	1e-99	2.24e-05	5.68e-10	-3.02e+15
152.719	158.6	001:05:41.906 	1.8e-08	1e-99	2.24e-05	5.73e-10	-2.52e+15
153.031	158.925	001:05:42.218 	1.9e-08	1e-99	2.24e-05	5.71e-10	-2.72e+15
153.344	159.25	001:05:42.531 	1.8e-08	1e-99	2.24e-05	5.68e-10	-3.02e+15
153.656	159.575	001:05:42.843 	1.7e-08	1e-99	2.24e-05	5.69e-10	-2.92e+15
153.969	159.9	001:05:43.156 	1.8e-08	1e-99	2.24e-05	5.64e-10	-3.42e+15
154.281	160.225	001:05:43.468 	1.8e-08	1e-99	2.24e-05	5.56e-10	-4.22e+15
154.594	160.55	001:05:43.781 	1.7e-08	1e-99	2.25e-05	5.66e-10	-3.22e+15
154.906	160.875	001:05:44.093 	1.7e-08	1e-99	2.25e-05	5.65e-10	-3.32e+15
155.219	161.2	001:05:44.406 	1.7e-08	1e-99	2.25e-05	5.68e-10	-3.02e+15
155.531	161.525	001:05:44.718 	1.7e-08	1e-99	2.25e-05	5.6e-10	-3.82e+15
155.844	161.85	001:05:45.031 	1.8e-08	1e-99	2.25e-05	5.67e-10	-3.12e+15
156.156	162.175	001:05:45.343 	1.8e-08	1e-99	2.25e-05	5.58e-10	-4.02e+15
156.516	162.5	001:05:45.703 	1.8e-08	1e-99	2.25e-05	5.66e-10	-3.22e+15
156.781	162.825	001:05:45.968 	1.7e-08	1e-99	2.24e-05	5.66e-10	-3.22e+15
157.094	163.15	001:05:46.281 	1.8e-08	1e-99	2.25e-05	5.57e-10	-4.12e+15
157.406	163.475	001:05:46.593 	1.8e-08	1e-99	2.24e-05	5.59e-10	-3.92e+15
157.719	163.8	001:05:46.906 	1.8e-08	1e-99	2.24e-05	5.67e-10	-3.12e+15
158.031	164.125	001:05:47.218 	1.7e-08	1e-99	2.24e-05	5.61e-10	-3.72e+15
158.344	164.45	001:05:47.531 	1.7e-08	1e-99	2.24e-05	5.63e-10	-3.52e+15
158.656	164.775	001:05:47.843 	1.8e-08	1e-99	2.24e-05	5.63e-10	-3.52e+15
158.969	165.1	001:05:48.156 	1.8e-08	1e-99	2.24e-05	5.63e-10	-3.52e+15
159.281	165.425	001:05:48.468 	1.7e-08	1e-99	2.24e-05	5.67e-10	-3.12e+15
159.594	165.75	001:05:48.781 	1.6e-08	1e-99	2.24e-05	5.61e-10	-3.72e+15
159.906	166.075	001:05:49.093 	1.8e-08	1e-99	2.24e-05	5.65e-10	-3.32e+15
160.219	166.4	001:05:49.406 	1.8e-08	1e-99	2.24e-05	5.68e-10	-3.02e+15
160.531	166.725	001:05:49.718 	1.7e-08	1e-99	2.24e-05	5.58e-10	-4.02e+15
160.844	167.05	001:05:50.031 	1.8e-08	1e-99	2.24e-05	5.51e-10	-4.72e+15
161.156	167.375	001:05:50.343 	1.8e-08	1e-99	2.24e-05	5.49e-10	-4.92e+15
161.516	167.7	001:05:50.703 	1.8e-08	1e-99	2.24e-05	5.51e-10	-4.72e+15
161.781	168.025	001:05:50.968 	1.8e-08	1e-99	2.25e-05	5.53e-10	-4.52e+15
162.094	168.35	001:05:51.281 	1.7e-08	1e-99	2.25e-05	5.57e-10	-4.12e+15
162.406	168.675	001:05:51.593 	1.7e-08	1e-99	2.25e-05	5.7e-10	-2.82e+15
162.766	169.0	001:05:51.953 	1.8e-08	1e-99	2.25e-05	5.56e-10	-4.22e+15
163.031	169.325	001:05:52.218 	1.8e-08	1e-99	2.25e-05	5.68e-10	-3.02e+15
163.344	169.65	001:05:52.531 	1.7e-08	1e-99	2.25e-05	5.61e-10	-3.72e+15
163.656	169.975	001:05:52.843 	1.8e-08	1e-99	2.25e-05	5.63e-10	-3.52e+15
163.969	170.3	001:05:53.156 	1.8e-08	1e-99	2.24e-05	5.56e-10	-4.22e+15
164.281	170.625	001:05:53.468 	1.8e-08	1e-99	2.24e-05	5.52e-10	-4.62e+15
164.594	170.95	001:05:53.781 	1.7e-08	1e-99	2.24e-05	5.55e-10	-4.32e+15
164.906	171.275	001:05:54.093 	1.7e-08	1e-99	2.24e-05	5.62e-10	-3.62e+15
165.219	171.6	001:05:54.406 	1.7e-08	1e-99	2.24e-05	5.6e-10	-3.82e+15
165.531	171.925	001:05:54.718 	1.8e-08	1e-99	2.24e-05	5.57e-10	-4.12e+15
165.844	172.25	001:05:55.031 	1.8e-08	1e-99	2.24e-05	5.61e-10	-3.72e+15
166.156	172.575	001:05:55.343 	1.8e-08	1e-99	2.24e-05	5.49e-10	-4.92e+15
166.469	172.9	001:05:55.656 	1.8e-08	1e-99	2.24e-05	5.63e-10	-3.52e+15
166.781	173.225	001:05:55.968 	1.7e-08	1e-99	2.24e-05	5.55e-10	-4.32e+15
167.094	173.55	001:05:56.281 	1.7e-08	1e-99	2.24e-05	5.59e-10	-3.92e+15
167.406	173.875	001:05:56.593 	1.7e-08	1e-99	2.24e-05	5.57e-10	-4.12e+15
167.766	174.2	001:05:56.953 	1.8e-08	1e-99	2.24e-05	5.63e-10	-3.52e+15
168.031	174.525	001:05:57.218 	1.8e-08	1e-99	2.24e-05	5.5e-10	-4.82e+15
168.344	174.85	001:05:57.531 	1.7e-08	1e-99	2.24e-05	5.57e-10	-4.12e+15
168.656	175.175	001:05:57.843 	1.7e-08	1e-99	2.24e-05	5.45e-10	-5.32e+15
169.016	175.5	001:05:58.203 	1.8e-08	1e-99	2.25e-05	5.52e-10	-4.62e+15
169.281	175.825	001:05:58.468 	1.8e-08	1e-99	2.25e-05	5.49e-10	-4.92e+15
169.594	176.15	001:05:58.781 	1.8e-08	1e-99	2.25e-05	5.43e-10	-5.52e+15
169.906	176.475	001:05:59.093 	1.8e-08	1e-99	2.25e-05	5.49e-10	-4.92e+15
170.219	176.8	001:05:59.406 	1.7e-08	1e-99	2.24e-05	5.5e-10	-4.82e+15
170.531	177.125	001:05:59.718 	1.7e-08	1e-99	2.25e-05	5.55e-10	-4.32e+15
170.844	177.45	001:06:00.031 	1.8e-08	1e-99	2.24e-05	5.48e-10	-5.02e+15
171.156	177.775	001:06:00.343 	1.8e-08	1e-99	2.24e-05	5.45e-10	-5.32e+15
171.469	178.1	001:06:00.656 	1.7e-08	1e-99	2.24e-05	5.58e-10	-4.02e+15
171.781	178.425	001:06:00.968 	1.7e-08	1e-99	2.24e-05	5.57e-10	-4.12e+15
172.094	178.75	001:06:01.281 	1.8e-08	1e-99	2.24e-05	5.45e-10	-5.32e+15
172.406	179.075	001:06:01.593 	1.8e-08	1e-99	2.24e-05	5.54e-10	-4.42e+15
172.719	179.4	001:06:01.906 	1.7e-08	1e-99	2.24e-05	5.44e-10	-5.42e+15
173.031	179.725	001:06:02.218 	1.7e-08	1e-99	2.24e-05	5.58e-10	-4.02e+15
173.344	180.05	001:06:02.531 	1.7e-08	1e-99	2.24e-05	5.49e-10	-4.92e+15
173.656	180.375	001:06:02.843 	1.8e-08	1e-99	2.24e-05	5.52e-10	-4.62e+15
174.016	180.7	001:06:03.203 	1.7e-08	1e-99	2.24e-05	5.49e-10	-4.92e+15
174.281	181.025	001:06:03.468 	1.7e-08	1e-99	2.24e-05	5.4e-10	-5.82e+15
174.594	181.35	001:06:03.781 	1.7e-08	1e-99	2.24e-05	5.56e-10	-4.22e+15
174.906	181.675	001:06:04.093 	1.8e-08	1e-99	2.24e-05	5.45e-10	-5.32e+15
175.266	182.0	001:06:04.453 	1.8e-08	1e-99	2.24e-05	5.41e-10	-5.72e+15
175.531	182.325	001:06:04.718 	1.7e-08	1e-99	2.24e-05	5.55e-10	-4.32e+15
175.844	182.65	001:06:05.031 	1.8e-08	1e-99	2.24e-05	5.47e-10	-5.12e+15
176.156	182.975	001:06:05.343 	1.8e-08	1e-99	2.24e-05	5.35e-10	-6.32e+15
176.469	183.3	001:06:05.656 	1.8e-08	1e-99	2.25e-05	5.4e-10	-5.82e+15
176.781	183.625	001:06:05.968 	1.8e-08	1e-99	2.25e-05	5.5e-10	-4.82e+15
177.094	183.95	001:06:06.281 	1.8e-08	1e-99	2.25e-05	5.49e-10	-4.92e+15
177.406	184.275	001:06:06.593 	1.8e-08	1e-99	2.25e-05	5.46e-10	-5.22e+15
177.719	184.6	001:06:06.906 	1.8e-08	1e-99	2.24e-05	5.52e-10	-4.62e+15
178.031	184.925	001:06:07.218 	1.7e-08	1e-99	2.24e-05	5.46e-10	-5.22e+15
178.344	185.25	001:06:07.531 	1.8e-08	1e-99	2.24e-05	5.49e-10	-4.92e+15
178.656	185.575	001:06:07.843 	1.7e-08	1e-99	2.24e-05	5.44e-10	-5.42e+15
178.969	185.9	001:06:08.156 	1.7e-08	1e-99	2.24e-05	5.47e-10	-5.12e+15
179.281	186.225	001:06:08.468 	1.8e-08	1e-99	2.24e-05	5.43e-10	-5.52e+15
179.594	186.55	001:06:08.781 	1.8e-08	1e-99	2.24e-05	5.56e-10	-4.22e+15
179.906	186.875	001:06:09.093 	1.7e-08	1e-99	2.24e-05	5.47e-10	-5.12e+15
180.266	187.2	001:06:09.453 	1.6e-08	1e-99	2.24e-05	5.49e-10	-4.92e+15
180.531	187.525	001:06:09.718 	1.7e-08	1e-99	2.24e-05	5.45e-10	-5.32e+15
180.844	187.85	001:06:10.031 	1.8e-08	1e-99	2.24e-05	5.48e-10	-5.02e+15
181.156	188.175	001:06:10.343 	1.8e-08	1e-99	2.24e-05	5.51e-10	-4.72e+15
181.469	188.5	001:06:10.656 	1.8e-08	1e-99	2.24e-05	5.48e-10	-5.02e+15
181.781	188.825	001:06:10.968 	1.8e-08	1e-99	2.24e-05	5.49e-10	-4.92e+15
182.094	189.15	001:06:11.281 	1.8e-08	1e-99	2.24e-05	5.45e-10	-5.32e+15
182.406	189.475	001:06:11.593 	1.8e-08	1e-99	2.24e-05	5.49e-10	-4.92e+15
182.719	189.8	001:06:11.906 	1.7e-08	1e-99	2.24e-05	5.45e-10	-5.32e+15
183.031	190.125	001:06:12.218 	1.7e-08	1e-99	2.24e-05	5.48e-10	-5.02e+15
183.344	190.45	001:06:12.531 	1.8e-08	1e-99	2.24e-05	5.39e-10	-5.92e+15
183.656	190.775	001:06:12.843 	1.8e-08	1e-99	2.24e-05	5.44e-10	-5.42e+15
183.969	191.1	001:06:13.156 	1.8e-08	1e-99	2.24e-05	5.37e-10	-6.12e+15
184.281	191.425	001:06:13.468 	1.7e-08	1e-99	2.25e-05	5.44e-10	-5.42e+15
184.594	191.75	001:06:13.781 	1.7e-08	1e-99	2.25e-05	5.3e-10	-6.82e+15
184.906	192.075	001:06:14.093 	1.8e-08	1e-99	2.24e-05	5.35e-10	-6.32e+15
185.219	192.4	001:06:14.406 	1.8e-08	1e-99	2.25e-05	5.41e-10	-5.72e+15
185.531	192.725	001:06:14.718 	1.8e-08	1e-99	2.25e-05	5.4e-10	-5.82e+15
185.844	193.05	001:06:15.031 	1.7e-08	1e-99	2.25e-05	5.37e-10	-6.12e+15
186.156	193.375	001:06:15.343 	1.8e-08	1e-99	2.24e-05	5.44e-10	-5.42e+15
186.469	193.7	001:06:15.656 	1.8e-08	1e-99	2.24e-05	5.44e-10	-5.42e+15
186.781	194.025	001:06:15.968 	1.7e-08	1e-99	2.24e-05	5.37e-10	-6.12e+15
187.094	194.35	001:06:16.281 	1.7e-08	1e-99	2.24e-05	5.38e-10	-6.02e+15
187.406	194.675	001:06:16.593 	1.8e-08	1e-99	2.24e-05	5.45e-10	-5.32e+15
187.719	195.0	001:06:16.906 	1.8e-08	1e-99	2.24e-05	5.42e-10	-5.62e+15
188.031	195.325	001:06:17.218 	1.7e-08	1e-99	2.24e-05	5.39e-10	-5.92e+15
188.344	195.65	001:06:17.531 	1.7e-08	1e-99	2.24e-05	5.3e-10	-6.82e+15
188.656	195.975	001:06:17.843 	1.8e-08	1e-99	2.24e-05	5.38e-10	-6.02e+15
188.969	196.3	001:06:18.156 	1.8e-08	1e-99	2.24e-05	5.47e-10	-5.12e+15
189.281	196.625	001:06:18.468 	1.8e-08	1e-99	2.24e-05	5.31e-10	-6.72e+15
189.594	196.95	001:06:18.781 	1.7e-08	1e-99	2.24e-05	5.3e-10	-6.82e+15
189.906	197.275	001:06:19.093 	1.7e-08	1e-99	2.24e-05	5.29e-10	-6.92e+15
190.219	197.6	001:06:19.406 	1.8e-08	1e-99	2.24e-05	5.33e-10	-6.52e+15
190.531	197.925	001:06:19.718 	1.8e-08	1e-99	2.24e-05	5.34e-10	-6.42e+15
190.844	198.25	001:06:20.031 	1.7e-08	1e-99	2.24e-05	5.38e-10	-6.02e+15
191.156	198.575	001:06:20.343 	1.7e-08	1e-99	2.24e-05	5.42e-10	-5.62e+15
191.469	198.9	001:06:20.656 	1.7e-08	1e-99	2.25e-05	5.39e-10	-5.92e+15
191.781	199.225	001:06:20.968 	1.8e-08	1e-99	2.25e-05	5.42e-10	-5.62e+15
192.094	199.55	001:06:21.281 	1.8e-08	1e-99	2.25e-05	5.38e-10	-6.02e+15
192.406	199.875	001:06:21.593 	1.7e-08	1e-99	2.25e-05	5.46e-10	-5.22e+15
192.719	200.2	001:06:21.906 	1.8e-08	1e-99	2.25e-05	5.37e-10	-6.12e+15
193.031	200.525	001:06:22.218 	1.8e-08	1e-99	2.24e-05	5.32e-10	-6.62e+15
193.344	200.85	001:06:22.531 	1.8e-08	1e-99	2.24e-05	5.31e-10	-6.72e+15
193.656	201.175	001:06:22.843 	1.8e-08	1e-99	2.24e-05	5.37e-10	-6.12e+15
193.969	201.5	001:06:23.156 	1.7e-08	1e-99	2.24e-05	5.34e-10	-6.42e+15
194.281	201.825	001:06:23.468 	1.7e-08	1e-99	2.24e-05	5.28e-10	-7.02e+15
194.594	202.15	001:06:23.781 	1.8e-08	1e-99	2.24e-05	5.31e-10	-6.72e+15
194.906	202.475	001:06:24.093 	1.8e-08	1e-99	2.24e-05	5.36e-10	-6.22e+15
195.219	202.8	001:06:24.406 	1.7e-08	1e-99	2.24e-05	5.32e-10	-6.62e+15
195.531	203.125	001:06:24.718 	1.8e-08	1e-99	2.24e-05	5.34e-10	-6.42e+15
195.844	203.45	001:06:25.031 	1.8e-08	1e-99	2.24e-05	5.27e-10	-7.12e+15
196.156	203.775	001:06:25.343 	1.8e-08	1e-99	2.24e-05	5.38e-10	-6.02e+15
196.469	204.1	001:06:25.656 	1.7e-08	1e-99	2.24e-05	5.26e-10	-7.22e+15
196.781	204.425	001:06:25.968 	1.7e-08	1e-99	2.24e-05	5.29e-10	-6.92e+15
197.094	204.75	001:06:26.281 	1.8e-08	1e-99	2.24e-05	5.33e-10	-6.52e+15
197.406	205.075	001:06:26.593 	1.8e-08	1e-99	2.24e-05	5.32e-10	-6.62e+15
197.719	205.4	001:06:26.906 	1.8e-08	1e-99	2.24e-05	5.35e-10	-6.32e+15
198.031	205.725	001:06:27.218 	1.7e-08	1e-99	2.24e-05	5.31e-10	-6.72e+15
198.344	206.05	001:06:27.531 	1.7e-08	1e-99	2.24e-05	5.34e-10	-6.42e+15
198.656	206.375	001:06:27.843 	1.8e-08	1e-99	2.24e-05	5.31e-10	-6.72e+15
198.969	206.7	001:06:28.156 	1.7e-08	1e-99	2.25e-05	5.23e-10	-7.52e+15
199.281	207.025	001:06:28.468 	1.7e-08	1e-99	2.24e-05	5.32e-10	-6.62e+15
199.594	207.35	001:06:28.781 	1.7e-08	1e-99	2.24e-05	5.3e-10	-6.82e+15
199.906	207.675	001:06:29.093 	1.8e-08	1e-99	2.24e-05	5.33e-10	-6.52e+15
200.328	208.0	001:06:29.515 	1.8e-08	1e-99	2.24e-05	5.33e-10	-6.52e+15
200.641	208.325	001:06:29.828 	1.8e-08	1e-99	2.24e-05	5.34e-10	-6.42e+15
200.953	208.65	001:06:30.140 	1.8e-08	1e-99	2.24e-05	5.35e-10	-6.32e+15
201.266	208.975	001:06:30.453 	1.8e-08	1e-99	2.24e-05	5.29e-10	-6.92e+15
201.578	209.3	001:06:30.765 	1.8e-08	1e-99	2.24e-05	5.38e-10	-6.02e+15
201.891	209.625	001:06:31.078 	1.8e-08	1e-99	2.24e-05	5.31e-10	-6.72e+15
202.203	209.95	001:06:31.390 	1.7e-08	1e-99	2.24e-05	5.35e-10	-6.32e+15
202.516	210.275	001:06:31.703 	1.8e-08	1e-99	2.24e-05	5.23e-10	-7.52e+15
202.828	210.6	001:06:32.015 	1.8e-08	1e-99	2.24e-05	5.21e-10	-7.72e+15
203.141	210.925	001:06:32.328 	1.7e-08	1e-99	2.24e-05	5.31e-10	-6.72e+15
203.453	211.25	001:06:32.640 	1.7e-08	1e-99	2.24e-05	5.36e-10	-6.22e+15
203.766	211.575	001:06:32.953 	1.8e-08	1e-99	2.24e-05	5.2e-10	-7.82e+15
204.078	211.9	001:06:33.265 	1.8e-08	1e-99	2.24e-05	5.29e-10	-6.92e+15
204.391	212.225	001:06:33.578 	1.8e-08	1e-99	2.24e-05	5.19e-10	-7.92e+15
204.703	212.55	001:06:33.890 	1.8e-08	1e-99	2.24e-05	5.28e-10	-7.02e+15
205.016	212.875	001:06:34.203 	1.8e-08	1e-99	2.24e-05	5.24e-10	-7.42e+15
205.438	213.2	001:06:34.625 	1.8e-08	1e-99	2.24e-05	5.26e-10	-7.22e+15
205.75	213.525	001:06:34.937 	1.8e-08	1e-99	2.24e-05	5.24e-10	-7.42e+15
206.063	213.85	001:06:35.250 	1.8e-08	1e-99	2.24e-05	5.22e-10	-7.62e+15
206.375	214.175	001:06:35.562 	1.8e-08	1e-99	2.24e-05	5.33e-10	-6.52e+15
206.797	214.5	001:06:35.984 	1.8e-08	1e-99	2.24e-05	5.27e-10	-7.12e+15
207.11	214.825	001:06:36.297 	1.7e-08	1e-99	2.24e-05	5.28e-10	-7.02e+15
207.422	215.15	001:06:36.609 	1.7e-08	1e-99	2.24e-05	5.23e-10	-7.52e+15
207.735	215.475	001:06:36.922 	1.7e-08	1e-99	2.24e-05	5.34e-10	-6.42e+15
208.047	215.8	001:06:37.234 	1.8e-08	1e-99	2.24e-05	5.23e-10	-7.52e+15
208.36	216.125	001:06:37.547 	1.9e-08	1e-99	2.24e-05	5.3e-10	-6.82e+15
208.672	216.45	001:06:37.859 	1.8e-08	1e-99	2.24e-05	5.22e-10	-7.62e+15
208.985	216.775	001:06:38.172 	1.7e-08	1e-99	2.24e-05	5.23e-10	-7.52e+15
209.297	217.1	001:06:38.484 	1.7e-08	1e-99	2.24e-05	5.3e-10	-6.82e+15
209.61	217.425	001:06:38.797 	1.8e-08	1e-99	2.24e-05	5.24e-10	-7.42e+15
209.922	217.75	001:06:39.109 	1.8e-08	1e-99	2.24e-05	5.16e-10	-8.22e+15
210.235	218.075	001:06:39.422 	1.8e-08	1e-99	2.24e-05	5.18e-10	-8.02e+15
210.547	218.4	001:06:39.734 	1.7e-08	1e-99	2.24e-05	5.17e-10	-8.12e+15
210.86	218.725	001:06:40.047 	1.8e-08	1e-99	2.24e-05	5.23e-10	-7.52e+15
211.172	219.05	001:06:40.359 	1.8e-08	1e-99	2.24e-05	5.28e-10	-7.02e+15
211.485	219.375	001:06:40.672 	1.8e-08	1e-99	2.24e-05	5.2e-10	-7.82e+15
211.906	219.7	001:06:41.093 	1.7e-08	1e-99	2.24e-05	5.25e-10	-7.32e+15
212.219	220.025	001:06:41.406 	1.7e-08	1e-99	2.24e-05	5.25e-10	-7.32e+15
212.531	220.35	001:06:41.718 	1.8e-08	1e-99	2.24e-05	5.24e-10	-7.42e+15
212.844	220.675	001:06:42.031 	1.8e-08	1e-99	2.24e-05	5.27e-10	-7.12e+15
213.266	221.0	001:06:42.453 	1.8e-08	1e-99	2.24e-05	5.14e-10	-8.42e+15
213.578	221.325	001:06:42.765 	1.8e-08	1e-99	2.25e-05	5.25e-10	-7.32e+15
213.891	221.65	001:06:43.078 	1.7e-08	1e-99	2.25e-05	5.19e-10	-7.92e+15
214.203	221.975	001:06:43.390 	1.7e-08	1e-99	2.24e-05	5.31e-10	-6.72e+15
214.516	222.3	001:06:43.703 	1.8e-08	1e-99	2.24e-05	5.17e-10	-8.12e+15
214.828	222.625	001:06:44.015 	1.8e-08	1e-99	2.24e-05	5.19e-10	-7.92e+15
215.141	222.95	001:06:44.328 	1.8e-08	1e-99	2.24e-05	5.21e-10	-7.72e+15
215.453	223.275	001:06:44.640 	1.8e-08	1e-99	2.24e-05	5.2e-10	-7.82e+15
215.766	223.6	001:06:44.953 	1.8e-08	1e-99	2.24e-05	5.19e-10	-7.92e+15
216.078	223.925	001:06:45.265 	1.8e-08	1e-99	2.24e-05	5.25e-10	-7.32e+15
216.391	224.25	001:06:45.578 	1.7e-08	1e-99	2.24e-05	5.24e-10	-7.42e+15
216.703	224.575	001:06:45.890 	1.7e-08	1e-99	2.24e-05	5.27e-10	-7.12e+15
217.016	224.9	001:06:46.203 	1.7e-08	1e-99	2.24e-05	5.22e-10	-7.62e+15
217.328	225.225	001:06:46.515 	1.8e-08	1e-99	2.24e-05	5.17e-10	-8.12e+15
217.641	225.55	001:06:46.828 	1.8e-08	1e-99	2.24e-05	5.21e-10	-7.72e+15
217.953	225.875	001:06:47.140 	1.7e-08	1e-99	2.24e-05	5.22e-10	-7.62e+15
218.375	226.2	001:06:47.562 	1.7e-08	1e-99	2.24e-05	5.08e-10	-9.02e+15
218.688	226.525	001:06:47.875 	1.8e-08	1e-99	2.24e-05	5.21e-10	-7.72e+15
219.0	226.85	001:06:48.187 	1.8e-08	1e-99	2.24e-05	5.14e-10	-8.42e+15
219.313	227.175	001:06:48.500 	1.7e-08	1e-99	2.24e-05	5.13e-10	-8.52e+15
219.735	227.5	001:06:48.922 	1.8e-08	1e-99	2.24e-05	5.21e-10	-7.72e+15
220.047	227.825	001:06:49.234 	1.8e-08	1e-99	2.24e-05	5.22e-10	-7.62e+15
220.36	228.15	001:06:49.547 	1.7e-08	1e-99	2.24e-05	5.19e-10	-7.92e+15
220.672	228.475	001:06:49.859 	1.8e-08	1e-99	2.24e-05	5.22e-10	-7.62e+15
220.985	228.8	001:06:50.172 	1.7e-08	1e-99	2.25e-05	5.23e-10	-7.52e+15
221.297	229.125	001:06:50.484 	1.8e-08	1e-99	2.24e-05	5.15e-10	-8.32e+15
221.61	229.45	001:06:50.797 	1.8e-08	1e-99	2.24e-05	5.19e-10	-7.92e+15
221.922	229.775	001:06:51.109 	1.7e-08	1e-99	2.24e-05	5.12e-10	-8.62e+15
222.235	230.1	001:06:51.422 	1.7e-08	1e-99	2.24e-05	5.24e-10	-7.42e+15
222.547	230.425	001:06:51.734 	1.7e-08	1e-99	2.24e-05	5.19e-10	-7.92e+15
222.86	230.75	001:06:52.047 	1.8e-08	1e-99	2.24e-05	5.28e-10	-7.02e+15
223.172	231.075	001:06:52.359 	1.8e-08	1e-99	2.24e-05	5.27e-10	-7.12e+15
223.485	231.4	001:06:52.672 	1.8e-08	1e-99	2.24e-05	5.22e-10	-7.62e+15
223.797	231.725	001:06:52.984 	1.7e-08	1e-99	2.24e-05	5.14e-10	-8.42e+15
224.11	232.05	001:06:53.297 	1.7e-08	1e-99	2.24e-05	5.14e-10	-8.42e+15
224.422	232.375	001:06:53.609 	1.7e-08	1e-99	2.24e-05	5.17e-10	-8.12e+15
224.844	232.7	001:06:54.031 	1.7e-08	1e-99	2.24e-05	5.09e-10	-8.92e+15
225.156	233.025	001:06:54.343 	1.8e-08	1e-99	2.24e-05	5.23e-10	-7.52e+15
225.469	233.35	001:06:54.656 	1.8e-08	1e-99	2.24e-05	5.07e-10	-9.12e+15
225.781	233.675	001:06:54.968 	1.8e-08	1e-99	2.24e-05	5.13e-10	-8.52e+15
226.094	234.0	001:06:55.281 	1.8e-08	1e-99	2.24e-05	5.18e-10	-8.02e+15
226.406	234.325	001:06:55.593 	1.7e-08	1e-99	2.24e-05	5.14e-10	-8.42e+15
226.719	234.65	001:06:55.906 	1.8e-08	1e-99	2.24e-05	5.12e-10	-8.62e+15
227.031	234.975	001:06:56.218 	1.8e-08	1e-99	2.24e-05	5.05e-10	-9.32e+15
227.344	235.3	001:06:56.531 	1.7e-08	1e-99	2.24e-05	5.09e-10	-8.92e+15
227.656	235.625	001:06:56.843 	1.8e-08	1e-99	2.24e-05	5.08e-10	-9.02e+15
227.969	235.95	001:06:57.156 	1.8e-08	1e-99	2.24e-05	5.19e-10	-7.92e+15
228.281	236.275	001:06:57.468 	1.8e-08	1e-99	2.24e-05	5.06e-10	-9.22e+15
228.594	236.6	001:06:57.781 	1.7e-08	1e-99	2.24e-05	5.15e-10	-8.32e+15
228.906	236.925	001:06:58.093 	1.7e-08	1e-99	2.24e-05	5.17e-10	-8.12e+15
229.219	237.25	001:06:58.406 	1.8e-08	1e-99	2.24e-05	5.04e-10	-9.42e+15
229.531	237.575	001:06:58.718 	1.8e-08	1e-99	2.25e-05	5.15e-10	-8.32e+15
229.844	237.9	001:06:59.031 	1.7e-08	1e-99	2.24e-05	5.13e-10	-8.52e+15
230.156	238.225	001:06:59.343 	1.7e-08	1e-99	2.24e-05	5.13e-10	-8.52e+15
230.469	238.55	001:06:59.656 	1.8e-08	1e-99	2.24e-05	5.18e-10	-8.02e+15
230.781	238.875	001:06:59.968 	1.8e-08	1e-99	2.24e-05	5.11e-10	-8.72e+15
231.094	239.2	001:07:00.281 	1.8e-08	1e-99	2.24e-05	5.22e-10	-7.62e+15
231.406	239.525	001:07:00.593 	1.7e-08	1e-99	2.24e-05	5.09e-10	-8.92e+15
231.719	239.85	001:07:00.906 	1.8e-08	1e-99	2.24e-05	5.12e-10	-8.62e+15
232.031	240.175	001:07:01.218 	1.8e-08	1e-99	2.24e-05	5.16e-10	-8.22e+15
232.344	240.5	001:07:01.531 	1.8e-08	1e-99	2.24e-05	5.1e-10	-8.82e+15
232.656	240.825	001:07:01.843 	1.8e-08	1e-99	2.24e-05	5.14e-10	-8.42e+15
232.969	241.15	001:07:02.156 	1.8e-08	1e-99	2.24e-05	5.13e-10	-8.52e+15
233.281	241.475	001:07:02.468 	1.8e-08	1e-99	2.24e-05	5.01e-10	-9.72e+15
233.594	241.8	001:07:02.781 	1.8e-08	1e-99	2.24e-05	5.16e-10	-8.22e+15
233.906	242.125	001:07:03.093 	1.8e-08	1e-99	2.24e-05	5.15e-10	-8.32e+15
234.219	242.45	001:07:03.406 	1.8e-08	1e-99	2.24e-05	5.06e-10	-9.22e+15
234.531	242.775	001:07:03.718 	1.8e-08	1e-99	2.24e-05	5.11e-10	-8.72e+15
234.844	243.1	001:07:04.031 	1.7e-08	1e-99	2.24e-05	5.08e-10	-9.02e+15
235.156	243.425	001:07:04.343 	1.7e-08	1e-99	2.24e-05	5.13e-10	-8.52e+15
235.469	243.75	001:07:04.656 	1.8e-08	1e-99	2.24e-05	4.94e-10	-1.042e+16
235.781	244.075	001:07:04.968 	1.8e-08	1e-99	2.24e-05	5.12e-10	-8.62e+15
236.094	244.4	001:07:05.281 	1.8e-08	1e-99	2.24e-05	5.04e-10	-9.42e+15
236.406	244.725	001:07:05.593 	1.8e-08	1e-99	2.25e-05	5.03e-10	-9.52e+15
236.719	245.05	001:07:05.906 	1.8e-08	1e-99	2.24e-05	5.03e-10	-9.52e+15
237.031	245.375	001:07:06.218 	1.8e-08	1e-99	2.24e-05	5.17e-10	-8.12e+15
237.344	245.7	001:07:06.531 	1.8e-08	1e-99	2.24e-05	5.07e-10	-9.12e+15
237.656	246.025	001:07:06.843 	1.8e-08	1e-99	2.24e-05	5.05e-10	-9.32e+15
237.969	246.35	001:07:07.156 	1.8e-08	1e-99	2.24e-05	4.99e-10	-9.92e+15
238.281	246.675	001:07:07.468 	1.8e-08	1e-99	2.24e-05	5.03e-10	-9.52e+15
238.594	247.0	001:07:07.781 	1.8e-08	1e-99	2.24e-05	5.08e-10	-9.02e+15
238.953	247.325	001:07:08.140 	1.8e-08	1e-99	2.24e-05	5.16e-10	-8.22e+15
239.219	247.65	001:07:08.406 	1.8e-08	1e-99	2.24e-05	5.13e-10	-8.52e+15
239.531	247.975	001:07:08.718 	1.7e-08	1e-99	2.24e-05	5.07e-10	-9.12e+15
239.844	248.3	001:07:09.031 	1.7e-08	1e-99	2.24e-05	5.12e-10	-8.62e+15
240.156	248.625	001:07:09.343 	1.7e-08	1e-99	2.24e-05	5.07e-10	-9.12e+15
240.469	248.95	001:07:09.656 	1.8e-08	1e-99	2.24e-05	5.18e-10	-8.02e+15
240.781	249.275	001:07:09.968 	1.8e-08	1e-99	2.23e-05	5.12e-10	-8.62e+15
241.094	249.6	001:07:10.281 	1.7e-08	1e-99	2.24e-05	5.14e-10	-8.42e+15
241.406	249.925	001:07:10.593 	1.8e-08	1e-99	2.23e-05	5.07e-10	-9.12e+15
241.719	250.25	001:07:10.906 	1.8e-08	1e-99	2.24e-05	4.98e-10	-1.002e+16
242.031	250.575	001:07:11.218 	1.7e-08	1e-99	2.24e-05	5e-10	-9.82e+15
242.344	250.9	001:07:11.531 	1.7e-08	1e-99	2.24e-05	5.05e-10	-9.32e+15
242.656	251.225	001:07:11.843 	1.8e-08	1e-99	2.24e-05	5.07e-10	-9.12e+15
242.969	251.55	001:07:12.156 	1.8e-08	1e-99	2.24e-05	5e-10	-9.82e+15
243.281	251.875	001:07:12.468 	1.8e-08	1e-99	2.24e-05	5.04e-10	-9.42e+15
243.594	252.2	001:07:12.781 	1.8e-08	1e-99	2.24e-05	5.14e-10	-8.42e+15
243.906	252.525	001:07:13.093 	1.7e-08	1e-99	2.24e-05	4.96e-10	-1.022e+16
244.219	252.85	001:07:13.406 	1.8e-08	1e-99	2.24e-05	5.04e-10	-9.42e+15
244.531	253.175	001:07:13.718 	1.8e-08	1e-99	2.24e-05	5.02e-10	-9.62e+15
244.844	253.5	001:07:14.031 	1.7e-08	1e-99	2.24e-05	5.08e-10	-9.02e+15
245.203	253.825	001:07:14.390 	1.7e-08	1e-99	2.24e-05	5.02e-10	-9.62e+15
245.469	254.15	001:07:14.656 	1.8e-08	1e-99	2.24e-05	5.08e-10	-9.02e+15
245.781	254.475	001:07:14.968 	1.8e-08	1e-99	2.24e-05	5.05e-10	-9.32e+15
246.094	254.8	001:07:15.281 	1.7e-08	1e-99	2.24e-05	5.04e-10	-9.42e+15
246.406	255.125	001:07:15.593 	1.8e-08	1e-99	2.24e-05	5.03e-10	-9.52e+15
246.719	255.45	001:07:15.906 	1.8e-08	1e-99	2.24e-05	5.04e-10	-9.42e+15
247.031	255.775	001:07:16.218 	1.8e-08	1e-99	2.24e-05	4.99e-10	-9.92e+15
247.344	256.1	001:07:16.531 	1.7e-08	1e-99	2.24e-05	5.04e-10	-9.42e+15
247.656	256.425	001:07:16.843 	1.8e-08	1e-99	2.24e-05	5.08e-10	-9.02e+15
247.969	256.75	001:07:17.156 	1.8e-08	1e-99	2.24e-05	5.1e-10	-8.82e+15
248.281	257.075	001:07:17.468 	1.7e-08	1e-99	2.24e-05	4.97e-10	-1.012e+16
248.594	257.4	001:07:17.781 	1.7e-08	1e-99	2.24e-05	5e-10	-9.82e+15
248.906	257.725	001:07:18.093 	1.7e-08	1e-99	2.23e-05	5.03e-10	-9.52e+15
249.219	258.05	001:07:18.406 	1.8e-08	1e-99	2.24e-05	5.05e-10	-9.32e+15
249.531	258.375	001:07:18.718 	1.7e-08	1e-99	2.23e-05	5e-10	-9.82e+15
249.844	258.7	001:07:19.031 	1.7e-08	1e-99	2.24e-05	4.98e-10	-1.002e+16
250.156	259.025	001:07:19.343 	1.7e-08	1e-99	2.24e-05	4.97e-10	-1.012e+16
250.469	259.35	001:07:19.656 	1.8e-08	1e-99	2.24e-05	4.98e-10	-1.002e+16
250.781	259.675	001:07:19.968 	1.8e-08	1e-99	2.24e-05	5.02e-10	-9.62e+15
251.094	260.0	001:07:20.281 	1.8e-08	1e-99	2.24e-05	4.95e-10	-1.032e+16
251.453	260.325	001:07:20.640 	1.7e-08	1e-99	2.24e-05	4.87e-10	-1.112e+16
251.719	260.65	001:07:20.906 	1.7e-08	1e-99	2.24e-05	5.04e-10	-9.42e+15
252.031	260.975	001:07:21.218 	1.8e-08	1e-99	2.24e-05	4.95e-10	-1.032e+16
252.344	261.3	001:07:21.531 	1.8e-08	1e-99	2.24e-05	5.02e-10	-9.62e+15
252.656	261.625	001:07:21.843 	1.8e-08	1e-99	2.24e-05	5.06e-10	-9.22e+15
252.969	261.95	001:07:22.156 	1.7e-08	1e-99	2.24e-05	5e-10	-9.82e+15
253.281	262.275	001:07:22.468 	1.8e-08	1e-99	2.24e-05	5e-10	-9.82e+15
253.594	262.6	001:07:22.781 	1.8e-08	1e-99	2.24e-05	4.91e-10	-1.072e+16
253.906	262.925	001:07:23.093 	1.8e-08	1e-99	2.24e-05	4.99e-10	-9.92e+15
254.219	263.25	001:07:23.406 	1.7e-08	1e-99	2.24e-05	5.1e-10	-8.82e+15
254.531	263.575	001:07:23.718 	1.7e-08	1e-99	2.24e-05	5.08e-10	-9.02e+15
254.844	263.9	001:07:24.031 	1.8e-08	1e-99	2.24e-05	5.06e-10	-9.22e+15
255.156	264.225	001:07:24.343 	1.7e-08	1e-99	2.24e-05	4.97e-10	-1.012e+16
255.469	264.55	001:07:24.656 	1.7e-08	1e-99	2.24e-05	5.03e-10	-9.52e+15
255.781	264.875	001:07:24.968 	1.8e-08	1e-99	2.24e-05	5.03e-10	-9.52e+15
256.094	265.2	001:07:25.281 	1.8e-08	1e-99	2.24e-05	5.06e-10	-9.22e+15
256.406	265.525	001:07:25.593 	1.8e-08	1e-99	2.24e-05	5.11e-10	-8.72e+15
256.719	265.85	001:07:25.906 	1.8e-08	1e-99	2.24e-05	4.96e-10	-1.022e+16
257.031	266.175	001:07:26.218 	1.8e-08	1e-99	2.24e-05	4.94e-10	-1.042e+16
257.344	266.5	001:07:26.531 	1.8e-08	1e-99	2.24e-05	4.95e-10	-1.032e+16
257.703	266.825	001:07:26.890 	1.7e-08	1e-99	2.23e-05	4.91e-10	-1.072e+16
257.969	267.15	001:07:27.156 	1.8e-08	1e-99	2.23e-05	5.08e-10	-9.02e+15
258.281	267.475	001:07:27.468 	1.8e-08	1e-99	2.24e-05	4.95e-10	-1.032e+16
258.594	267.8	001:07:27.781 	1.8e-08	1e-99	2.24e-05	5.04e-10	-9.42e+15
258.906	268.125	001:07:28.093 	1.8e-08	1e-99	2.24e-05	4.91e-10	-1.072e+16
259.219	268.45	001:07:28.406 	1.8e-08	1e-99	2.24e-05	5.04e-10	-9.42e+15
259.531	268.775	001:07:28.718 	1.8e-08	1e-99	2.24e-05	5e-10	-9.82e+15
259.844	269.1	001:07:29.031 	1.8e-08	1e-99	2.24e-05	4.95e-10	-1.032e+16
260.156	269.425	001:07:29.343 	1.8e-08	1e-99	2.24e-05	4.96e-10	-1.022e+16
260.469	269.75	001:07:29.656 	1.8e-08	1e-99	2.24e-05	4.96e-10	-1.022e+16
260.781	270.075	001:07:29.968 	1.8e-08	1e-99	2.24e-05	4.91e-10	-1.072e+16
261.094	270.4	001:07:30.281 	1.7e-08	1e-99	2.24e-05	4.89e-10	-1.092e+16
261.406	270.725	001:07:30.593 	1.8e-08	1e-99	2.24e-05	5.06e-10	-9.22e+15
261.719	271.05	001:07:30.906 	1.8e-08	1e-99	2.24e-05	4.92e-10	-1.062e+16
262.031	271.375	001:07:31.218 	1.7e-08	1e-99	2.24e-05	4.96e-10	-1.022e+16
262.344	271.7	001:07:31.531 	1.7e-08	1e-99	2.24e-05	4.98e-10	-1.002e+16
262.656	272.025	001:07:31.843 	1.8e-08	1e-99	2.24e-05	5.04e-10	-9.42e+15
262.969	272.35	001:07:32.156 	1.7e-08	1e-99	2.24e-05	4.93e-10	-1.052e+16
263.281	272.675	001:07:32.468 	1.7e-08	1e-99	2.24e-05	4.91e-10	-1.072e+16
263.594	273.0	001:07:32.781 	1.8e-08	1e-99	2.24e-05	5e-10	-9.82e+15
263.906	273.325	001:07:33.093 	1.8e-08	1e-99	2.24e-05	4.9e-10	-1.082e+16
264.219	273.65	001:07:33.406 	1.7e-08	1e-99	2.24e-05	4.88e-10	-1.102e+16
264.531	273.975	001:07:33.718 	1.7e-08	1e-99	2.24e-05	4.96e-10	-1.022e+16
264.844	274.3	001:07:34.031 	1.8e-08	1e-99	2.24e-05	4.91e-10	-1.072e+16
265.156	274.625	001:07:34.343 	1.8e-08	1e-99	2.24e-05	5.01e-10	-9.72e+15
265.469	274.95	001:07:34.656 	1.7e-08	1e-99	2.24e-05	5e-10	-9.82e+15
265.781	275.275	001:07:34.968 	1.7e-08	1e-99	2.23e-05	4.93e-10	-1.052e+16
266.094	275.6	001:07:35.281 	1.8e-08	1e-99	2.24e-05	4.9e-10	-1.082e+16
266.406	275.925	001:07:35.593 	1.8e-08	1e-99	2.23e-05	4.9e-10	-1.082e+16
266.719	276.25	001:07:35.906 	1.8e-08	1e-99	2.24e-05	4.93e-10	-1.052e+16
267.031	276.575	001:07:36.218 	1.8e-08	1e-99	2.24e-05	4.92e-10	-1.062e+16
267.344	276.9	001:07:36.531 	1.8e-08	1e-99	2.24e-05	4.95e-10	-1.032e+16
267.656	277.225	001:07:36.843 	1.8e-08	1e-99	2.24e-05	4.89e-10	-1.092e+16
267.969	277.55	001:07:37.156 	1.7e-08	1e-99	2.24e-05	4.95e-10	-1.032e+16
268.281	277.875	001:07:37.468 	1.7e-08	1e-99	2.24e-05	4.91e-10	-1.072e+16
268.594	278.2	001:07:37.781 	1.8e-08	1e-99	2.24e-05	4.98e-10	-1.002e+16
268.906	278.525	001:07:38.093 	1.7e-08	1e-99	2.24e-05	4.95e-10	-1.032e+16
269.219	278.85	001:07:38.406 	1.7e-08	1e-99	2.24e-05	4.93e-10	-1.052e+16
269.531	279.175	001:07:38.718 	1.8e-08	1e-99	2.24e-05	4.92e-10	-1.062e+16
269.844	279.5	001:07:39.031 	1.8e-08	1e-99	2.24e-05	4.95e-10	-1.032e+16
270.156	279.825	001:07:39.343 	1.7e-08	1e-99	2.24e-05	4.91e-10	-1.072e+16
270.469	280.15	001:07:39.656 	1.7e-08	1e-99	2.24e-05	4.89e-10	-1.092e+16
270.781	280.475	001:07:39.968 	1.8e-08	1e-99	2.24e-05	4.93e-10	-1.052e+16
271.094	280.8	001:07:40.281 	1.8e-08	1e-99	2.24e-05	4.82e-10	-1.162e+16
