time [s]	34319 PDP 8 No	34319 PDP 8 Time	34319 PDP 8 Trigger	34319 PDP 8 FIG	34319 PDP 8 qmsTP	34319 PDP 8 m2	34319 PDP 8 h2
-19.687	-20.475	001:43:36.172 	1.7e-08	1e-99	2.23e-05	5.07e-10	-9.12e+15
-19.375	-20.15	001:43:36.484 	1.9e-08	1e-99	2.23e-05	5.09e-10	-8.92e+15
-19.062	-19.825	001:43:36.797 	1.8e-08	1e-99	2.23e-05	4.99e-10	-9.92e+15
-18.75	-19.5	001:43:37.109 	1.8e-08	1e-99	2.23e-05	5.11e-10	-8.72e+15
-18.437	-19.175	001:43:37.422 	1.8e-08	1e-99	2.23e-05	5.13e-10	-8.52e+15
-18.125	-18.85	001:43:37.734 	1.7e-08	1e-99	2.23e-05	5.19e-10	-7.92e+15
-17.812	-18.525	001:43:38.047 	1.8e-08	1e-99	2.23e-05	5.03e-10	-9.52e+15
-17.5	-18.2	001:43:38.359 	1.8e-08	1e-99	2.23e-05	5.07e-10	-9.12e+15
-17.187	-17.875	001:43:38.672 	1.8e-08	1e-99	2.23e-05	5.01e-10	-9.72e+15
-16.875	-17.55	001:43:38.984 	1.8e-08	1e-99	2.23e-05	5.01e-10	-9.72e+15
-16.562	-17.225	001:43:39.297 	1.7e-08	1e-99	2.23e-05	5.11e-10	-8.72e+15
-16.25	-16.9	001:43:39.609 	1.7e-08	1e-99	2.23e-05	4.96e-10	-1.022e+16
-15.937	-16.575	001:43:39.922 	1.7e-08	1e-99	2.23e-05	5.11e-10	-8.72e+15
-15.625	-16.25	001:43:40.234 	1.8e-08	1e-99	2.22e-05	5.14e-10	-8.42e+15
-15.312	-15.925	001:43:40.547 	1.8e-08	1e-99	2.23e-05	5.03e-10	-9.52e+15
-15.0	-15.6	001:43:40.859 	1.8e-08	1e-99	2.23e-05	5.13e-10	-8.52e+15
-14.687	-15.275	001:43:41.172 	1.7e-08	1e-99	2.22e-05	5.04e-10	-9.42e+15
-14.375	-14.95	001:43:41.484 	1.7e-08	1e-99	2.22e-05	5.02e-10	-9.62e+15
-14.062	-14.625	001:43:41.797 	1.8e-08	1e-99	2.23e-05	5.07e-10	-9.12e+15
-13.75	-14.3	001:43:42.109 	1.8e-08	1e-99	2.23e-05	5.11e-10	-8.72e+15
-13.437	-13.975	001:43:42.422 	1.8e-08	1e-99	2.23e-05	5.07e-10	-9.12e+15
-13.125	-13.65	001:43:42.734 	1.7e-08	1e-99	2.23e-05	5.13e-10	-8.52e+15
-12.812	-13.325	001:43:43.047 	1.7e-08	1e-99	2.23e-05	5.07e-10	-9.12e+15
-12.5	-13.0	001:43:43.359 	1.7e-08	1e-99	2.23e-05	5.02e-10	-9.62e+15
-12.187	-12.675	001:43:43.672 	1.7e-08	1e-99	2.23e-05	5.05e-10	-9.32e+15
-11.875	-12.35	001:43:43.984 	1.8e-08	1e-99	2.23e-05	5.04e-10	-9.42e+15
-11.562	-12.025	001:43:44.297 	1.8e-08	1e-99	2.23e-05	5.04e-10	-9.42e+15
-11.25	-11.7	001:43:44.609 	1.7e-08	1e-99	2.23e-05	5.11e-10	-8.72e+15
-10.937	-11.375	001:43:44.922 	1.7e-08	1e-99	2.23e-05	5.07e-10	-9.12e+15
-10.625	-11.05	001:43:45.234 	1.7e-08	1e-99	2.22e-05	5.03e-10	-9.52e+15
-10.312	-10.725	001:43:45.547 	1.8e-08	1e-99	2.23e-05	5.04e-10	-9.42e+15
-10.0	-10.4	001:43:45.859 	1.8e-08	1e-99	2.23e-05	5.02e-10	-9.62e+15
-9.687	-10.075	001:43:46.172 	1.8e-08	1e-99	2.23e-05	5.08e-10	-9.02e+15
-9.375	-9.75	001:43:46.484 	1.7e-08	1e-99	2.22e-05	5.13e-10	-8.52e+15
-9.062	-9.425	001:43:46.797 	1.7e-08	1e-99	2.22e-05	5.13e-10	-8.52e+15
-8.75	-9.1	001:43:47.109 	1.8e-08	1e-99	2.23e-05	5e-10	-9.82e+15
-8.437	-8.775	001:43:47.422 	1.8e-08	1e-99	2.23e-05	4.97e-10	-1.012e+16
-8.125	-8.45	001:43:47.734 	1.8e-08	1e-99	2.23e-05	5.05e-10	-9.32e+15
-7.812	-8.125	001:43:48.047 	1.8e-08	1e-99	2.23e-05	4.99e-10	-9.92e+15
-7.5	-7.8	001:43:48.359 	1.7e-08	1e-99	2.23e-05	5.04e-10	-9.42e+15
-7.187	-7.475	001:43:48.672 	1.7e-08	1e-99	2.23e-05	5.02e-10	-9.62e+15
-6.875	-7.15	001:43:48.984 	1.7e-08	1e-99	2.23e-05	5.04e-10	-9.42e+15
-6.562	-6.825	001:43:49.297 	1.8e-08	1e-99	2.23e-05	4.98e-10	-1.002e+16
-6.25	-6.5	001:43:49.609 	1.8e-08	1e-99	2.23e-05	5.04e-10	-9.42e+15
-5.937	-6.175	001:43:49.922 	1.8e-08	1e-99	2.23e-05	5.01e-10	-9.72e+15
-5.625	-5.85	001:43:50.234 	1.8e-08	1e-99	2.23e-05	5.06e-10	-9.22e+15
-5.312	-5.525	001:43:50.547 	1.8e-08	1e-99	2.23e-05	5.11e-10	-8.72e+15
-5.0	-5.2	001:43:50.859 	1.7e-08	1e-99	2.23e-05	4.99e-10	-9.92e+15
-4.687	-4.875	001:43:51.172 	1.8e-08	1e-99	2.23e-05	5.07e-10	-9.12e+15
-4.375	-4.55	001:43:51.484 	1.8e-08	1e-99	2.23e-05	5.01e-10	-9.72e+15
-4.062	-4.225	001:43:51.797 	1.8e-08	1e-99	2.23e-05	5.01e-10	-9.72e+15
-3.75	-3.9	001:43:52.109 	1.8e-08	1e-99	2.22e-05	5.09e-10	-8.92e+15
-3.437	-3.575	001:43:52.422 	1.7e-08	1e-99	2.22e-05	5.07e-10	-9.12e+15
-3.125	-3.25	001:43:52.734 	1.8e-08	1e-99	2.23e-05	5.12e-10	-8.62e+15
-2.812	-2.925	001:43:53.047 	1.8e-08	1e-99	2.23e-05	5.12e-10	-8.62e+15
-2.5	-2.6	001:43:53.359 	1.8e-08	1e-99	2.23e-05	5.04e-10	-9.42e+15
-2.187	-2.275	001:43:53.672 	1.8e-08	1e-99	2.23e-05	5.1e-10	-8.82e+15
-1.875	-1.95	001:43:53.984 	1.7e-08	1e-99	2.23e-05	5.03e-10	-9.52e+15
-1.562	-1.625	001:43:54.297 	1.7e-08	1e-99	2.23e-05	5.09e-10	-8.92e+15
-1.25	-1.3	001:43:54.609 	1.8e-08	1e-99	2.23e-05	5.04e-10	-9.42e+15
-0.937000000001	-0.975	001:43:54.922 	1.8e-08	1e-99	2.23e-05	4.99e-10	-9.92e+15
-0.625	-0.65	001:43:55.234 	1.8e-08	1e-99	2.23e-05	5.03e-10	-9.52e+15
-0.312000000001	-0.325	001:43:55.547 	4.1e-06	1e-99	2.23e-05	5.08e-10	-9.02e+15
0.0	0.0	001:43:55.859 	9e-05	1e-99	2.23e-05	5.08e-10	-9.02e+15
0.312999999999	0.325	001:43:56.172 	9.3e-05	1e-99	2.23e-05	5.07e-10	-9.12e+15
0.625	0.65	001:43:56.484 	9.6e-05	1e-99	2.22e-05	5.01e-10	-9.72e+15
0.937999999999	0.975	001:43:56.797 	9.5e-05	1e-99	2.23e-05	5.08e-10	-9.02e+15
1.25	1.3	001:43:57.109 	9.2e-05	1e-99	2.22e-05	5.14e-10	-8.42e+15
1.563	1.625	001:43:57.422 	8.9e-05	1e-99	2.23e-05	5.03e-10	-9.52e+15
1.875	1.95	001:43:57.734 	8.8e-05	1e-99	2.23e-05	4.97e-10	-1.012e+16
2.188	2.275	001:43:58.047 	9.2e-05	1e-99	2.23e-05	5.09e-10	-8.92e+15
2.5	2.6	001:43:58.359 	0.0001	1e-99	2.23e-05	4.99e-10	-9.92e+15
2.813	2.925	001:43:58.672 	0.00014	1e-99	2.23e-05	5.06e-10	-9.22e+15
3.125	3.25	001:43:58.984 	9.6e-05	1e-99	2.23e-05	5.08e-10	-9.02e+15
3.438	3.575	001:43:59.297 	9e-05	1e-99	2.23e-05	5.02e-10	-9.62e+15
3.75	3.9	001:43:59.609 	8.6e-05	1e-99	2.23e-05	5.04e-10	-9.42e+15
4.063	4.225	001:43:59.922 	9e-05	1e-99	2.23e-05	5.08e-10	-9.02e+15
4.422	4.55	001:44:00.281 	0.0001	1e-99	2.23e-05	5.07e-10	-9.12e+15
4.688	4.875	001:44:00.547 	0.0001	1e-99	2.23e-05	5.05e-10	-9.32e+15
5.0	5.2	001:44:00.859 	9.4e-05	1e-99	2.23e-05	5.02e-10	-9.62e+15
5.313	5.525	001:44:01.172 	9.1e-05	1e-99	2.23e-05	5.01e-10	-9.72e+15
5.625	5.85	001:44:01.484 	9.1e-05	1e-99	2.23e-05	5.07e-10	-9.12e+15
5.938	6.175	001:44:01.797 	9.3e-05	1e-99	2.23e-05	5.08e-10	-9.02e+15
6.25	6.5	001:44:02.109 	9.7e-05	1e-99	2.23e-05	5.01e-10	-9.72e+15
6.563	6.825	001:44:02.422 	9.5e-05	1e-99	2.23e-05	5.11e-10	-8.72e+15
6.875	7.15	001:44:02.734 	9.2e-05	1e-99	2.23e-05	5.07e-10	-9.12e+15
7.188	7.475	001:44:03.047 	8.8e-05	1e-99	2.23e-05	5.01e-10	-9.72e+15
7.5	7.8	001:44:03.359 	8.6e-05	1e-99	2.23e-05	5.02e-10	-9.62e+15
7.813	8.125	001:44:03.672 	9.5e-05	1e-99	2.23e-05	5.02e-10	-9.62e+15
8.125	8.45	001:44:03.984 	0.0001	1e-99	2.23e-05	5.07e-10	-9.12e+15
8.438	8.775	001:44:04.297 	9.7e-05	1e-99	2.23e-05	4.97e-10	-1.012e+16
8.75	9.1	001:44:04.609 	9.3e-05	1e-99	2.23e-05	4.94e-10	-1.042e+16
9.063	9.425	001:44:04.922 	8.8e-05	1e-99	2.23e-05	5.08e-10	-9.02e+15
9.375	9.75	001:44:05.234 	8.6e-05	1e-99	2.23e-05	5.15e-10	-8.32e+15
9.688	10.075	001:44:05.547 	9e-05	1e-99	2.23e-05	5.1e-10	-8.82e+15
10.0	10.4	001:44:05.859 	0.00013	1e-99	2.23e-05	5.03e-10	-9.52e+15
10.313	10.725	001:44:06.172 	0.00017	1e-99	2.23e-05	5.1e-10	-8.82e+15
10.672	11.05	001:44:06.531 	9.9e-05	1e-99	2.23e-05	5.08e-10	-9.02e+15
10.938	11.375	001:44:06.797 	9.2e-05	1e-99	2.23e-05	5.07e-10	-9.12e+15
11.25	11.7	001:44:07.109 	9.5e-05	1e-99	2.23e-05	5.14e-10	-8.42e+15
11.563	12.025	001:44:07.422 	9.6e-05	1e-99	2.23e-05	5.16e-10	-8.22e+15
11.875	12.35	001:44:07.734 	8.9e-05	1e-99	2.23e-05	5.11e-10	-8.72e+15
12.188	12.675	001:44:08.047 	8.8e-05	1e-99	2.23e-05	5.21e-10	-7.72e+15
12.5	13.0	001:44:08.359 	0.0001	1e-99	2.23e-05	5.09e-10	-8.92e+15
12.813	13.325	001:44:08.672 	0.00013	1e-99	2.23e-05	5.19e-10	-7.92e+15
13.125	13.65	001:44:08.984 	9.9e-05	1e-99	2.23e-05	5.14e-10	-8.42e+15
13.438	13.975	001:44:09.297 	9.4e-05	1e-99	2.23e-05	5.26e-10	-7.22e+15
13.75	14.3	001:44:09.609 	9e-05	1e-99	2.23e-05	5.26e-10	-7.22e+15
14.063	14.625	001:44:09.922 	8.6e-05	1e-99	2.23e-05	5.31e-10	-6.72e+15
14.375	14.95	001:44:10.234 	8.4e-05	1e-99	2.23e-05	5.22e-10	-7.62e+15
14.688	15.275	001:44:10.547 	9.4e-05	1e-99	2.23e-05	5.15e-10	-8.32e+15
15.0	15.6	001:44:10.859 	0.0001	1e-99	2.23e-05	5.42e-10	-5.62e+15
15.313	15.925	001:44:11.172 	0.0001	1e-99	2.23e-05	5.24e-10	-7.42e+15
15.625	16.25	001:44:11.484 	9.9e-05	1e-99	2.23e-05	5.33e-10	-6.52e+15
15.938	16.575	001:44:11.797 	9.1e-05	1e-99	2.23e-05	5.31e-10	-6.72e+15
16.25	16.9	001:44:12.109 	9.2e-05	1e-99	2.23e-05	5.34e-10	-6.42e+15
16.563	17.225	001:44:12.422 	9.5e-05	1e-99	2.23e-05	5.42e-10	-5.62e+15
16.875	17.55	001:44:12.734 	9.1e-05	1e-99	2.23e-05	5.31e-10	-6.72e+15
17.188	17.875	001:44:13.047 	9.5e-05	1e-99	2.23e-05	5.34e-10	-6.42e+15
17.5	18.2	001:44:13.359 	9.6e-05	1e-99	2.23e-05	5.37e-10	-6.12e+15
17.813	18.525	001:44:13.672 	9.3e-05	1e-99	2.23e-05	5.46e-10	-5.22e+15
18.125	18.85	001:44:13.984 	8.9e-05	1e-99	2.23e-05	5.47e-10	-5.12e+15
18.438	19.175	001:44:14.297 	8.5e-05	1e-99	2.23e-05	5.34e-10	-6.42e+15
18.75	19.5	001:44:14.609 	8.8e-05	1e-99	2.23e-05	5.4e-10	-5.82e+15
19.063	19.825	001:44:14.922 	9.3e-05	1e-99	2.24e-05	5.36e-10	-6.22e+15
19.375	20.15	001:44:15.234 	0.0001	1e-99	2.24e-05	5.4e-10	-5.82e+15
19.688	20.475	001:44:15.547 	0.0001	1e-99	2.23e-05	5.49e-10	-4.92e+15
20.0	20.8	001:44:15.859 	9.7e-05	1e-99	2.23e-05	5.57e-10	-4.12e+15
20.313	21.125	001:44:16.172 	9.5e-05	1e-99	2.23e-05	5.44e-10	-5.42e+15
20.625	21.45	001:44:16.484 	8.7e-05	1e-99	2.23e-05	5.61e-10	-3.72e+15
20.938	21.775	001:44:16.797 	8.8e-05	1e-99	2.23e-05	5.55e-10	-4.32e+15
21.25	22.1	001:44:17.109 	0.00011	1e-99	2.23e-05	5.57e-10	-4.12e+15
21.563	22.425	001:44:17.422 	0.00019	1e-99	2.23e-05	5.61e-10	-3.72e+15
21.875	22.75	001:44:17.734 	0.0001	1e-99	2.23e-05	5.67e-10	-3.12e+15
22.188	23.075	001:44:18.047 	9.4e-05	1e-99	2.23e-05	5.65e-10	-3.32e+15
22.5	23.4	001:44:18.359 	9.1e-05	1e-99	2.23e-05	5.72e-10	-2.62e+15
22.813	23.725	001:44:18.672 	8.9e-05	1e-99	2.23e-05	5.68e-10	-3.02e+15
23.125	24.05	001:44:18.984 	8.8e-05	1e-99	2.23e-05	5.58e-10	-4.02e+15
23.438	24.375	001:44:19.297 	9.4e-05	1e-99	2.24e-05	5.76e-10	-2.22e+15
23.75	24.7	001:44:19.609 	9.7e-05	1e-99	2.24e-05	5.77e-10	-2.12e+15
24.063	25.025	001:44:19.922 	9.5e-05	1e-99	2.24e-05	5.75e-10	-2.32e+15
24.375	25.35	001:44:20.234 	9.1e-05	1e-99	2.24e-05	5.74e-10	-2.42e+15
24.688	25.675	001:44:20.547 	8.7e-05	1e-99	2.24e-05	5.85e-10	-1.32e+15
25.0	26.0	001:44:20.859 	8.7e-05	1e-99	2.24e-05	5.93e-10	-5.2e+14
25.313	26.325	001:44:21.172 	9.2e-05	1e-99	2.24e-05	5.89e-10	-9.2e+14
25.625	26.65	001:44:21.484 	0.00011	1e-99	2.23e-05	5.94e-10	-4.2e+14
25.938	26.975	001:44:21.797 	0.0001	1e-99	2.23e-05	5.87e-10	-1.12e+15
26.25	27.3	001:44:22.109 	9.5e-05	1e-99	2.23e-05	5.86e-10	-1.22e+15
26.563	27.625	001:44:22.422 	9e-05	1e-99	2.23e-05	5.87e-10	-1.12e+15
26.875	27.95	001:44:22.734 	9e-05	1e-99	2.23e-05	5.92e-10	-6.2e+14
27.188	28.275	001:44:23.047 	0.0001	1e-99	2.23e-05	5.97e-10	-1.2e+14
27.5	28.6	001:44:23.359 	0.0001	1e-99	2.24e-05	6.01e-10	2.8e+14
27.813	28.925	001:44:23.672 	9.4e-05	1e-99	2.24e-05	5.97e-10	-1.2e+14
28.125	29.25	001:44:23.984 	9.1e-05	1e-99	2.24e-05	5.95e-10	-3.2e+14
28.438	29.575	001:44:24.297 	9.1e-05	1e-99	2.24e-05	6.09e-10	1.08e+15
28.75	29.9	001:44:24.609 	9.3e-05	1e-99	2.24e-05	6.03e-10	4.8e+14
29.063	30.225	001:44:24.922 	9.5e-05	1e-99	2.24e-05	6.16e-10	1.78e+15
29.375	30.55	001:44:25.234 	9.9e-05	1e-99	2.24e-05	6.15e-10	1.68e+15
29.688	30.875	001:44:25.547 	9.5e-05	1e-99	2.24e-05	6.24e-10	2.58e+15
30.0	31.2	001:44:25.859 	9.1e-05	1e-99	2.24e-05	6.26e-10	2.78e+15
30.313	31.525	001:44:26.172 	8.5e-05	1e-99	2.24e-05	6.21e-10	2.28e+15
30.625	31.85	001:44:26.484 	9e-05	1e-99	2.24e-05	6.17e-10	1.88e+15
30.938	32.175	001:44:26.797 	0.0001	1e-99	2.24e-05	6.25e-10	2.68e+15
31.25	32.5	001:44:27.109 	0.0001	1e-99	2.23e-05	6.09e-10	1.08e+15
31.563	32.825	001:44:27.422 	0.0001	1e-99	2.23e-05	6.23e-10	2.48e+15
31.875	33.15	001:44:27.734 	0.00021	1e-99	2.24e-05	6.26e-10	2.78e+15
32.188	33.475	001:44:28.047 	0.00019	1e-99	2.23e-05	6.33e-10	3.48e+15
32.5	33.8	001:44:28.359 	9.8e-05	1e-99	2.23e-05	6.34e-10	3.58e+15
32.813	34.125	001:44:28.672 	9e-05	1e-99	2.24e-05	6.32e-10	3.38e+15
33.125	34.45	001:44:28.984 	8.9e-05	1e-99	2.24e-05	6.39e-10	4.08e+15
33.438	34.775	001:44:29.297 	9e-05	1e-99	2.24e-05	6.41e-10	4.28e+15
33.75	35.1	001:44:29.609 	8.9e-05	1e-99	2.24e-05	6.48e-10	4.98e+15
34.063	35.425	001:44:29.922 	9e-05	1e-99	2.24e-05	6.34e-10	3.58e+15
34.375	35.75	001:44:30.234 	9.4e-05	1e-99	2.24e-05	6.51e-10	5.28e+15
34.688	36.075	001:44:30.547 	9.3e-05	1e-99	2.24e-05	6.48e-10	4.98e+15
35.0	36.4	001:44:30.859 	8.9e-05	1e-99	2.24e-05	6.61e-10	6.28e+15
35.313	36.725	001:44:31.172 	8.6e-05	1e-99	2.24e-05	6.61e-10	6.28e+15
35.625	37.05	001:44:31.484 	9.6e-05	1e-99	2.24e-05	6.6e-10	6.18e+15
35.938	37.375	001:44:31.797 	0.0001	1e-99	2.24e-05	6.63e-10	6.48e+15
36.25	37.7	001:44:32.109 	0.0001	1e-99	2.24e-05	6.57e-10	5.88e+15
36.563	38.025	001:44:32.422 	9.4e-05	1e-99	2.24e-05	6.63e-10	6.48e+15
36.875	38.35	001:44:32.734 	8.8e-05	1e-99	2.24e-05	6.63e-10	6.48e+15
37.188	38.675	001:44:33.047 	9.7e-05	1e-99	2.24e-05	6.66e-10	6.78e+15
37.5	39.0	001:44:33.359 	0.0001	1e-99	2.24e-05	6.66e-10	6.78e+15
37.813	39.325	001:44:33.672 	9.9e-05	1e-99	2.24e-05	6.7e-10	7.18e+15
38.125	39.65	001:44:33.984 	9.4e-05	1e-99	2.24e-05	6.8e-10	8.18e+15
38.438	39.975	001:44:34.297 	9.2e-05	1e-99	2.24e-05	6.68e-10	6.98e+15
38.75	40.3	001:44:34.609 	9.2e-05	1e-99	2.24e-05	6.77e-10	7.88e+15
39.063	40.625	001:44:34.922 	9.2e-05	1e-99	2.24e-05	6.91e-10	9.28e+15
39.375	40.95	001:44:35.234 	9.8e-05	1e-99	2.24e-05	6.93e-10	9.48e+15
39.688	41.275	001:44:35.547 	9.6e-05	1e-99	2.25e-05	6.87e-10	8.88e+15
40.0	41.6	001:44:35.859 	9e-05	1e-99	2.25e-05	6.85e-10	8.68e+15
40.313	41.925	001:44:36.172 	8.9e-05	1e-99	2.25e-05	6.77e-10	7.88e+15
40.625	42.25	001:44:36.484 	9.4e-05	1e-99	2.25e-05	6.94e-10	9.58e+15
40.938	42.575	001:44:36.797 	9.4e-05	1e-99	2.24e-05	6.94e-10	9.58e+15
41.25	42.9	001:44:37.109 	9.1e-05	1e-99	2.24e-05	7.01e-10	1.028e+16
41.563	43.225	001:44:37.422 	8.9e-05	1e-99	2.24e-05	7.06e-10	1.078e+16
41.984	43.55	001:44:37.843 	0.00019	1e-99	2.24e-05	7e-10	1.018e+16
42.297	43.875	001:44:38.156 	0.00023	1e-99	2.24e-05	7.1e-10	1.118e+16
42.609	44.2	001:44:38.468 	0.0001	1e-99	2.24e-05	7.04e-10	1.058e+16
42.922	44.525	001:44:38.781 	9.2e-05	1e-99	2.24e-05	7.1e-10	1.118e+16
43.234	44.85	001:44:39.093 	8.9e-05	1e-99	2.24e-05	7.24e-10	1.258e+16
43.547	45.175	001:44:39.406 	8.9e-05	1e-99	2.24e-05	7.16e-10	1.178e+16
43.859	45.5	001:44:39.718 	9e-05	1e-99	2.24e-05	7.24e-10	1.258e+16
44.172	45.825	001:44:40.031 	9.5e-05	1e-99	2.24e-05	7.16e-10	1.178e+16
44.484	46.15	001:44:40.343 	9.2e-05	1e-99	2.25e-05	7.25e-10	1.268e+16
44.797	46.475	001:44:40.656 	8.8e-05	1e-99	2.25e-05	7.31e-10	1.328e+16
45.109	46.8	001:44:40.968 	8.6e-05	1e-99	2.25e-05	7.35e-10	1.368e+16
45.422	47.125	001:44:41.281 	9.4e-05	1e-99	2.25e-05	7.21e-10	1.228e+16
45.734	47.45	001:44:41.593 	0.00015	1e-99	2.25e-05	7.37e-10	1.388e+16
46.047	47.775	001:44:41.906 	0.0001	1e-99	2.25e-05	7.26e-10	1.278e+16
46.359	48.1	001:44:42.218 	9.4e-05	1e-99	2.25e-05	7.36e-10	1.378e+16
46.672	48.425	001:44:42.531 	8.8e-05	1e-99	2.25e-05	7.42e-10	1.438e+16
46.984	48.75	001:44:42.843 	8.6e-05	1e-99	2.25e-05	7.46e-10	1.478e+16
47.297	49.075	001:44:43.156 	9.9e-05	1e-99	2.25e-05	7.39e-10	1.408e+16
47.609	49.4	001:44:43.468 	0.0001	1e-99	2.25e-05	7.52e-10	1.538e+16
47.922	49.725	001:44:43.781 	9.5e-05	1e-99	2.24e-05	7.39e-10	1.408e+16
48.344	50.05	001:44:44.203 	9.2e-05	1e-99	2.24e-05	7.6e-10	1.618e+16
48.656	50.375	001:44:44.515 	9.1e-05	1e-99	2.25e-05	7.57e-10	1.588e+16
48.969	50.7	001:44:44.828 	9.4e-05	1e-99	2.24e-05	7.56e-10	1.578e+16
49.281	51.025	001:44:45.140 	9.3e-05	1e-99	2.24e-05	7.52e-10	1.538e+16
49.594	51.35	001:44:45.453 	9e-05	1e-99	2.24e-05	7.61e-10	1.628e+16
49.906	51.675	001:44:45.765 	8.7e-05	1e-99	2.25e-05	7.68e-10	1.698e+16
50.219	52.0	001:44:46.078 	9.6e-05	1e-99	2.25e-05	7.74e-10	1.758e+16
50.531	52.325	001:44:46.390 	9.9e-05	1e-99	2.25e-05	7.67e-10	1.688e+16
50.844	52.65	001:44:46.703 	9.5e-05	1e-99	2.25e-05	7.69e-10	1.708e+16
51.156	52.975	001:44:47.015 	9e-05	1e-99	2.25e-05	7.68e-10	1.698e+16
51.469	53.3	001:44:47.328 	8.8e-05	1e-99	2.25e-05	7.75e-10	1.768e+16
51.781	53.625	001:44:47.640 	0.0001	1e-99	2.25e-05	7.85e-10	1.868e+16
52.094	53.95	001:44:47.953 	0.00024	1e-99	2.25e-05	7.92e-10	1.938e+16
52.406	54.275	001:44:48.265 	9.8e-05	1e-99	2.25e-05	7.85e-10	1.868e+16
52.719	54.6	001:44:48.578 	9.1e-05	1e-99	2.25e-05	7.88e-10	1.898e+16
53.031	54.925	001:44:48.890 	9e-05	1e-99	2.25e-05	7.86e-10	1.878e+16
53.344	55.25	001:44:49.203 	8.9e-05	1e-99	2.25e-05	7.96e-10	1.978e+16
53.656	55.575	001:44:49.515 	9.5e-05	1e-99	2.25e-05	7.99e-10	2.008e+16
53.969	55.9	001:44:49.828 	9.3e-05	1e-99	2.25e-05	8.02e-10	2.038e+16
54.281	56.225	001:44:50.140 	8.5e-05	1e-99	2.25e-05	8.01e-10	2.028e+16
54.594	56.55	001:44:50.453 	9.4e-05	1e-99	2.25e-05	7.91e-10	1.928e+16
54.906	56.875	001:44:50.765 	0.0001	1e-99	2.25e-05	7.96e-10	1.978e+16
55.219	57.2	001:44:51.078 	9.6e-05	1e-99	2.25e-05	8.04e-10	2.058e+16
55.531	57.525	001:44:51.390 	9.3e-05	1e-99	2.25e-05	8e-10	2.018e+16
55.844	57.85	001:44:51.703 	9e-05	1e-99	2.25e-05	8.06e-10	2.078e+16
56.156	58.175	001:44:52.015 	9.1e-05	1e-99	2.25e-05	8.23e-10	2.248e+16
56.469	58.5	001:44:52.328 	9.3e-05	1e-99	2.25e-05	8.1e-10	2.118e+16
56.781	58.825	001:44:52.640 	9.9e-05	1e-99	2.25e-05	8.1e-10	2.118e+16
57.094	59.15	001:44:52.953 	9.7e-05	1e-99	2.25e-05	8.22e-10	2.238e+16
57.406	59.475	001:44:53.265 	9.3e-05	1e-99	2.26e-05	8.2e-10	2.218e+16
57.719	59.8	001:44:53.578 	8.8e-05	1e-99	2.26e-05	8.28e-10	2.298e+16
58.031	60.125	001:44:53.890 	9.8e-05	1e-99	2.26e-05	8.29e-10	2.308e+16
58.344	60.45	001:44:54.203 	0.0001	1e-99	2.25e-05	8.29e-10	2.308e+16
58.656	60.775	001:44:54.515 	9.6e-05	1e-99	2.25e-05	8.22e-10	2.238e+16
58.969	61.1	001:44:54.828 	9.2e-05	1e-99	2.25e-05	8.24e-10	2.258e+16
59.281	61.425	001:44:55.140 	8.8e-05	1e-99	2.25e-05	8.36e-10	2.378e+16
59.594	61.75	001:44:55.453 	0.00013	1e-99	2.25e-05	8.33e-10	2.348e+16
59.906	62.075	001:44:55.765 	0.00014	1e-99	2.25e-05	8.38e-10	2.398e+16
60.219	62.4	001:44:56.078 	9.7e-05	1e-99	2.25e-05	8.53e-10	2.548e+16
60.531	62.725	001:44:56.390 	9e-05	1e-99	2.25e-05	8.48e-10	2.498e+16
60.844	63.05	001:44:56.703 	9.1e-05	1e-99	2.25e-05	8.48e-10	2.498e+16
61.156	63.375	001:44:57.015 	9.1e-05	1e-99	2.25e-05	8.38e-10	2.398e+16
61.469	63.7	001:44:57.328 	9.2e-05	1e-99	2.25e-05	8.47e-10	2.488e+16
61.781	64.025	001:44:57.640 	9.6e-05	1e-99	2.25e-05	8.48e-10	2.498e+16
62.094	64.35	001:44:57.953 	9.3e-05	1e-99	2.25e-05	8.52e-10	2.538e+16
62.406	64.675	001:44:58.265 	8.9e-05	1e-99	2.25e-05	8.57e-10	2.588e+16
62.719	65.0	001:44:58.578 	9.1e-05	1e-99	2.25e-05	8.5e-10	2.518e+16
63.031	65.325	001:44:58.890 	0.0001	1e-99	2.26e-05	8.64e-10	2.658e+16
63.344	65.65	001:44:59.203 	0.00014	1e-99	2.26e-05	8.48e-10	2.498e+16
63.656	65.975	001:44:59.515 	9.9e-05	1e-99	2.26e-05	8.57e-10	2.588e+16
63.969	66.3	001:44:59.828 	9e-05	1e-99	2.26e-05	8.56e-10	2.578e+16
64.281	66.625	001:45:00.140 	8.8e-05	1e-99	2.26e-05	8.65e-10	2.668e+16
64.594	66.95	001:45:00.453 	9.9e-05	1e-99	2.26e-05	8.68e-10	2.698e+16
64.906	67.275	001:45:00.765 	0.0001	1e-99	2.25e-05	8.66e-10	2.678e+16
65.266	67.6	001:45:01.125 	9.5e-05	1e-99	2.25e-05	8.64e-10	2.658e+16
65.531	67.925	001:45:01.390 	9.2e-05	1e-99	2.25e-05	8.73e-10	2.748e+16
65.844	68.25	001:45:01.703 	9e-05	1e-99	2.25e-05	8.76e-10	2.778e+16
66.156	68.575	001:45:02.015 	9e-05	1e-99	2.25e-05	8.69e-10	2.708e+16
66.469	68.9	001:45:02.328 	9.6e-05	1e-99	2.25e-05	8.78e-10	2.798e+16
66.781	69.225	001:45:02.640 	0.0001	1e-99	2.25e-05	8.78e-10	2.798e+16
67.094	69.55	001:45:02.953 	0.0001	1e-99	2.25e-05	8.77e-10	2.788e+16
67.406	69.875	001:45:03.265 	9.6e-05	1e-99	2.25e-05	8.78e-10	2.798e+16
67.719	70.2	001:45:03.578 	9.1e-05	1e-99	2.25e-05	8.81e-10	2.828e+16
68.031	70.525	001:45:03.890 	8.8e-05	1e-99	2.25e-05	8.79e-10	2.808e+16
68.344	70.85	001:45:04.203 	0.00022	1e-99	2.26e-05	8.81e-10	2.828e+16
68.656	71.175	001:45:04.515 	0.00011	1e-99	2.26e-05	8.93e-10	2.948e+16
68.969	71.5	001:45:04.828 	9.5e-05	1e-99	2.26e-05	8.83e-10	2.848e+16
69.281	71.825	001:45:05.140 	9e-05	1e-99	2.26e-05	8.93e-10	2.948e+16
69.594	72.15	001:45:05.453 	9e-05	1e-99	2.26e-05	9e-10	3.018e+16
69.906	72.475	001:45:05.765 	9.1e-05	1e-99	2.26e-05	8.88e-10	2.898e+16
70.219	72.8	001:45:06.078 	9.2e-05	1e-99	2.26e-05	8.98e-10	2.998e+16
70.531	73.125	001:45:06.390 	4.5e-06	1e-99	2.26e-05	8.95e-10	2.968e+16
70.844	73.45	001:45:06.703 	1.8e-08	1e-99	2.26e-05	8.86e-10	2.878e+16
71.156	73.775	001:45:07.015 	1.7e-08	1e-99	2.26e-05	9.02e-10	3.038e+16
71.469	74.1	001:45:07.328 	1.7e-08	1e-99	2.25e-05	8.91e-10	2.928e+16
71.781	74.425	001:45:07.640 	1.8e-08	1e-99	2.25e-05	8.84e-10	2.858e+16
72.094	74.75	001:45:07.953 	1.8e-08	1e-99	2.25e-05	9.2e-10	3.218e+16
72.406	75.075	001:45:08.265 	1.8e-08	1e-99	2.25e-05	9.13e-10	3.148e+16
72.719	75.4	001:45:08.578 	1.7e-08	1e-99	2.25e-05	9.05e-10	3.068e+16
73.031	75.725	001:45:08.890 	1.8e-08	1e-99	2.25e-05	8.97e-10	2.988e+16
73.344	76.05	001:45:09.203 	1.8e-08	1e-99	2.25e-05	9.04e-10	3.058e+16
73.656	76.375	001:45:09.515 	1.8e-08	1e-99	2.25e-05	8.97e-10	2.988e+16
73.969	76.7	001:45:09.828 	1.8e-08	1e-99	2.26e-05	8.83e-10	2.848e+16
74.281	77.025	001:45:10.140 	1.8e-08	1e-99	2.26e-05	9.11e-10	3.128e+16
74.594	77.35	001:45:10.453 	1.8e-08	1e-99	2.26e-05	9.07e-10	3.088e+16
74.906	77.675	001:45:10.765 	1.8e-08	1e-99	2.26e-05	9.08e-10	3.098e+16
75.219	78.0	001:45:11.078 	1.8e-08	1e-99	2.26e-05	9.14e-10	3.158e+16
75.531	78.325	001:45:11.390 	1.7e-08	1e-99	2.26e-05	9.17e-10	3.188e+16
75.844	78.65	001:45:11.703 	1.8e-08	1e-99	2.26e-05	9.23e-10	3.248e+16
76.156	78.975	001:45:12.015 	1.9e-08	1e-99	2.26e-05	9.13e-10	3.148e+16
76.469	79.3	001:45:12.328 	1.8e-08	1e-99	2.26e-05	9.18e-10	3.198e+16
76.781	79.625	001:45:12.640 	1.7e-08	1e-99	2.26e-05	9.09e-10	3.108e+16
77.094	79.95	001:45:12.953 	1.8e-08	1e-99	2.26e-05	9.04e-10	3.058e+16
77.406	80.275	001:45:13.265 	1.8e-08	1e-99	2.25e-05	9.09e-10	3.108e+16
77.766	80.6	001:45:13.625 	1.8e-08	1e-99	2.25e-05	9.13e-10	3.148e+16
78.031	80.925	001:45:13.890 	1.8e-08	1e-99	2.25e-05	9.09e-10	3.108e+16
78.344	81.25	001:45:14.203 	1.7e-08	1e-99	2.25e-05	9.04e-10	3.058e+16
78.656	81.575	001:45:14.515 	1.7e-08	1e-99	2.25e-05	9e-10	3.018e+16
78.969	81.9	001:45:14.828 	1.7e-08	1e-99	2.25e-05	8.99e-10	3.008e+16
79.281	82.225	001:45:15.140 	1.7e-08	1e-99	2.25e-05	9.03e-10	3.048e+16
79.594	82.55	001:45:15.453 	1.8e-08	1e-99	2.26e-05	9.16e-10	3.178e+16
79.906	82.875	001:45:15.765 	1.8e-08	1e-99	2.26e-05	9.1e-10	3.118e+16
80.219	83.2	001:45:16.078 	1.8e-08	1e-99	2.26e-05	9.08e-10	3.098e+16
80.531	83.525	001:45:16.390 	1.8e-08	1e-99	2.26e-05	9.23e-10	3.248e+16
80.844	83.85	001:45:16.703 	1.7e-08	1e-99	2.26e-05	9.31e-10	3.328e+16
81.156	84.175	001:45:17.015 	1.7e-08	1e-99	2.26e-05	9.18e-10	3.198e+16
81.469	84.5	001:45:17.328 	1.7e-08	1e-99	2.26e-05	9.02e-10	3.038e+16
81.781	84.825	001:45:17.640 	1.8e-08	1e-99	2.26e-05	9.33e-10	3.348e+16
82.094	85.15	001:45:17.953 	1.8e-08	1e-99	2.26e-05	9.13e-10	3.148e+16
82.406	85.475	001:45:18.265 	1.7e-08	1e-99	2.26e-05	9.07e-10	3.088e+16
82.719	85.8	001:45:18.578 	1.8e-08	1e-99	2.26e-05	9.31e-10	3.328e+16
83.031	86.125	001:45:18.890 	1.7e-08	1e-99	2.26e-05	9.25e-10	3.268e+16
83.344	86.45	001:45:19.203 	1.8e-08	1e-99	2.26e-05	9.22e-10	3.238e+16
83.656	86.775	001:45:19.515 	1.8e-08	1e-99	2.25e-05	9.03e-10	3.048e+16
84.016	87.1	001:45:19.875 	1.7e-08	1e-99	2.26e-05	9.1e-10	3.118e+16
84.281	87.425	001:45:20.140 	1.7e-08	1e-99	2.25e-05	9.26e-10	3.278e+16
84.594	87.75	001:45:20.453 	1.8e-08	1e-99	2.26e-05	9.07e-10	3.088e+16
84.906	88.075	001:45:20.765 	1.7e-08	1e-99	2.26e-05	9.1e-10	3.118e+16
85.219	88.4	001:45:21.078 	1.7e-08	1e-99	2.26e-05	9.13e-10	3.148e+16
85.531	88.725	001:45:21.390 	1.8e-08	1e-99	2.26e-05	9.09e-10	3.108e+16
85.844	89.05	001:45:21.703 	1.8e-08	1e-99	2.26e-05	9.19e-10	3.208e+16
86.156	89.375	001:45:22.015 	1.8e-08	1e-99	2.26e-05	9.16e-10	3.178e+16
86.469	89.7	001:45:22.328 	1.8e-08	1e-99	2.26e-05	9.32e-10	3.338e+16
86.781	90.025	001:45:22.640 	1.8e-08	1e-99	2.26e-05	9.11e-10	3.128e+16
87.094	90.35	001:45:22.953 	1.8e-08	1e-99	2.26e-05	9.12e-10	3.138e+16
87.406	90.675	001:45:23.265 	1.8e-08	1e-99	2.26e-05	9.03e-10	3.048e+16
87.719	91.0	001:45:23.578 	1.7e-08	1e-99	2.26e-05	9.1e-10	3.118e+16
88.031	91.325	001:45:23.890 	1.7e-08	1e-99	2.26e-05	9.11e-10	3.128e+16
88.344	91.65	001:45:24.203 	1.8e-08	1e-99	2.26e-05	9.08e-10	3.098e+16
88.656	91.975	001:45:24.515 	1.8e-08	1e-99	2.26e-05	9.14e-10	3.158e+16
88.969	92.3	001:45:24.828 	1.8e-08	1e-99	2.26e-05	9.02e-10	3.038e+16
89.281	92.625	001:45:25.140 	1.7e-08	1e-99	2.25e-05	9.24e-10	3.258e+16
89.594	92.95	001:45:25.453 	1.7e-08	1e-99	2.25e-05	9.04e-10	3.058e+16
89.906	93.275	001:45:25.765 	1.8e-08	1e-99	2.25e-05	9.19e-10	3.208e+16
90.219	93.6	001:45:26.078 	1.8e-08	1e-99	2.25e-05	8.96e-10	2.978e+16
90.531	93.925	001:45:26.390 	1.8e-08	1e-99	2.25e-05	9.16e-10	3.178e+16
90.844	94.25	001:45:26.703 	1.7e-08	1e-99	2.26e-05	9.08e-10	3.098e+16
91.156	94.575	001:45:27.015 	1.7e-08	1e-99	2.26e-05	9.03e-10	3.048e+16
91.469	94.9	001:45:27.328 	1.7e-08	1e-99	2.26e-05	9.12e-10	3.138e+16
91.781	95.225	001:45:27.640 	1.8e-08	1e-99	2.26e-05	9.13e-10	3.148e+16
92.094	95.55	001:45:27.953 	1.8e-08	1e-99	2.26e-05	9.08e-10	3.098e+16
92.406	95.875	001:45:28.265 	1.7e-08	1e-99	2.26e-05	8.93e-10	2.948e+16
92.719	96.2	001:45:28.578 	1.7e-08	1e-99	2.26e-05	9.07e-10	3.088e+16
93.031	96.525	001:45:28.890 	1.8e-08	1e-99	2.26e-05	9.07e-10	3.088e+16
93.344	96.85	001:45:29.203 	1.8e-08	1e-99	2.26e-05	9.25e-10	3.268e+16
93.656	97.175	001:45:29.515 	1.8e-08	1e-99	2.26e-05	9.11e-10	3.128e+16
93.969	97.5	001:45:29.828 	1.7e-08	1e-99	2.26e-05	9.08e-10	3.098e+16
94.281	97.825	001:45:30.140 	1.7e-08	1e-99	2.26e-05	9.01e-10	3.028e+16
94.594	98.15	001:45:30.453 	1.8e-08	1e-99	2.26e-05	9.08e-10	3.098e+16
94.906	98.475	001:45:30.765 	1.8e-08	1e-99	2.26e-05	9.03e-10	3.048e+16
95.219	98.8	001:45:31.078 	1.8e-08	1e-99	2.25e-05	9.06e-10	3.078e+16
95.531	99.125	001:45:31.390 	1.8e-08	1e-99	2.25e-05	8.88e-10	2.898e+16
95.844	99.45	001:45:31.703 	1.7e-08	1e-99	2.25e-05	9.07e-10	3.088e+16
96.156	99.775	001:45:32.015 	1.7e-08	1e-99	2.26e-05	8.89e-10	2.908e+16
96.469	100.1	001:45:32.328 	1.7e-08	1e-99	2.25e-05	8.99e-10	3.008e+16
96.781	100.425	001:45:32.640 	1.8e-08	1e-99	2.26e-05	8.85e-10	2.868e+16
97.094	100.75	001:45:32.953 	1.8e-08	1e-99	2.26e-05	9.12e-10	3.138e+16
97.406	101.075	001:45:33.265 	1.8e-08	1e-99	2.26e-05	9.01e-10	3.028e+16
97.719	101.4	001:45:33.578 	1.8e-08	1e-99	2.26e-05	8.95e-10	2.968e+16
98.031	101.725	001:45:33.890 	1.7e-08	1e-99	2.26e-05	8.87e-10	2.888e+16
98.344	102.05	001:45:34.203 	1.8e-08	1e-99	2.26e-05	8.92e-10	2.938e+16
98.656	102.375	001:45:34.515 	1.8e-08	1e-99	2.26e-05	8.92e-10	2.938e+16
98.969	102.7	001:45:34.828 	1.8e-08	1e-99	2.26e-05	8.87e-10	2.888e+16
99.281	103.025	001:45:35.140 	1.8e-08	1e-99	2.26e-05	9e-10	3.018e+16
99.594	103.35	001:45:35.453 	1.7e-08	1e-99	2.26e-05	8.91e-10	2.928e+16
99.906	103.675	001:45:35.765 	1.7e-08	1e-99	2.26e-05	8.88e-10	2.898e+16
100.219	104.0	001:45:36.078 	1.8e-08	1e-99	2.26e-05	8.79e-10	2.808e+16
100.531	104.325	001:45:36.390 	1.8e-08	1e-99	2.25e-05	8.93e-10	2.948e+16
100.844	104.65	001:45:36.703 	1.8e-08	1e-99	2.25e-05	9.05e-10	3.068e+16
101.156	104.975	001:45:37.015 	1.7e-08	1e-99	2.25e-05	8.95e-10	2.968e+16
101.469	105.3	001:45:37.328 	1.7e-08	1e-99	2.25e-05	8.8e-10	2.818e+16
101.781	105.625	001:45:37.640 	1.8e-08	1e-99	2.25e-05	8.82e-10	2.838e+16
102.094	105.95	001:45:37.953 	1.7e-08	1e-99	2.26e-05	8.98e-10	2.998e+16
102.406	106.275	001:45:38.265 	1.7e-08	1e-99	2.25e-05	8.8e-10	2.818e+16
102.719	106.6	001:45:38.578 	1.7e-08	1e-99	2.26e-05	8.82e-10	2.838e+16
103.031	106.925	001:45:38.890 	1.7e-08	1e-99	2.26e-05	8.84e-10	2.858e+16
103.344	107.25	001:45:39.203 	1.8e-08	1e-99	2.26e-05	8.86e-10	2.878e+16
103.656	107.575	001:45:39.515 	1.8e-08	1e-99	2.26e-05	8.81e-10	2.828e+16
103.969	107.9	001:45:39.828 	1.8e-08	1e-99	2.26e-05	8.84e-10	2.858e+16
104.281	108.225	001:45:40.140 	1.8e-08	1e-99	2.26e-05	8.74e-10	2.758e+16
104.594	108.55	001:45:40.453 	1.7e-08	1e-99	2.26e-05	8.84e-10	2.858e+16
104.906	108.875	001:45:40.765 	1.8e-08	1e-99	2.26e-05	8.8e-10	2.818e+16
105.219	109.2	001:45:41.078 	1.8e-08	1e-99	2.26e-05	8.95e-10	2.968e+16
105.531	109.525	001:45:41.390 	1.8e-08	1e-99	2.26e-05	8.79e-10	2.808e+16
105.844	109.85	001:45:41.703 	1.8e-08	1e-99	2.25e-05	8.86e-10	2.878e+16
106.156	110.175	001:45:42.015 	1.7e-08	1e-99	2.25e-05	8.71e-10	2.728e+16
106.469	110.5	001:45:42.328 	1.8e-08	1e-99	2.25e-05	8.78e-10	2.798e+16
106.781	110.825	001:45:42.640 	1.8e-08	1e-99	2.25e-05	8.78e-10	2.798e+16
107.094	111.15	001:45:42.953 	1.8e-08	1e-99	2.25e-05	8.91e-10	2.928e+16
107.406	111.475	001:45:43.265 	1.7e-08	1e-99	2.25e-05	8.88e-10	2.898e+16
107.719	111.8	001:45:43.578 	1.7e-08	1e-99	2.25e-05	8.73e-10	2.748e+16
108.031	112.125	001:45:43.890 	1.7e-08	1e-99	2.26e-05	8.77e-10	2.788e+16
108.344	112.45	001:45:44.203 	1.7e-08	1e-99	2.26e-05	8.85e-10	2.868e+16
108.656	112.775	001:45:44.515 	1.8e-08	1e-99	2.26e-05	8.7e-10	2.718e+16
108.969	113.1	001:45:44.828 	1.8e-08	1e-99	2.26e-05	8.65e-10	2.668e+16
109.281	113.425	001:45:45.140 	1.7e-08	1e-99	2.26e-05	8.69e-10	2.708e+16
109.594	113.75	001:45:45.453 	1.7e-08	1e-99	2.26e-05	8.59e-10	2.608e+16
109.906	114.075	001:45:45.765 	1.6e-08	1e-99	2.26e-05	8.8e-10	2.818e+16
110.219	114.4	001:45:46.078 	1.7e-08	1e-99	2.26e-05	8.73e-10	2.748e+16
110.531	114.725	001:45:46.390 	1.8e-08	1e-99	2.26e-05	8.76e-10	2.778e+16
110.844	115.05	001:45:46.703 	1.8e-08	1e-99	2.25e-05	8.73e-10	2.748e+16
111.156	115.375	001:45:47.015 	1.8e-08	1e-99	2.25e-05	8.72e-10	2.738e+16
111.469	115.7	001:45:47.328 	1.7e-08	1e-99	2.25e-05	8.67e-10	2.688e+16
111.781	116.025	001:45:47.640 	1.7e-08	1e-99	2.25e-05	8.66e-10	2.678e+16
112.094	116.35	001:45:47.953 	1.8e-08	1e-99	2.25e-05	8.76e-10	2.778e+16
112.406	116.675	001:45:48.265 	1.8e-08	1e-99	2.25e-05	8.74e-10	2.758e+16
112.719	117.0	001:45:48.578 	1.8e-08	1e-99	2.25e-05	8.57e-10	2.588e+16
113.031	117.325	001:45:48.890 	1.8e-08	1e-99	2.25e-05	8.53e-10	2.548e+16
113.344	117.65	001:45:49.203 	1.7e-08	1e-99	2.25e-05	8.61e-10	2.628e+16
113.656	117.975	001:45:49.515 	1.7e-08	1e-99	2.25e-05	8.62e-10	2.638e+16
113.969	118.3	001:45:49.828 	1.8e-08	1e-99	2.26e-05	8.59e-10	2.608e+16
114.281	118.625	001:45:50.140 	1.8e-08	1e-99	2.26e-05	8.5e-10	2.518e+16
114.594	118.95	001:45:50.453 	1.7e-08	1e-99	2.26e-05	8.74e-10	2.758e+16
114.906	119.275	001:45:50.765 	1.7e-08	1e-99	2.26e-05	8.68e-10	2.698e+16
115.328	119.6	001:45:51.187 	1.8e-08	1e-99	2.26e-05	8.56e-10	2.578e+16
115.641	119.925	001:45:51.500 	1.8e-08	1e-99	2.26e-05	8.6e-10	2.618e+16
115.953	120.25	001:45:51.812 	1.8e-08	1e-99	2.26e-05	8.6e-10	2.618e+16
116.266	120.575	001:45:52.125 	1.7e-08	1e-99	2.26e-05	8.67e-10	2.688e+16
116.578	120.9	001:45:52.437 	1.7e-08	1e-99	2.25e-05	8.55e-10	2.568e+16
116.891	121.225	001:45:52.750 	1.7e-08	1e-99	2.25e-05	8.59e-10	2.608e+16
117.203	121.55	001:45:53.062 	1.7e-08	1e-99	2.25e-05	8.69e-10	2.708e+16
117.516	121.875	001:45:53.375 	1.8e-08	1e-99	2.25e-05	8.56e-10	2.578e+16
117.828	122.2	001:45:53.687 	1.8e-08	1e-99	2.25e-05	8.52e-10	2.538e+16
118.141	122.525	001:45:54.000 	1.7e-08	1e-99	2.25e-05	8.64e-10	2.658e+16
118.453	122.85	001:45:54.312 	1.7e-08	1e-99	2.25e-05	8.68e-10	2.698e+16
118.766	123.175	001:45:54.625 	1.7e-08	1e-99	2.25e-05	8.55e-10	2.568e+16
119.078	123.5	001:45:54.937 	1.7e-08	1e-99	2.25e-05	8.63e-10	2.648e+16
119.391	123.825	001:45:55.250 	1.8e-08	1e-99	2.25e-05	8.49e-10	2.508e+16
119.703	124.15	001:45:55.562 	1.8e-08	1e-99	2.26e-05	8.54e-10	2.558e+16
120.016	124.475	001:45:55.875 	1.8e-08	1e-99	2.26e-05	8.47e-10	2.488e+16
120.328	124.8	001:45:56.187 	1.7e-08	1e-99	2.26e-05	8.45e-10	2.468e+16
120.641	125.125	001:45:56.500 	1.8e-08	1e-99	2.26e-05	8.4e-10	2.418e+16
120.953	125.45	001:45:56.812 	1.8e-08	1e-99	2.26e-05	8.52e-10	2.538e+16
121.266	125.775	001:45:57.125 	1.8e-08	1e-99	2.26e-05	8.54e-10	2.558e+16
121.703	126.1	001:45:57.562 	1.8e-08	1e-99	2.26e-05	8.41e-10	2.428e+16
122.0	126.425	001:45:57.859 	1.7e-08	1e-99	2.25e-05	8.58e-10	2.598e+16
122.313	126.75	001:45:58.172 	1.7e-08	1e-99	2.25e-05	8.34e-10	2.358e+16
122.625	127.075	001:45:58.484 	1.8e-08	1e-99	2.25e-05	8.54e-10	2.558e+16
122.938	127.4	001:45:58.797 	1.8e-08	1e-99	2.25e-05	8.5e-10	2.518e+16
123.25	127.725	001:45:59.109 	1.8e-08	1e-99	2.25e-05	8.39e-10	2.408e+16
123.563	128.05	001:45:59.422 	1.8e-08	1e-99	2.25e-05	8.45e-10	2.468e+16
123.875	128.375	001:45:59.734 	1.8e-08	1e-99	2.25e-05	8.42e-10	2.438e+16
124.188	128.7	001:46:00.047 	1.7e-08	1e-99	2.25e-05	8.47e-10	2.488e+16
124.5	129.025	001:46:00.359 	1.8e-08	1e-99	2.25e-05	8.26e-10	2.278e+16
124.813	129.35	001:46:00.672 	1.8e-08	1e-99	2.25e-05	8.4e-10	2.418e+16
125.125	129.675	001:46:00.984 	1.8e-08	1e-99	2.25e-05	8.36e-10	2.378e+16
125.438	130.0	001:46:01.297 	1.7e-08	1e-99	2.25e-05	8.39e-10	2.408e+16
125.75	130.325	001:46:01.609 	1.7e-08	1e-99	2.26e-05	8.36e-10	2.378e+16
126.063	130.65	001:46:01.922 	1.8e-08	1e-99	2.25e-05	8.34e-10	2.358e+16
126.375	130.975	001:46:02.234 	1.8e-08	1e-99	2.26e-05	8.43e-10	2.448e+16
126.688	131.3	001:46:02.547 	1.7e-08	1e-99	2.26e-05	8.42e-10	2.438e+16
127.0	131.625	001:46:02.859 	1.7e-08	1e-99	2.25e-05	8.46e-10	2.478e+16
127.313	131.95	001:46:03.172 	1.8e-08	1e-99	2.25e-05	8.33e-10	2.348e+16
127.625	132.275	001:46:03.484 	1.8e-08	1e-99	2.25e-05	8.27e-10	2.288e+16
127.938	132.6	001:46:03.797 	1.7e-08	1e-99	2.25e-05	8.34e-10	2.358e+16
128.25	132.925	001:46:04.109 	1.7e-08	1e-99	2.25e-05	8.21e-10	2.228e+16
128.563	133.25	001:46:04.422 	1.8e-08	1e-99	2.25e-05	8.27e-10	2.288e+16
128.875	133.575	001:46:04.734 	1.8e-08	1e-99	2.25e-05	8.41e-10	2.428e+16
129.188	133.9	001:46:05.047 	1.8e-08	1e-99	2.25e-05	8.34e-10	2.358e+16
129.5	134.225	001:46:05.359 	1.8e-08	1e-99	2.25e-05	8.27e-10	2.288e+16
129.813	134.55	001:46:05.672 	1.7e-08	1e-99	2.25e-05	8.26e-10	2.278e+16
130.125	134.875	001:46:05.984 	1.8e-08	1e-99	2.25e-05	8.35e-10	2.368e+16
130.438	135.2	001:46:06.297 	1.8e-08	1e-99	2.25e-05	8.24e-10	2.258e+16
130.75	135.525	001:46:06.609 	1.8e-08	1e-99	2.25e-05	8.32e-10	2.338e+16
131.063	135.85	001:46:06.922 	1.7e-08	1e-99	2.25e-05	8.24e-10	2.258e+16
131.375	136.175	001:46:07.234 	1.7e-08	1e-99	2.26e-05	8.21e-10	2.228e+16
131.688	136.5	001:46:07.547 	1.8e-08	1e-99	2.26e-05	8.23e-10	2.248e+16
132.0	136.825	001:46:07.859 	1.8e-08	1e-99	2.26e-05	8.31e-10	2.328e+16
132.313	137.15	001:46:08.172 	1.8e-08	1e-99	2.26e-05	8.21e-10	2.228e+16
132.625	137.475	001:46:08.484 	1.8e-08	1e-99	2.25e-05	8.28e-10	2.298e+16
132.938	137.8	001:46:08.797 	1.7e-08	1e-99	2.25e-05	8.26e-10	2.278e+16
133.25	138.125	001:46:09.109 	1.7e-08	1e-99	2.25e-05	8.25e-10	2.268e+16
133.563	138.45	001:46:09.422 	1.8e-08	1e-99	2.25e-05	8.16e-10	2.178e+16
133.875	138.775	001:46:09.734 	1.8e-08	1e-99	2.25e-05	8.19e-10	2.208e+16
134.188	139.1	001:46:10.047 	1.7e-08	1e-99	2.25e-05	8.25e-10	2.268e+16
134.5	139.425	001:46:10.359 	1.7e-08	1e-99	2.25e-05	8.2e-10	2.218e+16
134.813	139.75	001:46:10.672 	1.7e-08	1e-99	2.25e-05	8.03e-10	2.048e+16
135.125	140.075	001:46:10.984 	1.7e-08	1e-99	2.25e-05	8.25e-10	2.268e+16
135.438	140.4	001:46:11.297 	1.8e-08	1e-99	2.25e-05	8.21e-10	2.228e+16
135.75	140.725	001:46:11.609 	1.8e-08	1e-99	2.25e-05	8.24e-10	2.258e+16
136.063	141.05	001:46:11.922 	1.7e-08	1e-99	2.25e-05	8.17e-10	2.188e+16
136.375	141.375	001:46:12.234 	1.7e-08	1e-99	2.25e-05	8.18e-10	2.198e+16
136.688	141.7	001:46:12.547 	1.7e-08	1e-99	2.25e-05	8.16e-10	2.178e+16
137.0	142.025	001:46:12.859 	1.7e-08	1e-99	2.25e-05	8.16e-10	2.178e+16
137.313	142.35	001:46:13.172 	1.8e-08	1e-99	2.26e-05	8.22e-10	2.238e+16
137.625	142.675	001:46:13.484 	1.8e-08	1e-99	2.26e-05	8.11e-10	2.128e+16
137.938	143.0	001:46:13.797 	1.8e-08	1e-99	2.26e-05	8.16e-10	2.178e+16
138.25	143.325	001:46:14.109 	1.8e-08	1e-99	2.25e-05	8.11e-10	2.128e+16
138.563	143.65	001:46:14.422 	1.8e-08	1e-99	2.25e-05	8.19e-10	2.208e+16
138.875	143.975	001:46:14.734 	1.8e-08	1e-99	2.25e-05	8.08e-10	2.098e+16
139.188	144.3	001:46:15.047 	1.8e-08	1e-99	2.25e-05	8.19e-10	2.208e+16
139.5	144.625	001:46:15.359 	1.8e-08	1e-99	2.25e-05	8.11e-10	2.128e+16
139.813	144.95	001:46:15.672 	1.8e-08	1e-99	2.25e-05	8.13e-10	2.148e+16
140.125	145.275	001:46:15.984 	1.7e-08	1e-99	2.25e-05	8.05e-10	2.068e+16
140.484	145.6	001:46:16.343 	1.8e-08	1e-99	2.25e-05	7.91e-10	1.928e+16
140.75	145.925	001:46:16.609 	1.8e-08	1e-99	2.25e-05	8.14e-10	2.158e+16
141.063	146.25	001:46:16.922 	1.8e-08	1e-99	2.25e-05	8.06e-10	2.078e+16
141.375	146.575	001:46:17.234 	1.8e-08	1e-99	2.25e-05	8.05e-10	2.068e+16
141.688	146.9	001:46:17.547 	1.7e-08	1e-99	2.25e-05	8e-10	2.018e+16
142.0	147.225	001:46:17.859 	1.8e-08	1e-99	2.25e-05	8.08e-10	2.098e+16
142.313	147.55	001:46:18.172 	1.8e-08	1e-99	2.25e-05	7.96e-10	1.978e+16
142.625	147.875	001:46:18.484 	1.8e-08	1e-99	2.25e-05	8.02e-10	2.038e+16
142.938	148.2	001:46:18.797 	1.8e-08	1e-99	2.25e-05	8.11e-10	2.128e+16
143.25	148.525	001:46:19.109 	1.8e-08	1e-99	2.25e-05	8.07e-10	2.088e+16
143.563	148.85	001:46:19.422 	1.8e-08	1e-99	2.25e-05	8.08e-10	2.098e+16
143.875	149.175	001:46:19.734 	1.7e-08	1e-99	2.25e-05	8.01e-10	2.028e+16
144.188	149.5	001:46:20.047 	1.7e-08	1e-99	2.25e-05	8.09e-10	2.108e+16
144.5	149.825	001:46:20.359 	1.8e-08	1e-99	2.25e-05	7.96e-10	1.978e+16
144.813	150.15	001:46:20.672 	1.7e-08	1e-99	2.25e-05	8.01e-10	2.028e+16
145.125	150.475	001:46:20.984 	1.7e-08	1e-99	2.25e-05	8.07e-10	2.088e+16
145.438	150.8	001:46:21.297 	1.7e-08	1e-99	2.25e-05	7.95e-10	1.968e+16
145.75	151.125	001:46:21.609 	1.8e-08	1e-99	2.25e-05	8.02e-10	2.038e+16
146.063	151.45	001:46:21.922 	1.8e-08	1e-99	2.25e-05	7.83e-10	1.848e+16
146.375	151.775	001:46:22.234 	1.8e-08	1e-99	2.25e-05	7.88e-10	1.898e+16
146.688	152.1	001:46:22.547 	1.7e-08	1e-99	2.25e-05	7.94e-10	1.958e+16
147.0	152.425	001:46:22.859 	1.7e-08	1e-99	2.25e-05	7.99e-10	2.008e+16
147.313	152.75	001:46:23.172 	1.8e-08	1e-99	2.25e-05	7.92e-10	1.938e+16
147.625	153.075	001:46:23.484 	1.8e-08	1e-99	2.25e-05	7.9e-10	1.918e+16
147.938	153.4	001:46:23.797 	1.8e-08	1e-99	2.25e-05	7.94e-10	1.958e+16
148.25	153.725	001:46:24.109 	1.8e-08	1e-99	2.25e-05	7.92e-10	1.938e+16
148.563	154.05	001:46:24.422 	1.7e-08	1e-99	2.25e-05	7.84e-10	1.858e+16
148.875	154.375	001:46:24.734 	1.8e-08	1e-99	2.25e-05	7.96e-10	1.978e+16
149.188	154.7	001:46:25.047 	1.8e-08	1e-99	2.25e-05	7.91e-10	1.928e+16
149.5	155.025	001:46:25.359 	1.8e-08	1e-99	2.25e-05	7.93e-10	1.948e+16
149.813	155.35	001:46:25.672 	1.7e-08	1e-99	2.25e-05	7.85e-10	1.868e+16
150.125	155.675	001:46:25.984 	1.7e-08	1e-99	2.25e-05	7.78e-10	1.798e+16
150.438	156.0	001:46:26.297 	1.7e-08	1e-99	2.25e-05	7.87e-10	1.888e+16
150.75	156.325	001:46:26.609 	1.8e-08	1e-99	2.25e-05	7.96e-10	1.978e+16
151.063	156.65	001:46:26.922 	1.8e-08	1e-99	2.25e-05	7.96e-10	1.978e+16
151.375	156.975	001:46:27.234 	1.7e-08	1e-99	2.25e-05	7.9e-10	1.918e+16
151.688	157.3	001:46:27.547 	1.7e-08	1e-99	2.25e-05	7.88e-10	1.898e+16
152.0	157.625	001:46:27.859 	1.8e-08	1e-99	2.25e-05	7.91e-10	1.928e+16
152.313	157.95	001:46:28.172 	1.8e-08	1e-99	2.25e-05	7.87e-10	1.888e+16
152.625	158.275	001:46:28.484 	1.8e-08	1e-99	2.25e-05	7.85e-10	1.868e+16
152.984	158.6	001:46:28.843 	1.7e-08	1e-99	2.25e-05	7.8e-10	1.818e+16
153.25	158.925	001:46:29.109 	1.7e-08	1e-99	2.25e-05	7.84e-10	1.858e+16
153.563	159.25	001:46:29.422 	1.8e-08	1e-99	2.25e-05	7.82e-10	1.838e+16
153.922	159.575	001:46:29.781 	1.8e-08	1e-99	2.25e-05	7.79e-10	1.808e+16
154.188	159.9	001:46:30.047 	1.8e-08	1e-99	2.25e-05	7.77e-10	1.788e+16
154.5	160.225	001:46:30.359 	1.7e-08	1e-99	2.25e-05	7.83e-10	1.848e+16
154.813	160.55	001:46:30.672 	1.7e-08	1e-99	2.25e-05	7.8e-10	1.818e+16
155.125	160.875	001:46:30.984 	1.8e-08	1e-99	2.25e-05	7.83e-10	1.848e+16
155.438	161.2	001:46:31.297 	1.8e-08	1e-99	2.25e-05	7.81e-10	1.828e+16
155.75	161.525	001:46:31.609 	1.8e-08	1e-99	2.25e-05	7.83e-10	1.848e+16
156.063	161.85	001:46:31.922 	1.7e-08	1e-99	2.25e-05	7.7e-10	1.718e+16
156.375	162.175	001:46:32.234 	1.7e-08	1e-99	2.25e-05	7.86e-10	1.878e+16
156.688	162.5	001:46:32.547 	1.8e-08	1e-99	2.25e-05	7.72e-10	1.738e+16
157.0	162.825	001:46:32.859 	1.9e-08	1e-99	2.25e-05	7.83e-10	1.848e+16
157.313	163.15	001:46:33.172 	1.8e-08	1e-99	2.25e-05	7.84e-10	1.858e+16
157.625	163.475	001:46:33.484 	1.7e-08	1e-99	2.25e-05	7.72e-10	1.738e+16
157.938	163.8	001:46:33.797 	1.7e-08	1e-99	2.25e-05	7.72e-10	1.738e+16
158.25	164.125	001:46:34.109 	1.8e-08	1e-99	2.25e-05	7.81e-10	1.828e+16
158.563	164.45	001:46:34.422 	1.8e-08	1e-99	2.24e-05	7.86e-10	1.878e+16
158.875	164.775	001:46:34.734 	1.7e-08	1e-99	2.25e-05	7.76e-10	1.778e+16
159.234	165.1	001:46:35.093 	1.7e-08	1e-99	2.24e-05	7.71e-10	1.728e+16
159.5	165.425	001:46:35.359 	1.7e-08	1e-99	2.24e-05	7.82e-10	1.838e+16
159.813	165.75	001:46:35.672 	1.7e-08	1e-99	2.25e-05	7.84e-10	1.858e+16
160.172	166.075	001:46:36.031 	1.8e-08	1e-99	2.25e-05	7.61e-10	1.628e+16
160.438	166.4	001:46:36.297 	1.8e-08	1e-99	2.25e-05	7.78e-10	1.798e+16
160.75	166.725	001:46:36.609 	1.7e-08	1e-99	2.25e-05	7.72e-10	1.738e+16
161.063	167.05	001:46:36.922 	1.7e-08	1e-99	2.25e-05	7.74e-10	1.758e+16
161.375	167.375	001:46:37.234 	1.7e-08	1e-99	2.25e-05	7.7e-10	1.718e+16
161.688	167.7	001:46:37.547 	1.8e-08	1e-99	2.25e-05	7.68e-10	1.698e+16
162.0	168.025	001:46:37.859 	1.8e-08	1e-99	2.25e-05	7.66e-10	1.678e+16
162.313	168.35	001:46:38.172 	1.8e-08	1e-99	2.25e-05	7.62e-10	1.638e+16
162.625	168.675	001:46:38.484 	1.8e-08	1e-99	2.25e-05	7.67e-10	1.688e+16
162.938	169.0	001:46:38.797 	1.8e-08	1e-99	2.25e-05	7.65e-10	1.668e+16
163.25	169.325	001:46:39.109 	1.8e-08	1e-99	2.25e-05	7.8e-10	1.818e+16
163.563	169.65	001:46:39.422 	1.8e-08	1e-99	2.25e-05	7.69e-10	1.708e+16
163.875	169.975	001:46:39.734 	1.8e-08	1e-99	2.24e-05	7.74e-10	1.758e+16
164.188	170.3	001:46:40.047 	1.8e-08	1e-99	2.25e-05	7.75e-10	1.768e+16
164.5	170.625	001:46:40.359 	1.8e-08	1e-99	2.25e-05	7.77e-10	1.788e+16
164.813	170.95	001:46:40.672 	1.8e-08	1e-99	2.24e-05	7.59e-10	1.608e+16
165.125	171.275	001:46:40.984 	1.8e-08	1e-99	2.24e-05	7.62e-10	1.638e+16
165.438	171.6	001:46:41.297 	1.7e-08	1e-99	2.24e-05	7.59e-10	1.608e+16
165.75	171.925	001:46:41.609 	1.7e-08	1e-99	2.24e-05	7.55e-10	1.568e+16
166.063	172.25	001:46:41.922 	1.8e-08	1e-99	2.25e-05	7.61e-10	1.628e+16
166.375	172.575	001:46:42.234 	1.8e-08	1e-99	2.25e-05	7.68e-10	1.698e+16
166.688	172.9	001:46:42.547 	1.8e-08	1e-99	2.25e-05	7.64e-10	1.658e+16
167.0	173.225	001:46:42.859 	1.8e-08	1e-99	2.25e-05	7.66e-10	1.678e+16
167.313	173.55	001:46:43.172 	1.8e-08	1e-99	2.25e-05	7.56e-10	1.578e+16
167.625	173.875	001:46:43.484 	1.8e-08	1e-99	2.25e-05	7.61e-10	1.628e+16
167.938	174.2	001:46:43.797 	1.8e-08	1e-99	2.25e-05	7.56e-10	1.578e+16
168.25	174.525	001:46:44.109 	1.7e-08	1e-99	2.25e-05	7.52e-10	1.538e+16
168.563	174.85	001:46:44.422 	1.7e-08	1e-99	2.25e-05	7.67e-10	1.688e+16
168.875	175.175	001:46:44.734 	1.7e-08	1e-99	2.25e-05	7.62e-10	1.638e+16
169.188	175.5	001:46:45.047 	1.8e-08	1e-99	2.25e-05	7.56e-10	1.578e+16
169.5	175.825	001:46:45.359 	1.8e-08	1e-99	2.25e-05	7.65e-10	1.668e+16
169.813	176.15	001:46:45.672 	1.8e-08	1e-99	2.25e-05	7.68e-10	1.698e+16
170.125	176.475	001:46:45.984 	1.7e-08	1e-99	2.25e-05	7.51e-10	1.528e+16
170.438	176.8	001:46:46.297 	1.8e-08	1e-99	2.25e-05	7.62e-10	1.638e+16
170.75	177.125	001:46:46.609 	1.8e-08	1e-99	2.25e-05	7.55e-10	1.568e+16
171.063	177.45	001:46:46.922 	1.8e-08	1e-99	2.24e-05	7.62e-10	1.638e+16
171.375	177.775	001:46:47.234 	1.8e-08	1e-99	2.24e-05	7.4e-10	1.418e+16
171.688	178.1	001:46:47.547 	1.8e-08	1e-99	2.24e-05	7.57e-10	1.588e+16
172.0	178.425	001:46:47.859 	1.7e-08	1e-99	2.24e-05	7.6e-10	1.618e+16
172.313	178.75	001:46:48.172 	1.8e-08	1e-99	2.24e-05	7.51e-10	1.528e+16
172.672	179.075	001:46:48.531 	1.8e-08	1e-99	2.24e-05	7.59e-10	1.608e+16
172.938	179.4	001:46:48.797 	1.7e-08	1e-99	2.24e-05	7.46e-10	1.478e+16
173.25	179.725	001:46:49.109 	1.8e-08	1e-99	2.24e-05	7.66e-10	1.678e+16
173.563	180.05	001:46:49.422 	1.7e-08	1e-99	2.25e-05	7.48e-10	1.498e+16
173.875	180.375	001:46:49.734 	1.8e-08	1e-99	2.25e-05	7.46e-10	1.478e+16
174.188	180.7	001:46:50.047 	1.8e-08	1e-99	2.25e-05	7.57e-10	1.588e+16
174.5	181.025	001:46:50.359 	1.8e-08	1e-99	2.25e-05	7.48e-10	1.498e+16
174.813	181.35	001:46:50.672 	1.8e-08	1e-99	2.25e-05	7.47e-10	1.488e+16
175.125	181.675	001:46:50.984 	1.8e-08	1e-99	2.25e-05	7.49e-10	1.508e+16
175.438	182.0	001:46:51.297 	1.7e-08	1e-99	2.25e-05	7.43e-10	1.448e+16
175.75	182.325	001:46:51.609 	1.7e-08	1e-99	2.25e-05	7.42e-10	1.438e+16
176.063	182.65	001:46:51.922 	1.8e-08	1e-99	2.25e-05	7.5e-10	1.518e+16
176.375	182.975	001:46:52.234 	1.7e-08	1e-99	2.25e-05	7.38e-10	1.398e+16
176.688	183.3	001:46:52.547 	1.7e-08	1e-99	2.25e-05	7.47e-10	1.488e+16
177.0	183.625	001:46:52.859 	1.7e-08	1e-99	2.25e-05	7.6e-10	1.618e+16
177.313	183.95	001:46:53.172 	1.8e-08	1e-99	2.24e-05	7.38e-10	1.398e+16
177.625	184.275	001:46:53.484 	1.8e-08	1e-99	2.25e-05	7.41e-10	1.428e+16
177.938	184.6	001:46:53.797 	1.7e-08	1e-99	2.24e-05	7.57e-10	1.588e+16
178.25	184.925	001:46:54.109 	1.8e-08	1e-99	2.24e-05	7.46e-10	1.478e+16
178.563	185.25	001:46:54.422 	1.8e-08	1e-99	2.24e-05	7.43e-10	1.448e+16
178.875	185.575	001:46:54.734 	1.8e-08	1e-99	2.24e-05	7.42e-10	1.438e+16
179.188	185.9	001:46:55.047 	1.7e-08	1e-99	2.24e-05	7.5e-10	1.518e+16
179.5	186.225	001:46:55.359 	1.7e-08	1e-99	2.24e-05	7.48e-10	1.498e+16
179.813	186.55	001:46:55.672 	1.7e-08	1e-99	2.25e-05	7.43e-10	1.448e+16
180.125	186.875	001:46:55.984 	1.7e-08	1e-99	2.25e-05	7.42e-10	1.438e+16
180.438	187.2	001:46:56.297 	1.8e-08	1e-99	2.25e-05	7.29e-10	1.308e+16
180.75	187.525	001:46:56.609 	1.8e-08	1e-99	2.25e-05	7.28e-10	1.298e+16
181.063	187.85	001:46:56.922 	1.7e-08	1e-99	2.25e-05	7.29e-10	1.308e+16
181.375	188.175	001:46:57.234 	1.7e-08	1e-99	2.25e-05	7.45e-10	1.468e+16
181.688	188.5	001:46:57.547 	1.8e-08	1e-99	2.25e-05	7.38e-10	1.398e+16
182.0	188.825	001:46:57.859 	1.8e-08	1e-99	2.25e-05	7.36e-10	1.378e+16
182.313	189.15	001:46:58.172 	1.7e-08	1e-99	2.25e-05	7.42e-10	1.438e+16
182.625	189.475	001:46:58.484 	1.7e-08	1e-99	2.25e-05	7.26e-10	1.278e+16
182.938	189.8	001:46:58.797 	1.7e-08	1e-99	2.25e-05	7.35e-10	1.368e+16
183.25	190.125	001:46:59.109 	1.8e-08	1e-99	2.25e-05	7.3e-10	1.318e+16
183.563	190.45	001:46:59.422 	1.8e-08	1e-99	2.25e-05	7.37e-10	1.388e+16
183.891	190.775	001:46:59.750 	1.8e-08	1e-99	2.24e-05	7.36e-10	1.378e+16
184.188	191.1	001:47:00.047 	1.7e-08	1e-99	2.24e-05	7.43e-10	1.448e+16
184.5	191.425	001:47:00.359 	1.7e-08	1e-99	2.24e-05	7.39e-10	1.408e+16
184.813	191.75	001:47:00.672 	1.8e-08	1e-99	2.24e-05	7.37e-10	1.388e+16
185.125	192.075	001:47:00.984 	1.7e-08	1e-99	2.24e-05	7.28e-10	1.298e+16
185.438	192.4	001:47:01.297 	1.7e-08	1e-99	2.24e-05	7.37e-10	1.388e+16
185.75	192.725	001:47:01.609 	1.7e-08	1e-99	2.24e-05	7.33e-10	1.348e+16
186.063	193.05	001:47:01.922 	1.8e-08	1e-99	2.24e-05	7.34e-10	1.358e+16
186.375	193.375	001:47:02.234 	1.8e-08	1e-99	2.25e-05	7.32e-10	1.338e+16
186.688	193.7	001:47:02.547 	1.7e-08	1e-99	2.25e-05	7.23e-10	1.248e+16
187.0	194.025	001:47:02.859 	1.7e-08	1e-99	2.25e-05	7.23e-10	1.248e+16
187.313	194.35	001:47:03.172 	1.8e-08	1e-99	2.25e-05	7.4e-10	1.418e+16
187.625	194.675	001:47:03.484 	1.8e-08	1e-99	2.25e-05	7.2e-10	1.218e+16
187.938	195.0	001:47:03.797 	1.8e-08	1e-99	2.25e-05	7.31e-10	1.328e+16
188.25	195.325	001:47:04.109 	1.8e-08	1e-99	2.25e-05	7.31e-10	1.328e+16
188.563	195.65	001:47:04.422 	1.8e-08	1e-99	2.25e-05	7.24e-10	1.258e+16
188.875	195.975	001:47:04.734 	1.8e-08	1e-99	2.25e-05	7.32e-10	1.338e+16
189.188	196.3	001:47:05.047 	1.8e-08	1e-99	2.25e-05	7.24e-10	1.258e+16
189.5	196.625	001:47:05.359 	1.7e-08	1e-99	2.25e-05	7.32e-10	1.338e+16
189.813	196.95	001:47:05.672 	1.7e-08	1e-99	2.25e-05	7.31e-10	1.328e+16
190.125	197.275	001:47:05.984 	1.8e-08	1e-99	2.25e-05	7.33e-10	1.348e+16
190.594	197.6	001:47:06.453 	1.8e-08	1e-99	2.24e-05	7.33e-10	1.348e+16
190.859	197.925	001:47:06.718 	1.8e-08	1e-99	2.24e-05	7.19e-10	1.208e+16
191.172	198.25	001:47:07.031 	1.8e-08	1e-99	2.24e-05	7.26e-10	1.278e+16
191.484	198.575	001:47:07.343 	1.7e-08	1e-99	2.24e-05	7.25e-10	1.268e+16
191.797	198.9	001:47:07.656 	1.7e-08	1e-99	2.24e-05	7.25e-10	1.268e+16
192.109	199.225	001:47:07.968 	1.8e-08	1e-99	2.24e-05	7.29e-10	1.308e+16
192.422	199.55	001:47:08.281 	1.8e-08	1e-99	2.24e-05	7.3e-10	1.318e+16
192.734	199.875	001:47:08.593 	1.8e-08	1e-99	2.24e-05	7.19e-10	1.208e+16
193.047	200.2	001:47:08.906 	1.8e-08	1e-99	2.25e-05	7.19e-10	1.208e+16
193.359	200.525	001:47:09.218 	1.8e-08	1e-99	2.24e-05	7.21e-10	1.228e+16
193.672	200.85	001:47:09.531 	1.8e-08	1e-99	2.25e-05	7.31e-10	1.328e+16
193.984	201.175	001:47:09.843 	1.8e-08	1e-99	2.25e-05	7.21e-10	1.228e+16
194.297	201.5	001:47:10.156 	1.7e-08	1e-99	2.25e-05	7.13e-10	1.148e+16
194.609	201.825	001:47:10.468 	1.7e-08	1e-99	2.25e-05	7.12e-10	1.138e+16
194.922	202.15	001:47:10.781 	1.8e-08	1e-99	2.25e-05	7.15e-10	1.168e+16
195.234	202.475	001:47:11.093 	1.8e-08	1e-99	2.25e-05	7.16e-10	1.178e+16
195.547	202.8	001:47:11.406 	1.8e-08	1e-99	2.25e-05	7.08e-10	1.098e+16
195.859	203.125	001:47:11.718 	1.8e-08	1e-99	2.25e-05	7.23e-10	1.248e+16
196.172	203.45	001:47:12.031 	1.8e-08	1e-99	2.25e-05	7.23e-10	1.248e+16
196.484	203.775	001:47:12.343 	1.8e-08	1e-99	2.24e-05	7.18e-10	1.198e+16
196.953	204.1	001:47:12.812 	1.8e-08	1e-99	2.24e-05	7.18e-10	1.198e+16
197.219	204.425	001:47:13.078 	1.7e-08	1e-99	2.24e-05	7.16e-10	1.178e+16
197.531	204.75	001:47:13.390 	1.8e-08	1e-99	2.24e-05	7.14e-10	1.158e+16
197.844	205.075	001:47:13.703 	1.8e-08	1e-99	2.24e-05	7.16e-10	1.178e+16
198.156	205.4	001:47:14.015 	1.8e-08	1e-99	2.24e-05	7.03e-10	1.048e+16
198.469	205.725	001:47:14.328 	1.8e-08	1e-99	2.24e-05	7.23e-10	1.248e+16
198.781	206.05	001:47:14.640 	1.8e-08	1e-99	2.24e-05	7.03e-10	1.048e+16
199.094	206.375	001:47:14.953 	1.7e-08	1e-99	2.24e-05	7.07e-10	1.088e+16
199.406	206.7	001:47:15.265 	1.7e-08	1e-99	2.24e-05	7.12e-10	1.138e+16
199.719	207.025	001:47:15.578 	1.7e-08	1e-99	2.24e-05	7.13e-10	1.148e+16
200.031	207.35	001:47:15.890 	1.8e-08	1e-99	2.24e-05	7.2e-10	1.218e+16
200.344	207.675	001:47:16.203 	1.8e-08	1e-99	2.25e-05	7.08e-10	1.098e+16
200.656	208.0	001:47:16.515 	1.8e-08	1e-99	2.25e-05	7.12e-10	1.138e+16
200.969	208.325	001:47:16.828 	1.8e-08	1e-99	2.25e-05	7.09e-10	1.108e+16
201.281	208.65	001:47:17.140 	1.7e-08	1e-99	2.25e-05	7.15e-10	1.168e+16
201.594	208.975	001:47:17.453 	1.8e-08	1e-99	2.25e-05	7.16e-10	1.178e+16
201.906	209.3	001:47:17.765 	1.8e-08	1e-99	2.25e-05	7.1e-10	1.118e+16
202.219	209.625	001:47:18.078 	1.7e-08	1e-99	2.25e-05	7.18e-10	1.198e+16
202.531	209.95	001:47:18.390 	1.7e-08	1e-99	2.24e-05	7.14e-10	1.158e+16
202.844	210.275	001:47:18.703 	1.8e-08	1e-99	2.24e-05	7.16e-10	1.178e+16
203.156	210.6	001:47:19.015 	1.8e-08	1e-99	2.24e-05	7.07e-10	1.088e+16
203.469	210.925	001:47:19.328 	1.8e-08	1e-99	2.24e-05	7.14e-10	1.158e+16
203.781	211.25	001:47:19.640 	1.8e-08	1e-99	2.24e-05	7.1e-10	1.118e+16
204.094	211.575	001:47:19.953 	1.7e-08	1e-99	2.24e-05	7.08e-10	1.098e+16
204.406	211.9	001:47:20.265 	1.8e-08	1e-99	2.24e-05	7.03e-10	1.048e+16
204.719	212.225	001:47:20.578 	1.8e-08	1e-99	2.24e-05	7.11e-10	1.128e+16
205.031	212.55	001:47:20.890 	1.8e-08	1e-99	2.24e-05	7.12e-10	1.138e+16
205.344	212.875	001:47:21.203 	1.7e-08	1e-99	2.24e-05	7.02e-10	1.038e+16
205.656	213.2	001:47:21.515 	1.8e-08	1e-99	2.24e-05	7.09e-10	1.108e+16
205.969	213.525	001:47:21.828 	1.8e-08	1e-99	2.24e-05	7e-10	1.018e+16
206.281	213.85	001:47:22.140 	1.8e-08	1e-99	2.24e-05	7.03e-10	1.048e+16
206.594	214.175	001:47:22.453 	1.8e-08	1e-99	2.24e-05	7.01e-10	1.028e+16
206.906	214.5	001:47:22.765 	1.7e-08	1e-99	2.25e-05	7.06e-10	1.078e+16
207.219	214.825	001:47:23.078 	1.8e-08	1e-99	2.25e-05	7.06e-10	1.078e+16
207.531	215.15	001:47:23.390 	1.8e-08	1e-99	2.25e-05	7.06e-10	1.078e+16
207.844	215.475	001:47:23.703 	1.8e-08	1e-99	2.25e-05	7.02e-10	1.038e+16
208.156	215.8	001:47:24.015 	1.7e-08	1e-99	2.25e-05	6.97e-10	9.88e+15
208.469	216.125	001:47:24.328 	1.7e-08	1e-99	2.25e-05	7.05e-10	1.068e+16
208.781	216.45	001:47:24.640 	1.8e-08	1e-99	2.25e-05	6.95e-10	9.68e+15
209.094	216.775	001:47:24.953 	1.7e-08	1e-99	2.25e-05	6.95e-10	9.68e+15
209.453	217.1	001:47:25.312 	1.7e-08	1e-99	2.25e-05	6.93e-10	9.48e+15
209.719	217.425	001:47:25.578 	1.8e-08	1e-99	2.24e-05	6.93e-10	9.48e+15
210.031	217.75	001:47:25.890 	1.8e-08	1e-99	2.24e-05	7.06e-10	1.078e+16
210.344	218.075	001:47:26.203 	1.8e-08	1e-99	2.24e-05	7.05e-10	1.068e+16
210.656	218.4	001:47:26.515 	1.7e-08	1e-99	2.24e-05	6.95e-10	9.68e+15
210.969	218.725	001:47:26.828 	1.7e-08	1e-99	2.24e-05	6.92e-10	9.38e+15
211.281	219.05	001:47:27.140 	1.8e-08	1e-99	2.24e-05	7e-10	1.018e+16
211.594	219.375	001:47:27.453 	1.8e-08	1e-99	2.24e-05	6.85e-10	8.68e+15
211.906	219.7	001:47:27.765 	1.8e-08	1e-99	2.24e-05	6.95e-10	9.68e+15
212.219	220.025	001:47:28.078 	1.7e-08	1e-99	2.24e-05	6.99e-10	1.008e+16
212.531	220.35	001:47:28.390 	1.7e-08	1e-99	2.24e-05	7.03e-10	1.048e+16
212.844	220.675	001:47:28.703 	1.8e-08	1e-99	2.24e-05	6.89e-10	9.08e+15
213.156	221.0	001:47:29.015 	1.8e-08	1e-99	2.24e-05	6.82e-10	8.38e+15
213.469	221.325	001:47:29.328 	1.8e-08	1e-99	2.24e-05	6.87e-10	8.88e+15
213.781	221.65	001:47:29.640 	1.8e-08	1e-99	2.25e-05	6.94e-10	9.58e+15
214.094	221.975	001:47:29.953 	1.7e-08	1e-99	2.25e-05	7.06e-10	1.078e+16
214.406	222.3	001:47:30.265 	1.8e-08	1e-99	2.25e-05	6.85e-10	8.68e+15
214.719	222.625	001:47:30.578 	1.8e-08	1e-99	2.25e-05	6.96e-10	9.78e+15
215.031	222.95	001:47:30.890 	1.7e-08	1e-99	2.25e-05	7.08e-10	1.098e+16
215.344	223.275	001:47:31.203 	1.7e-08	1e-99	2.25e-05	6.9e-10	9.18e+15
215.656	223.6	001:47:31.515 	1.7e-08	1e-99	2.24e-05	6.9e-10	9.18e+15
215.969	223.925	001:47:31.828 	1.8e-08	1e-99	2.24e-05	6.97e-10	9.88e+15
216.281	224.25	001:47:32.140 	1.7e-08	1e-99	2.24e-05	6.86e-10	8.78e+15
216.594	224.575	001:47:32.453 	1.7e-08	1e-99	2.24e-05	6.91e-10	9.28e+15
216.906	224.9	001:47:32.765 	1.7e-08	1e-99	2.24e-05	6.85e-10	8.68e+15
217.219	225.225	001:47:33.078 	1.8e-08	1e-99	2.24e-05	6.93e-10	9.48e+15
217.531	225.55	001:47:33.390 	1.8e-08	1e-99	2.24e-05	6.89e-10	9.08e+15
217.844	225.875	001:47:33.703 	1.8e-08	1e-99	2.24e-05	6.95e-10	9.68e+15
218.156	226.2	001:47:34.015 	1.8e-08	1e-99	2.24e-05	6.86e-10	8.78e+15
218.469	226.525	001:47:34.328 	1.8e-08	1e-99	2.24e-05	6.89e-10	9.08e+15
218.781	226.85	001:47:34.640 	1.8e-08	1e-99	2.24e-05	6.91e-10	9.28e+15
219.094	227.175	001:47:34.953 	1.7e-08	1e-99	2.24e-05	6.9e-10	9.18e+15
219.406	227.5	001:47:35.265 	1.7e-08	1e-99	2.24e-05	6.91e-10	9.28e+15
219.719	227.825	001:47:35.578 	1.7e-08	1e-99	2.24e-05	6.87e-10	8.88e+15
220.031	228.15	001:47:35.890 	1.8e-08	1e-99	2.24e-05	6.9e-10	9.18e+15
220.344	228.475	001:47:36.203 	1.8e-08	1e-99	2.24e-05	6.79e-10	8.08e+15
220.656	228.8	001:47:36.515 	1.7e-08	1e-99	2.24e-05	6.76e-10	7.78e+15
220.969	229.125	001:47:36.828 	1.7e-08	1e-99	2.24e-05	6.83e-10	8.48e+15
221.281	229.45	001:47:37.140 	1.8e-08	1e-99	2.25e-05	6.83e-10	8.48e+15
221.594	229.775	001:47:37.453 	1.8e-08	1e-99	2.25e-05	6.91e-10	9.28e+15
221.906	230.1	001:47:37.765 	1.8e-08	1e-99	2.25e-05	6.87e-10	8.88e+15
222.219	230.425	001:47:38.078 	1.7e-08	1e-99	2.25e-05	6.87e-10	8.88e+15
222.531	230.75	001:47:38.390 	1.7e-08	1e-99	2.24e-05	6.9e-10	9.18e+15
222.844	231.075	001:47:38.703 	1.7e-08	1e-99	2.24e-05	6.79e-10	8.08e+15
223.156	231.4	001:47:39.015 	1.8e-08	1e-99	2.24e-05	6.87e-10	8.88e+15
223.469	231.725	001:47:39.328 	1.8e-08	1e-99	2.24e-05	6.86e-10	8.78e+15
223.781	232.05	001:47:39.640 	1.7e-08	1e-99	2.24e-05	6.85e-10	8.68e+15
224.094	232.375	001:47:39.953 	1.7e-08	1e-99	2.24e-05	6.83e-10	8.48e+15
224.406	232.7	001:47:40.265 	1.7e-08	1e-99	2.24e-05	6.81e-10	8.28e+15
224.719	233.025	001:47:40.578 	1.8e-08	1e-99	2.24e-05	6.84e-10	8.58e+15
225.031	233.35	001:47:40.890 	1.8e-08	1e-99	2.24e-05	6.71e-10	7.28e+15
225.344	233.675	001:47:41.203 	1.7e-08	1e-99	2.24e-05	6.76e-10	7.78e+15
225.656	234.0	001:47:41.515 	1.7e-08	1e-99	2.24e-05	6.8e-10	8.18e+15
225.969	234.325	001:47:41.828 	1.8e-08	1e-99	2.24e-05	6.69e-10	7.08e+15
226.281	234.65	001:47:42.140 	1.8e-08	1e-99	2.24e-05	6.78e-10	7.98e+15
226.594	234.975	001:47:42.453 	1.8e-08	1e-99	2.24e-05	6.72e-10	7.38e+15
226.906	235.3	001:47:42.765 	1.8e-08	1e-99	2.24e-05	6.75e-10	7.68e+15
227.219	235.625	001:47:43.078 	1.8e-08	1e-99	2.24e-05	6.78e-10	7.98e+15
227.531	235.95	001:47:43.390 	1.8e-08	1e-99	2.24e-05	6.82e-10	8.38e+15
227.844	236.275	001:47:43.703 	1.8e-08	1e-99	2.24e-05	6.81e-10	8.28e+15
228.156	236.6	001:47:44.015 	1.7e-08	1e-99	2.25e-05	6.82e-10	8.38e+15
228.469	236.925	001:47:44.328 	1.8e-08	1e-99	2.25e-05	6.82e-10	8.38e+15
228.781	237.25	001:47:44.640 	1.8e-08	1e-99	2.24e-05	6.59e-10	6.08e+15
229.094	237.575	001:47:44.953 	1.8e-08	1e-99	2.24e-05	6.77e-10	7.88e+15
229.406	237.9	001:47:45.265 	1.7e-08	1e-99	2.24e-05	6.84e-10	8.58e+15
229.719	238.225	001:47:45.578 	1.7e-08	1e-99	2.24e-05	6.85e-10	8.68e+15
230.031	238.55	001:47:45.890 	1.8e-08	1e-99	2.24e-05	6.78e-10	7.98e+15
230.344	238.875	001:47:46.203 	1.8e-08	1e-99	2.24e-05	6.75e-10	7.68e+15
230.656	239.2	001:47:46.515 	1.8e-08	1e-99	2.24e-05	6.7e-10	7.18e+15
230.969	239.525	001:47:46.828 	1.8e-08	1e-99	2.24e-05	6.74e-10	7.58e+15
231.281	239.85	001:47:47.140 	1.7e-08	1e-99	2.24e-05	6.67e-10	6.88e+15
231.594	240.175	001:47:47.453 	1.8e-08	1e-99	2.24e-05	6.75e-10	7.68e+15
231.906	240.5	001:47:47.765 	1.8e-08	1e-99	2.24e-05	6.69e-10	7.08e+15
232.219	240.825	001:47:48.078 	1.8e-08	1e-99	2.24e-05	6.8e-10	8.18e+15
232.531	241.15	001:47:48.390 	1.7e-08	1e-99	2.24e-05	6.77e-10	7.88e+15
232.844	241.475	001:47:48.703 	1.8e-08	1e-99	2.24e-05	6.71e-10	7.28e+15
233.156	241.8	001:47:49.015 	1.8e-08	1e-99	2.24e-05	6.78e-10	7.98e+15
233.469	242.125	001:47:49.328 	1.8e-08	1e-99	2.24e-05	6.68e-10	6.98e+15
233.781	242.45	001:47:49.640 	1.7e-08	1e-99	2.24e-05	6.66e-10	6.78e+15
234.094	242.775	001:47:49.953 	1.7e-08	1e-99	2.24e-05	6.79e-10	8.08e+15
234.516	243.1	001:47:50.375 	1.8e-08	1e-99	2.24e-05	6.76e-10	7.78e+15
234.828	243.425	001:47:50.687 	1.8e-08	1e-99	2.24e-05	6.72e-10	7.38e+15
235.141	243.75	001:47:51.000 	1.8e-08	1e-99	2.24e-05	6.58e-10	5.98e+15
235.453	244.075	001:47:51.312 	1.7e-08	1e-99	2.24e-05	6.58e-10	5.98e+15
235.766	244.4	001:47:51.625 	1.8e-08	1e-99	2.24e-05	6.72e-10	7.38e+15
236.078	244.725	001:47:51.937 	1.8e-08	1e-99	2.24e-05	6.65e-10	6.68e+15
236.391	245.05	001:47:52.250 	1.8e-08	1e-99	2.24e-05	6.82e-10	8.38e+15
236.703	245.375	001:47:52.562 	1.7e-08	1e-99	2.24e-05	6.6e-10	6.18e+15
237.016	245.7	001:47:52.875 	1.8e-08	1e-99	2.24e-05	6.73e-10	7.48e+15
237.328	246.025	001:47:53.187 	1.8e-08	1e-99	2.24e-05	6.64e-10	6.58e+15
237.641	246.35	001:47:53.500 	1.8e-08	1e-99	2.24e-05	6.69e-10	7.08e+15
237.953	246.675	001:47:53.812 	1.7e-08	1e-99	2.24e-05	6.7e-10	7.18e+15
238.266	247.0	001:47:54.125 	1.8e-08	1e-99	2.24e-05	6.61e-10	6.28e+15
238.578	247.325	001:47:54.437 	1.8e-08	1e-99	2.24e-05	6.7e-10	7.18e+15
238.891	247.65	001:47:54.750 	1.8e-08	1e-99	2.24e-05	6.65e-10	6.68e+15
239.203	247.975	001:47:55.062 	1.8e-08	1e-99	2.24e-05	6.63e-10	6.48e+15
239.516	248.3	001:47:55.375 	1.8e-08	1e-99	2.24e-05	6.72e-10	7.38e+15
239.828	248.625	001:47:55.687 	1.8e-08	1e-99	2.24e-05	6.57e-10	5.88e+15
240.141	248.95	001:47:56.000 	1.7e-08	1e-99	2.24e-05	6.67e-10	6.88e+15
240.453	249.275	001:47:56.312 	1.7e-08	1e-99	2.24e-05	6.59e-10	6.08e+15
240.766	249.6	001:47:56.625 	1.8e-08	1e-99	2.24e-05	6.53e-10	5.48e+15
241.078	249.925	001:47:56.937 	1.8e-08	1e-99	2.24e-05	6.67e-10	6.88e+15
241.391	250.25	001:47:57.250 	1.8e-08	1e-99	2.24e-05	6.58e-10	5.98e+15
241.703	250.575	001:47:57.562 	1.7e-08	1e-99	2.24e-05	6.65e-10	6.68e+15
242.016	250.9	001:47:57.875 	1.7e-08	1e-99	2.25e-05	6.61e-10	6.28e+15
242.328	251.225	001:47:58.187 	1.8e-08	1e-99	2.24e-05	6.62e-10	6.38e+15
242.641	251.55	001:47:58.500 	1.8e-08	1e-99	2.24e-05	6.67e-10	6.88e+15
242.953	251.875	001:47:58.812 	1.8e-08	1e-99	2.24e-05	6.6e-10	6.18e+15
243.266	252.2	001:47:59.125 	1.8e-08	1e-99	2.24e-05	6.57e-10	5.88e+15
243.578	252.525	001:47:59.437 	1.7e-08	1e-99	2.24e-05	6.69e-10	7.08e+15
243.891	252.85	001:47:59.750 	1.8e-08	1e-99	2.24e-05	6.59e-10	6.08e+15
244.203	253.175	001:48:00.062 	1.8e-08	1e-99	2.24e-05	6.64e-10	6.58e+15
244.516	253.5	001:48:00.375 	1.7e-08	1e-99	2.24e-05	6.56e-10	5.78e+15
244.828	253.825	001:48:00.687 	1.7e-08	1e-99	2.24e-05	6.67e-10	6.88e+15
245.141	254.15	001:48:01.000 	1.8e-08	1e-99	2.24e-05	6.62e-10	6.38e+15
245.453	254.475	001:48:01.312 	1.8e-08	1e-99	2.24e-05	6.65e-10	6.68e+15
245.766	254.8	001:48:01.625 	1.7e-08	1e-99	2.24e-05	6.55e-10	5.68e+15
246.078	255.125	001:48:01.937 	1.7e-08	1e-99	2.24e-05	6.58e-10	5.98e+15
246.391	255.45	001:48:02.250 	1.8e-08	1e-99	2.24e-05	6.64e-10	6.58e+15
246.703	255.775	001:48:02.562 	1.8e-08	1e-99	2.24e-05	6.51e-10	5.28e+15
247.125	256.1	001:48:02.984 	1.8e-08	1e-99	2.24e-05	6.55e-10	5.68e+15
247.438	256.425	001:48:03.297 	1.8e-08	1e-99	2.24e-05	6.58e-10	5.98e+15
247.75	256.75	001:48:03.609 	1.7e-08	1e-99	2.24e-05	6.56e-10	5.78e+15
248.063	257.075	001:48:03.922 	1.7e-08	1e-99	2.24e-05	6.52e-10	5.38e+15
248.375	257.4	001:48:04.234 	1.8e-08	1e-99	2.25e-05	6.58e-10	5.98e+15
248.688	257.725	001:48:04.547 	1.8e-08	1e-99	2.24e-05	6.58e-10	5.98e+15
249.0	258.05	001:48:04.859 	1.8e-08	1e-99	2.24e-05	6.63e-10	6.48e+15
249.313	258.375	001:48:05.172 	1.7e-08	1e-99	2.24e-05	6.56e-10	5.78e+15
249.625	258.7	001:48:05.484 	1.8e-08	1e-99	2.24e-05	6.47e-10	4.88e+15
249.938	259.025	001:48:05.797 	1.8e-08	1e-99	2.24e-05	6.61e-10	6.28e+15
250.25	259.35	001:48:06.109 	1.8e-08	1e-99	2.24e-05	6.45e-10	4.68e+15
250.563	259.675	001:48:06.422 	1.7e-08	1e-99	2.24e-05	6.56e-10	5.78e+15
250.875	260.0	001:48:06.734 	1.7e-08	1e-99	2.24e-05	6.55e-10	5.68e+15
251.188	260.325	001:48:07.047 	1.8e-08	1e-99	2.24e-05	6.61e-10	6.28e+15
251.5	260.65	001:48:07.359 	1.8e-08	1e-99	2.24e-05	6.55e-10	5.68e+15
251.813	260.975	001:48:07.672 	1.7e-08	1e-99	2.24e-05	6.52e-10	5.38e+15
252.125	261.3	001:48:07.984 	1.8e-08	1e-99	2.24e-05	6.55e-10	5.68e+15
252.438	261.625	001:48:08.297 	1.8e-08	1e-99	2.24e-05	6.44e-10	4.58e+15
252.75	261.95	001:48:08.609 	1.8e-08	1e-99	2.24e-05	6.62e-10	6.38e+15
253.063	262.275	001:48:08.922 	1.8e-08	1e-99	2.24e-05	6.45e-10	4.68e+15
253.484	262.6	001:48:09.343 	1.7e-08	1e-99	2.24e-05	6.45e-10	4.68e+15
253.797	262.925	001:48:09.656 	1.7e-08	1e-99	2.24e-05	6.43e-10	4.48e+15
254.109	263.25	001:48:09.968 	1.8e-08	1e-99	2.24e-05	6.49e-10	5.08e+15
254.422	263.575	001:48:10.281 	1.8e-08	1e-99	2.24e-05	6.53e-10	5.48e+15
254.734	263.9	001:48:10.593 	1.7e-08	1e-99	2.24e-05	6.52e-10	5.38e+15
255.047	264.225	001:48:10.906 	1.7e-08	1e-99	2.24e-05	6.52e-10	5.38e+15
255.359	264.55	001:48:11.218 	1.8e-08	1e-99	2.24e-05	6.61e-10	6.28e+15
255.672	264.875	001:48:11.531 	1.8e-08	1e-99	2.24e-05	6.42e-10	4.38e+15
255.984	265.2	001:48:11.843 	1.7e-08	1e-99	2.24e-05	6.51e-10	5.28e+15
256.297	265.525	001:48:12.156 	1.7e-08	1e-99	2.24e-05	6.5e-10	5.18e+15
256.609	265.85	001:48:12.468 	1.7e-08	1e-99	2.24e-05	6.51e-10	5.28e+15
256.922	266.175	001:48:12.781 	1.8e-08	1e-99	2.24e-05	6.55e-10	5.68e+15
257.234	266.5	001:48:13.093 	1.8e-08	1e-99	2.24e-05	6.52e-10	5.38e+15
257.547	266.825	001:48:13.406 	1.8e-08	1e-99	2.24e-05	6.5e-10	5.18e+15
257.859	267.15	001:48:13.718 	1.7e-08	1e-99	2.23e-05	6.45e-10	4.68e+15
258.172	267.475	001:48:14.031 	1.8e-08	1e-99	2.24e-05	6.54e-10	5.58e+15
258.484	267.8	001:48:14.343 	1.8e-08	1e-99	2.24e-05	6.4e-10	4.18e+15
258.797	268.125	001:48:14.656 	1.9e-08	1e-99	2.24e-05	6.38e-10	3.98e+15
259.109	268.45	001:48:14.968 	1.8e-08	1e-99	2.24e-05	6.48e-10	4.98e+15
259.422	268.775	001:48:15.281 	1.7e-08	1e-99	2.24e-05	6.44e-10	4.58e+15
259.734	269.1	001:48:15.593 	1.8e-08	1e-99	2.24e-05	6.52e-10	5.38e+15
260.047	269.425	001:48:15.906 	1.8e-08	1e-99	2.24e-05	6.49e-10	5.08e+15
260.359	269.75	001:48:16.218 	1.8e-08	1e-99	2.24e-05	6.39e-10	4.08e+15
260.672	270.075	001:48:16.531 	1.8e-08	1e-99	2.24e-05	6.38e-10	3.98e+15
260.984	270.4	001:48:16.843 	1.7e-08	1e-99	2.24e-05	6.42e-10	4.38e+15
261.297	270.725	001:48:17.156 	1.7e-08	1e-99	2.24e-05	6.46e-10	4.78e+15
261.609	271.05	001:48:17.468 	1.8e-08	1e-99	2.24e-05	6.48e-10	4.98e+15
261.922	271.375	001:48:17.781 	1.8e-08	1e-99	2.24e-05	6.41e-10	4.28e+15
262.234	271.7	001:48:18.093 	1.7e-08	1e-99	2.24e-05	6.42e-10	4.38e+15
262.547	272.025	001:48:18.406 	1.7e-08	1e-99	2.24e-05	6.39e-10	4.08e+15
262.859	272.35	001:48:18.718 	1.8e-08	1e-99	2.24e-05	6.33e-10	3.48e+15
263.172	272.675	001:48:19.031 	1.8e-08	1e-99	2.24e-05	6.45e-10	4.68e+15
263.484	273.0	001:48:19.343 	1.7e-08	1e-99	2.24e-05	6.45e-10	4.68e+15
263.797	273.325	001:48:19.656 	1.7e-08	1e-99	2.24e-05	6.38e-10	3.98e+15
264.109	273.65	001:48:19.968 	1.8e-08	1e-99	2.24e-05	6.48e-10	4.98e+15
264.422	273.975	001:48:20.281 	1.8e-08	1e-99	2.24e-05	6.31e-10	3.28e+15
264.734	274.3	001:48:20.593 	1.8e-08	1e-99	2.24e-05	6.39e-10	4.08e+15
265.047	274.625	001:48:20.906 	1.7e-08	1e-99	2.23e-05	6.4e-10	4.18e+15
265.359	274.95	001:48:21.218 	1.7e-08	1e-99	2.24e-05	6.29e-10	3.08e+15
265.672	275.275	001:48:21.531 	1.7e-08	1e-99	2.24e-05	6.32e-10	3.38e+15
265.984	275.6	001:48:21.843 	1.8e-08	1e-99	2.24e-05	6.54e-10	5.58e+15
266.297	275.925	001:48:22.156 	1.7e-08	1e-99	2.24e-05	6.35e-10	3.68e+15
266.609	276.25	001:48:22.468 	1.7e-08	1e-99	2.24e-05	6.31e-10	3.28e+15
266.922	276.575	001:48:22.781 	1.8e-08	1e-99	2.24e-05	6.36e-10	3.78e+15
267.234	276.9	001:48:23.093 	1.8e-08	1e-99	2.24e-05	6.39e-10	4.08e+15
267.547	277.225	001:48:23.406 	1.8e-08	1e-99	2.24e-05	6.36e-10	3.78e+15
267.859	277.55	001:48:23.718 	1.8e-08	1e-99	2.24e-05	6.4e-10	4.18e+15
268.172	277.875	001:48:24.031 	1.8e-08	1e-99	2.24e-05	6.51e-10	5.28e+15
268.484	278.2	001:48:24.343 	1.7e-08	1e-99	2.24e-05	6.31e-10	3.28e+15
268.797	278.525	001:48:24.656 	1.7e-08	1e-99	2.24e-05	6.47e-10	4.88e+15
269.109	278.85	001:48:24.968 	1.7e-08	1e-99	2.24e-05	6.3e-10	3.18e+15
269.422	279.175	001:48:25.281 	1.7e-08	1e-99	2.24e-05	6.46e-10	4.78e+15
269.734	279.5	001:48:25.593 	1.7e-08	1e-99	2.24e-05	6.24e-10	2.58e+15
270.047	279.825	001:48:25.906 	1.8e-08	1e-99	2.24e-05	6.45e-10	4.68e+15
