time [s]	34316 PDP 8 No	34316 PDP 8 Time	34316 PDP 8 Trigger	34316 PDP 8 FIG	34316 PDP 8 qmsTP	34316 PDP 8 m2	34316 PDP 8 h2
-20.0	-20.8	001:17:49.453 	1.8e-08	1e-99	2.22e-05	3.63e-10	-2.352e+16
-19.688	-20.475	001:17:49.765 	1.8e-08	1e-99	2.22e-05	3.66e-10	-2.322e+16
-19.375	-20.15	001:17:50.078 	1.8e-08	1e-99	2.22e-05	3.69e-10	-2.292e+16
-19.063	-19.825	001:17:50.390 	1.7e-08	1e-99	2.22e-05	3.71e-10	-2.272e+16
-18.75	-19.5	001:17:50.703 	1.8e-08	1e-99	2.22e-05	3.75e-10	-2.232e+16
-18.438	-19.175	001:17:51.015 	1.8e-08	1e-99	2.22e-05	3.66e-10	-2.322e+16
-18.125	-18.85	001:17:51.328 	1.7e-08	1e-99	2.23e-05	3.72e-10	-2.262e+16
-17.813	-18.525	001:17:51.640 	1.8e-08	1e-99	2.23e-05	3.76e-10	-2.222e+16
-17.5	-18.2	001:17:51.953 	1.8e-08	1e-99	2.23e-05	3.68e-10	-2.302e+16
-17.188	-17.875	001:17:52.265 	1.7e-08	1e-99	2.23e-05	3.66e-10	-2.322e+16
-16.875	-17.55	001:17:52.578 	1.7e-08	1e-99	2.23e-05	3.74e-10	-2.242e+16
-16.563	-17.225	001:17:52.890 	1.8e-08	1e-99	2.23e-05	3.7e-10	-2.282e+16
-16.25	-16.9	001:17:53.203 	1.8e-08	1e-99	2.23e-05	3.71e-10	-2.272e+16
-15.938	-16.575	001:17:53.515 	1.8e-08	1e-99	2.23e-05	3.68e-10	-2.302e+16
-15.625	-16.25	001:17:53.828 	1.7e-08	1e-99	2.23e-05	3.73e-10	-2.252e+16
-15.313	-15.925	001:17:54.140 	1.8e-08	1e-99	2.23e-05	3.69e-10	-2.292e+16
-15.0	-15.6	001:17:54.453 	1.8e-08	1e-99	2.23e-05	3.67e-10	-2.312e+16
-14.688	-15.275	001:17:54.765 	1.8e-08	1e-99	2.23e-05	3.73e-10	-2.252e+16
-14.375	-14.95	001:17:55.078 	1.7e-08	1e-99	2.22e-05	3.73e-10	-2.252e+16
-14.063	-14.625	001:17:55.390 	1.8e-08	1e-99	2.22e-05	3.66e-10	-2.322e+16
-13.75	-14.3	001:17:55.703 	1.8e-08	1e-99	2.22e-05	3.65e-10	-2.332e+16
-13.438	-13.975	001:17:56.015 	1.8e-08	1e-99	2.22e-05	3.74e-10	-2.242e+16
-13.125	-13.65	001:17:56.328 	1.7e-08	1e-99	2.22e-05	3.67e-10	-2.312e+16
-12.813	-13.325	001:17:56.640 	1.7e-08	1e-99	2.22e-05	3.7e-10	-2.282e+16
-12.5	-13.0	001:17:56.953 	1.8e-08	1e-99	2.22e-05	3.71e-10	-2.272e+16
-12.188	-12.675	001:17:57.265 	1.8e-08	1e-99	2.22e-05	3.77e-10	-2.212e+16
-11.875	-12.35	001:17:57.578 	1.8e-08	1e-99	2.22e-05	3.69e-10	-2.292e+16
-11.563	-12.025	001:17:57.890 	1.7e-08	1e-99	2.22e-05	3.72e-10	-2.262e+16
-11.25	-11.7	001:17:58.203 	1.7e-08	1e-99	2.22e-05	3.72e-10	-2.262e+16
-10.938	-11.375	001:17:58.515 	1.7e-08	1e-99	2.22e-05	3.73e-10	-2.252e+16
-10.625	-11.05	001:17:58.828 	1.7e-08	1e-99	2.22e-05	3.71e-10	-2.272e+16
-10.313	-10.725	001:17:59.140 	1.7e-08	1e-99	2.22e-05	3.69e-10	-2.292e+16
-10.0	-10.4	001:17:59.453 	1.8e-08	1e-99	2.23e-05	3.7e-10	-2.282e+16
-9.688	-10.075	001:17:59.765 	1.8e-08	1e-99	2.23e-05	3.63e-10	-2.352e+16
-9.375	-9.75	001:18:00.078 	1.8e-08	1e-99	2.23e-05	3.71e-10	-2.272e+16
-9.063	-9.425	001:18:00.390 	1.8e-08	1e-99	2.23e-05	3.67e-10	-2.312e+16
-8.75	-9.1	001:18:00.703 	1.8e-08	1e-99	2.23e-05	3.73e-10	-2.252e+16
-8.438	-8.775	001:18:01.015 	1.8e-08	1e-99	2.23e-05	3.69e-10	-2.292e+16
-8.125	-8.45	001:18:01.328 	1.8e-08	1e-99	2.23e-05	3.73e-10	-2.252e+16
-7.813	-8.125	001:18:01.640 	1.7e-08	1e-99	2.23e-05	3.7e-10	-2.282e+16
-7.5	-7.8	001:18:01.953 	1.7e-08	1e-99	2.23e-05	3.77e-10	-2.212e+16
-7.188	-7.475	001:18:02.265 	1.8e-08	1e-99	2.23e-05	3.71e-10	-2.272e+16
-6.875	-7.15	001:18:02.578 	1.7e-08	1e-99	2.23e-05	3.76e-10	-2.222e+16
-6.563	-6.825	001:18:02.890 	1.7e-08	1e-99	2.22e-05	3.74e-10	-2.242e+16
-6.25	-6.5	001:18:03.203 	1.8e-08	1e-99	2.22e-05	3.69e-10	-2.292e+16
-5.938	-6.175	001:18:03.515 	1.8e-08	1e-99	2.22e-05	3.82e-10	-2.162e+16
-5.625	-5.85	001:18:03.828 	1.8e-08	1e-99	2.22e-05	3.69e-10	-2.292e+16
-5.313	-5.525	001:18:04.140 	1.8e-08	1e-99	2.22e-05	3.72e-10	-2.262e+16
-5.0	-5.2	001:18:04.453 	1.7e-08	1e-99	2.22e-05	3.76e-10	-2.222e+16
-4.688	-4.875	001:18:04.765 	1.8e-08	1e-99	2.22e-05	3.68e-10	-2.302e+16
-4.375	-4.55	001:18:05.078 	1.8e-08	1e-99	2.22e-05	3.64e-10	-2.342e+16
-4.063	-4.225	001:18:05.390 	1.8e-08	1e-99	2.22e-05	3.77e-10	-2.212e+16
-3.75	-3.9	001:18:05.703 	1.7e-08	1e-99	2.22e-05	3.71e-10	-2.272e+16
-3.438	-3.575	001:18:06.015 	1.7e-08	1e-99	2.22e-05	3.67e-10	-2.312e+16
-3.125	-3.25	001:18:06.328 	1.8e-08	1e-99	2.22e-05	3.72e-10	-2.262e+16
-2.813	-2.925	001:18:06.640 	1.8e-08	1e-99	2.22e-05	3.73e-10	-2.252e+16
-2.5	-2.6	001:18:06.953 	1.7e-08	1e-99	2.22e-05	3.69e-10	-2.292e+16
-2.188	-2.275	001:18:07.265 	1.7e-08	1e-99	2.23e-05	3.75e-10	-2.232e+16
-1.875	-1.95	001:18:07.578 	1.8e-08	1e-99	2.23e-05	3.69e-10	-2.292e+16
-1.563	-1.625	001:18:07.890 	1.8e-08	1e-99	2.23e-05	3.73e-10	-2.252e+16
-1.25	-1.3	001:18:08.203 	1.7e-08	1e-99	2.23e-05	3.68e-10	-2.302e+16
-0.938	-0.975	001:18:08.515 	1.7e-08	1e-99	2.23e-05	3.71e-10	-2.272e+16
-0.625	-0.65	001:18:08.828 	1.8e-08	1e-99	2.23e-05	3.69e-10	-2.292e+16
-0.313	-0.325	001:18:09.140 	6.8e-07	1e-99	2.23e-05	3.7e-10	-2.282e+16
0.0	0.0	001:18:09.453 	8.9e-05	1e-99	2.22e-05	3.69e-10	-2.292e+16
0.312	0.325	001:18:09.765 	9.4e-05	1e-99	2.23e-05	3.72e-10	-2.262e+16
0.625	0.65	001:18:10.078 	0.0001	1e-99	2.23e-05	3.77e-10	-2.212e+16
0.937	0.975	001:18:10.390 	9.4e-05	1e-99	2.22e-05	3.72e-10	-2.262e+16
1.25	1.3	001:18:10.703 	9e-05	1e-99	2.22e-05	3.75e-10	-2.232e+16
1.562	1.625	001:18:11.015 	9.8e-05	1e-99	2.22e-05	3.84e-10	-2.142e+16
1.875	1.95	001:18:11.328 	9.9e-05	1e-99	2.22e-05	3.77e-10	-2.212e+16
2.187	2.275	001:18:11.640 	9.4e-05	1e-99	2.22e-05	3.74e-10	-2.242e+16
2.5	2.6	001:18:11.953 	9.2e-05	1e-99	2.22e-05	3.77e-10	-2.212e+16
2.812	2.925	001:18:12.265 	9e-05	1e-99	2.22e-05	3.73e-10	-2.252e+16
3.125	3.25	001:18:12.578 	9.3e-05	1e-99	2.22e-05	3.74e-10	-2.242e+16
3.437	3.575	001:18:12.890 	9.3e-05	1e-99	2.22e-05	3.76e-10	-2.222e+16
3.75	3.9	001:18:13.203 	8.8e-05	1e-99	2.22e-05	3.75e-10	-2.232e+16
4.062	4.225	001:18:13.515 	9.1e-05	1e-99	2.22e-05	3.75e-10	-2.232e+16
4.375	4.55	001:18:13.828 	0.0001	1e-99	2.22e-05	3.74e-10	-2.242e+16
4.687	4.875	001:18:14.140 	9.9e-05	1e-99	2.23e-05	3.77e-10	-2.212e+16
5.0	5.2	001:18:14.453 	9.3e-05	1e-99	2.23e-05	3.67e-10	-2.312e+16
5.312	5.525	001:18:14.765 	8.9e-05	1e-99	2.23e-05	3.71e-10	-2.272e+16
5.625	5.85	001:18:15.078 	9.9e-05	1e-99	2.23e-05	3.72e-10	-2.262e+16
5.937	6.175	001:18:15.390 	0.00019	1e-99	2.23e-05	3.74e-10	-2.242e+16
6.25	6.5	001:18:15.703 	0.0001	1e-99	2.23e-05	3.78e-10	-2.202e+16
6.562	6.825	001:18:16.015 	9.3e-05	1e-99	2.23e-05	3.75e-10	-2.232e+16
6.875	7.15	001:18:16.328 	9.3e-05	1e-99	2.23e-05	3.69e-10	-2.292e+16
7.187	7.475	001:18:16.640 	9.4e-05	1e-99	2.23e-05	3.8e-10	-2.182e+16
7.5	7.8	001:18:16.953 	9.1e-05	1e-99	2.23e-05	3.82e-10	-2.162e+16
7.812	8.125	001:18:17.265 	9e-05	1e-99	2.23e-05	3.79e-10	-2.192e+16
8.125	8.45	001:18:17.578 	0.0001	1e-99	2.23e-05	3.76e-10	-2.222e+16
8.437	8.775	001:18:17.890 	0.0001	1e-99	2.23e-05	3.79e-10	-2.192e+16
8.75	9.1	001:18:18.203 	9e-05	1e-99	2.22e-05	3.75e-10	-2.232e+16
9.062	9.425	001:18:18.515 	8.7e-05	1e-99	2.22e-05	3.83e-10	-2.152e+16
9.375	9.75	001:18:18.828 	9.8e-05	1e-99	2.22e-05	3.79e-10	-2.192e+16
9.687	10.075	001:18:19.140 	0.0001	1e-99	2.22e-05	3.85e-10	-2.132e+16
10.0	10.4	001:18:19.453 	9.6e-05	1e-99	2.22e-05	3.84e-10	-2.142e+16
10.312	10.725	001:18:19.765 	9.2e-05	1e-99	2.22e-05	3.85e-10	-2.132e+16
10.625	11.05	001:18:20.078 	9.2e-05	1e-99	2.22e-05	3.86e-10	-2.122e+16
10.937	11.375	001:18:20.390 	9.5e-05	1e-99	2.22e-05	3.82e-10	-2.162e+16
11.25	11.7	001:18:20.703 	9.7e-05	1e-99	2.22e-05	3.86e-10	-2.122e+16
11.562	12.025	001:18:21.015 	9e-05	1e-99	2.22e-05	3.86e-10	-2.122e+16
11.875	12.35	001:18:21.328 	8.7e-05	1e-99	2.23e-05	3.86e-10	-2.122e+16
12.187	12.675	001:18:21.640 	9.3e-05	1e-99	2.23e-05	3.82e-10	-2.162e+16
12.5	13.0	001:18:21.953 	0.0001	1e-99	2.23e-05	3.85e-10	-2.132e+16
12.812	13.325	001:18:22.265 	9.1e-05	1e-99	2.23e-05	3.92e-10	-2.062e+16
13.125	13.65	001:18:22.578 	9.2e-05	1e-99	2.23e-05	3.91e-10	-2.072e+16
13.437	13.975	001:18:22.890 	0.00021	1e-99	2.23e-05	3.98e-10	-2.002e+16
13.75	14.3	001:18:23.203 	0.0001	1e-99	2.23e-05	4.03e-10	-1.952e+16
14.062	14.625	001:18:23.515 	9.1e-05	1e-99	2.23e-05	4e-10	-1.982e+16
14.375	14.95	001:18:23.828 	9e-05	1e-99	2.23e-05	4.07e-10	-1.912e+16
14.687	15.275	001:18:24.140 	9.2e-05	1e-99	2.23e-05	4.03e-10	-1.952e+16
15.0	15.6	001:18:24.453 	9.6e-05	1e-99	2.23e-05	4.02e-10	-1.962e+16
15.312	15.925	001:18:24.765 	9.5e-05	1e-99	2.23e-05	4.05e-10	-1.932e+16
15.625	16.25	001:18:25.078 	9.3e-05	1e-99	2.23e-05	4.15e-10	-1.832e+16
15.937	16.575	001:18:25.390 	0.0001	1e-99	2.23e-05	4.08e-10	-1.902e+16
16.25	16.9	001:18:25.703 	9.3e-05	1e-99	2.23e-05	4.12e-10	-1.862e+16
16.562	17.225	001:18:26.015 	8.7e-05	1e-99	2.23e-05	4.15e-10	-1.832e+16
16.875	17.55	001:18:26.328 	8.8e-05	1e-99	2.23e-05	4.21e-10	-1.772e+16
17.187	17.875	001:18:26.640 	0.0001	1e-99	2.22e-05	4.25e-10	-1.732e+16
17.5	18.2	001:18:26.953 	0.0001	1e-99	2.22e-05	4.17e-10	-1.812e+16
17.812	18.525	001:18:27.265 	9.4e-05	1e-99	2.22e-05	4.14e-10	-1.842e+16
18.125	18.85	001:18:27.578 	9.1e-05	1e-99	2.22e-05	4.17e-10	-1.812e+16
18.437	19.175	001:18:27.890 	9.1e-05	1e-99	2.23e-05	4.18e-10	-1.802e+16
18.75	19.5	001:18:28.203 	9.5e-05	1e-99	2.23e-05	4.33e-10	-1.652e+16
19.062	19.825	001:18:28.515 	9.5e-05	1e-99	2.23e-05	4.36e-10	-1.622e+16
19.375	20.15	001:18:28.828 	8.9e-05	1e-99	2.23e-05	4.3e-10	-1.682e+16
19.687	20.475	001:18:29.140 	9.1e-05	1e-99	2.23e-05	4.38e-10	-1.602e+16
20.0	20.8	001:18:29.453 	0.0001	1e-99	2.23e-05	4.37e-10	-1.612e+16
20.312	21.125	001:18:29.765 	0.0001	1e-99	2.23e-05	4.4e-10	-1.582e+16
20.625	21.45	001:18:30.078 	9.5e-05	1e-99	2.23e-05	4.36e-10	-1.622e+16
20.937	21.775	001:18:30.390 	8.9e-05	1e-99	2.24e-05	4.43e-10	-1.552e+16
21.25	22.1	001:18:30.703 	9.3e-05	1e-99	2.23e-05	4.36e-10	-1.622e+16
21.562	22.425	001:18:31.015 	0.00017	1e-99	2.23e-05	4.49e-10	-1.492e+16
21.875	22.75	001:18:31.328 	0.0001	1e-99	2.23e-05	4.52e-10	-1.462e+16
22.187	23.075	001:18:31.640 	9.1e-05	1e-99	2.23e-05	4.5e-10	-1.482e+16
22.5	23.4	001:18:31.953 	9.1e-05	1e-99	2.23e-05	4.54e-10	-1.442e+16
22.812	23.725	001:18:32.265 	9.1e-05	1e-99	2.23e-05	4.62e-10	-1.362e+16
23.125	24.05	001:18:32.578 	9.3e-05	1e-99	2.23e-05	4.68e-10	-1.302e+16
23.437	24.375	001:18:32.890 	9.6e-05	1e-99	2.23e-05	4.58e-10	-1.402e+16
23.75	24.7	001:18:33.203 	9.5e-05	1e-99	2.23e-05	4.74e-10	-1.242e+16
24.062	25.025	001:18:33.515 	9.8e-05	1e-99	2.23e-05	4.59e-10	-1.392e+16
24.375	25.35	001:18:33.828 	0.0001	1e-99	2.23e-05	4.63e-10	-1.352e+16
24.687	25.675	001:18:34.140 	9.4e-05	1e-99	2.23e-05	4.7e-10	-1.282e+16
25.0	26.0	001:18:34.453 	8.6e-05	1e-99	2.23e-05	4.65e-10	-1.332e+16
25.312	26.325	001:18:34.765 	8.9e-05	1e-99	2.23e-05	4.71e-10	-1.272e+16
25.625	26.65	001:18:35.078 	0.0001	1e-99	2.23e-05	4.78e-10	-1.202e+16
25.937	26.975	001:18:35.390 	0.0001	1e-99	2.23e-05	4.79e-10	-1.192e+16
26.25	27.3	001:18:35.703 	9.4e-05	1e-99	2.23e-05	4.91e-10	-1.072e+16
26.562	27.625	001:18:36.015 	9.1e-05	1e-99	2.23e-05	4.83e-10	-1.152e+16
26.875	27.95	001:18:36.328 	9.3e-05	1e-99	2.24e-05	4.8e-10	-1.182e+16
27.187	28.275	001:18:36.640 	9.7e-05	1e-99	2.24e-05	4.86e-10	-1.122e+16
27.5	28.6	001:18:36.953 	9.3e-05	1e-99	2.24e-05	4.9e-10	-1.082e+16
27.812	28.925	001:18:37.265 	8.9e-05	1e-99	2.24e-05	4.98e-10	-1.002e+16
28.125	29.25	001:18:37.578 	9.7e-05	1e-99	2.24e-05	4.97e-10	-1.012e+16
28.437	29.575	001:18:37.890 	9.9e-05	1e-99	2.24e-05	5.01e-10	-9.72e+15
28.75	29.9	001:18:38.203 	9.4e-05	1e-99	2.24e-05	5.08e-10	-9.02e+15
29.062	30.225	001:18:38.515 	8.8e-05	1e-99	2.24e-05	5.04e-10	-9.42e+15
29.375	30.55	001:18:38.828 	9.1e-05	1e-99	2.24e-05	4.97e-10	-1.012e+16
29.687	30.875	001:18:39.140 	0.0001	1e-99	2.23e-05	5.12e-10	-8.62e+15
30.0	31.2	001:18:39.453 	0.0001	1e-99	2.24e-05	5.08e-10	-9.02e+15
30.312	31.525	001:18:39.765 	9.2e-05	1e-99	2.23e-05	5.12e-10	-8.62e+15
30.625	31.85	001:18:40.078 	8.9e-05	1e-99	2.23e-05	5.14e-10	-8.42e+15
30.937	32.175	001:18:40.390 	9.2e-05	1e-99	2.23e-05	5.21e-10	-7.72e+15
31.25	32.5	001:18:40.703 	9.6e-05	1e-99	2.23e-05	5.28e-10	-7.02e+15
31.562	32.825	001:18:41.015 	9.2e-05	1e-99	2.23e-05	5.27e-10	-7.12e+15
31.875	33.15	001:18:41.328 	9.1e-05	1e-99	2.23e-05	5.34e-10	-6.42e+15
32.187	33.475	001:18:41.640 	0.0001	1e-99	2.23e-05	5.3e-10	-6.82e+15
32.5	33.8	001:18:41.953 	9.6e-05	1e-99	2.23e-05	5.28e-10	-7.02e+15
32.812	34.125	001:18:42.265 	8.7e-05	1e-99	2.23e-05	5.31e-10	-6.72e+15
33.125	34.45	001:18:42.578 	9.2e-05	1e-99	2.23e-05	5.38e-10	-6.02e+15
33.437	34.775	001:18:42.890 	0.0001	1e-99	2.23e-05	5.44e-10	-5.42e+15
33.75	35.1	001:18:43.203 	9.4e-05	1e-99	2.24e-05	5.34e-10	-6.42e+15
34.062	35.425	001:18:43.515 	9.1e-05	1e-99	2.24e-05	5.35e-10	-6.32e+15
34.375	35.75	001:18:43.828 	9.2e-05	1e-99	2.24e-05	5.49e-10	-4.92e+15
34.687	36.075	001:18:44.140 	9.5e-05	1e-99	2.24e-05	5.38e-10	-6.02e+15
35.0	36.4	001:18:44.453 	9.5e-05	1e-99	2.24e-05	5.47e-10	-5.12e+15
35.312	36.725	001:18:44.765 	8.9e-05	1e-99	2.24e-05	5.56e-10	-4.22e+15
35.625	37.05	001:18:45.078 	8.8e-05	1e-99	2.24e-05	5.49e-10	-4.92e+15
35.937	37.375	001:18:45.390 	9.7e-05	1e-99	2.24e-05	5.47e-10	-5.12e+15
36.25	37.7	001:18:45.703 	0.0001	1e-99	2.24e-05	5.72e-10	-2.62e+15
36.562	38.025	001:18:46.015 	9.3e-05	1e-99	2.24e-05	5.54e-10	-4.42e+15
36.875	38.35	001:18:46.328 	9e-05	1e-99	2.24e-05	5.8e-10	-1.82e+15
37.187	38.675	001:18:46.640 	0.00014	1e-99	2.24e-05	5.68e-10	-3.02e+15
37.5	39.0	001:18:46.953 	0.00014	1e-99	2.24e-05	5.71e-10	-2.72e+15
37.812	39.325	001:18:47.265 	9.3e-05	1e-99	2.24e-05	5.81e-10	-1.72e+15
38.125	39.65	001:18:47.578 	9.1e-05	1e-99	2.24e-05	5.72e-10	-2.62e+15
38.437	39.975	001:18:47.890 	9.1e-05	1e-99	2.24e-05	5.66e-10	-3.22e+15
38.75	40.3	001:18:48.203 	9.4e-05	1e-99	2.24e-05	5.69e-10	-2.92e+15
39.062	40.625	001:18:48.515 	9.1e-05	1e-99	2.24e-05	5.89e-10	-9.2e+14
39.375	40.95	001:18:48.828 	8.7e-05	1e-99	2.24e-05	5.79e-10	-1.92e+15
39.687	41.275	001:18:49.140 	0.0001	1e-99	2.24e-05	5.89e-10	-9.2e+14
40.0	41.6	001:18:49.453 	0.0001	1e-99	2.24e-05	5.88e-10	-1.02e+15
40.312	41.925	001:18:49.765 	9.2e-05	1e-99	2.24e-05	5.94e-10	-4.2e+14
40.625	42.25	001:18:50.078 	9e-05	1e-99	2.24e-05	5.9e-10	-8.2e+14
40.937	42.575	001:18:50.390 	9.3e-05	1e-99	2.24e-05	5.9e-10	-8.2e+14
41.25	42.9	001:18:50.703 	9e-05	1e-99	2.24e-05	5.9e-10	-8.2e+14
41.562	43.225	001:18:51.015 	9.2e-05	1e-99	2.24e-05	5.98e-10	-2e+13
41.875	43.55	001:18:51.328 	9.7e-05	1e-99	2.24e-05	6.06e-10	7.8e+14
42.187	43.875	001:18:51.640 	9.7e-05	1e-99	2.24e-05	6e-10	1.8e+14
42.5	44.2	001:18:51.953 	8.8e-05	1e-99	2.24e-05	6.14e-10	1.58e+15
42.812	44.525	001:18:52.265 	9e-05	1e-99	2.24e-05	6.04e-10	5.8e+14
43.125	44.85	001:18:52.578 	0.0001	1e-99	2.24e-05	6.11e-10	1.28e+15
43.437	45.175	001:18:52.890 	0.0001	1e-99	2.25e-05	6.11e-10	1.28e+15
43.75	45.5	001:18:53.203 	9.3e-05	1e-99	2.25e-05	6.05e-10	6.8e+14
44.062	45.825	001:18:53.515 	8.9e-05	1e-99	2.25e-05	6.24e-10	2.58e+15
44.375	46.15	001:18:53.828 	0.0001	1e-99	2.25e-05	6.15e-10	1.68e+15
44.687	46.475	001:18:54.140 	0.0001	1e-99	2.25e-05	6.28e-10	2.98e+15
45.0	46.8	001:18:54.453 	9.1e-05	1e-99	2.25e-05	6.28e-10	2.98e+15
45.312	47.125	001:18:54.765 	9e-05	1e-99	2.24e-05	6.27e-10	2.88e+15
45.625	47.45	001:18:55.078 	8.8e-05	1e-99	2.24e-05	6.36e-10	3.78e+15
45.937	47.775	001:18:55.390 	9.5e-05	1e-99	2.24e-05	6.28e-10	2.98e+15
46.25	48.1	001:18:55.703 	0.0001	1e-99	2.24e-05	6.37e-10	3.88e+15
46.562	48.425	001:18:56.015 	9.8e-05	1e-99	2.24e-05	6.38e-10	3.98e+15
46.875	48.75	001:18:56.328 	8.8e-05	1e-99	2.24e-05	6.4e-10	4.18e+15
47.187	49.075	001:18:56.640 	8.8e-05	1e-99	2.24e-05	6.44e-10	4.58e+15
47.5	49.4	001:18:56.953 	0.0001	1e-99	2.24e-05	6.42e-10	4.38e+15
47.812	49.725	001:18:57.265 	0.0001	1e-99	2.24e-05	6.48e-10	4.98e+15
48.125	50.05	001:18:57.578 	9.5e-05	1e-99	2.24e-05	6.48e-10	4.98e+15
48.437	50.375	001:18:57.890 	9.1e-05	1e-99	2.24e-05	6.54e-10	5.58e+15
48.75	50.7	001:18:58.203 	9.1e-05	1e-99	2.24e-05	6.61e-10	6.28e+15
49.062	51.025	001:18:58.515 	9.5e-05	1e-99	2.24e-05	6.61e-10	6.28e+15
49.375	51.35	001:18:58.828 	9.4e-05	1e-99	2.24e-05	6.54e-10	5.58e+15
49.687	51.675	001:18:59.140 	8.6e-05	1e-99	2.24e-05	6.6e-10	6.18e+15
50.0	52.0	001:18:59.453 	9e-05	1e-99	2.24e-05	6.58e-10	5.98e+15
50.312	52.325	001:18:59.765 	9.7e-05	1e-99	2.25e-05	6.61e-10	6.28e+15
50.625	52.65	001:19:00.078 	9.3e-05	1e-99	2.25e-05	6.66e-10	6.78e+15
50.937	52.975	001:19:00.390 	8.9e-05	1e-99	2.25e-05	6.63e-10	6.48e+15
51.25	53.3	001:19:00.703 	9.5e-05	1e-99	2.25e-05	6.82e-10	8.38e+15
51.562	53.625	001:19:01.015 	0.00021	1e-99	2.25e-05	6.72e-10	7.38e+15
51.875	53.95	001:19:01.328 	0.0001	1e-99	2.25e-05	6.79e-10	8.08e+15
52.187	54.275	001:19:01.640 	9.2e-05	1e-99	2.25e-05	6.81e-10	8.28e+15
52.5	54.6	001:19:01.953 	9.2e-05	1e-99	2.25e-05	6.9e-10	9.18e+15
52.812	54.925	001:19:02.265 	9.1e-05	1e-99	2.25e-05	6.88e-10	8.98e+15
53.125	55.25	001:19:02.578 	9.4e-05	1e-99	2.25e-05	6.79e-10	8.08e+15
53.437	55.575	001:19:02.890 	9.5e-05	1e-99	2.25e-05	6.85e-10	8.68e+15
53.75	55.9	001:19:03.203 	9e-05	1e-99	2.24e-05	7e-10	1.018e+16
54.062	56.225	001:19:03.515 	9.3e-05	1e-99	2.24e-05	6.93e-10	9.48e+15
54.375	56.55	001:19:03.828 	0.00013	1e-99	2.24e-05	6.97e-10	9.88e+15
54.687	56.875	001:19:04.140 	9.7e-05	1e-99	2.24e-05	7.06e-10	1.078e+16
55.0	57.2	001:19:04.453 	9.2e-05	1e-99	2.24e-05	7.07e-10	1.088e+16
55.312	57.525	001:19:04.765 	8.6e-05	1e-99	2.24e-05	7.05e-10	1.068e+16
55.625	57.85	001:19:05.078 	8.7e-05	1e-99	2.24e-05	6.97e-10	9.88e+15
55.937	58.175	001:19:05.390 	0.0001	1e-99	2.25e-05	7.07e-10	1.088e+16
56.25	58.5	001:19:05.703 	0.0001	1e-99	2.25e-05	7.06e-10	1.078e+16
56.562	58.825	001:19:06.015 	9.5e-05	1e-99	2.25e-05	7.18e-10	1.198e+16
56.875	59.15	001:19:06.328 	9.3e-05	1e-99	2.25e-05	7.09e-10	1.108e+16
57.187	59.475	001:19:06.640 	9.4e-05	1e-99	2.25e-05	7.07e-10	1.088e+16
57.5	59.8	001:19:06.953 	9.6e-05	1e-99	2.25e-05	7.23e-10	1.248e+16
57.812	60.125	001:19:07.265 	9.6e-05	1e-99	2.25e-05	7.19e-10	1.208e+16
58.125	60.45	001:19:07.578 	8.9e-05	1e-99	2.25e-05	7.29e-10	1.308e+16
58.437	60.775	001:19:07.890 	8.6e-05	1e-99	2.25e-05	7.3e-10	1.318e+16
58.75	61.1	001:19:08.203 	9.6e-05	1e-99	2.25e-05	7.32e-10	1.338e+16
59.062	61.425	001:19:08.515 	0.0001	1e-99	2.25e-05	7.27e-10	1.288e+16
59.375	61.75	001:19:08.828 	9.5e-05	1e-99	2.25e-05	7.34e-10	1.358e+16
59.687	62.075	001:19:09.140 	8.9e-05	1e-99	2.25e-05	7.29e-10	1.308e+16
60.0	62.4	001:19:09.453 	9.3e-05	1e-99	2.25e-05	7.34e-10	1.358e+16
60.312	62.725	001:19:09.765 	0.00028	1e-99	2.25e-05	7.49e-10	1.508e+16
60.625	63.05	001:19:10.078 	0.0001	1e-99	2.25e-05	7.39e-10	1.408e+16
60.937	63.375	001:19:10.390 	9.4e-05	1e-99	2.25e-05	7.36e-10	1.378e+16
61.25	63.7	001:19:10.703 	9e-05	1e-99	2.25e-05	7.33e-10	1.348e+16
61.562	64.025	001:19:11.015 	9e-05	1e-99	2.25e-05	7.45e-10	1.468e+16
61.875	64.35	001:19:11.328 	9.3e-05	1e-99	2.25e-05	7.45e-10	1.468e+16
62.187	64.675	001:19:11.640 	9.4e-05	1e-99	2.25e-05	7.37e-10	1.388e+16
62.5	65.0	001:19:11.953 	9e-05	1e-99	2.25e-05	7.43e-10	1.448e+16
62.812	65.325	001:19:12.265 	8.8e-05	1e-99	2.25e-05	7.52e-10	1.538e+16
63.125	65.65	001:19:12.578 	0.0001	1e-99	2.25e-05	7.49e-10	1.508e+16
63.437	65.975	001:19:12.890 	9.6e-05	1e-99	2.25e-05	7.47e-10	1.488e+16
63.75	66.3	001:19:13.203 	8.8e-05	1e-99	2.25e-05	7.57e-10	1.588e+16
64.062	66.625	001:19:13.515 	8.8e-05	1e-99	2.25e-05	7.58e-10	1.598e+16
64.375	66.95	001:19:13.828 	0.0001	1e-99	2.25e-05	7.57e-10	1.588e+16
64.687	67.275	001:19:14.140 	0.0001	1e-99	2.26e-05	7.67e-10	1.688e+16
65.0	67.6	001:19:14.453 	9.6e-05	1e-99	2.26e-05	7.69e-10	1.708e+16
65.312	67.925	001:19:14.765 	9.1e-05	1e-99	2.25e-05	7.65e-10	1.668e+16
65.625	68.25	001:19:15.078 	9.1e-05	1e-99	2.26e-05	7.71e-10	1.728e+16
65.937	68.575	001:19:15.390 	9.5e-05	1e-99	2.26e-05	7.75e-10	1.768e+16
66.25	68.9	001:19:15.703 	9e-05	1e-99	2.26e-05	7.62e-10	1.638e+16
66.562	69.225	001:19:16.015 	9e-05	1e-99	2.25e-05	7.77e-10	1.788e+16
66.875	69.55	001:19:16.328 	0.0001	1e-99	2.25e-05	7.84e-10	1.858e+16
67.187	69.875	001:19:16.640 	9.9e-05	1e-99	2.25e-05	7.74e-10	1.758e+16
67.5	70.2	001:19:16.953 	9.2e-05	1e-99	2.25e-05	7.81e-10	1.828e+16
67.812	70.525	001:19:17.265 	8.7e-05	1e-99	2.25e-05	7.91e-10	1.928e+16
68.125	70.85	001:19:17.578 	8.8e-05	1e-99	2.25e-05	7.78e-10	1.798e+16
68.437	71.175	001:19:17.890 	0.0001	1e-99	2.25e-05	7.94e-10	1.958e+16
68.75	71.5	001:19:18.203 	0.00017	1e-99	2.25e-05	7.88e-10	1.898e+16
69.062	71.825	001:19:18.515 	9.4e-05	1e-99	2.25e-05	7.91e-10	1.928e+16
69.375	72.15	001:19:18.828 	9e-05	1e-99	2.25e-05	7.88e-10	1.898e+16
69.687	72.475	001:19:19.140 	9e-05	1e-99	2.25e-05	7.95e-10	1.968e+16
70.0	72.8	001:19:19.453 	9.5e-05	1e-99	2.25e-05	7.83e-10	1.848e+16
70.312	73.125	001:19:19.765 	9.5e-05	1e-99	2.25e-05	7.91e-10	1.928e+16
70.625	73.45	001:19:20.078 	9.2e-05	1e-99	2.25e-05	8.05e-10	2.068e+16
70.937	73.775	001:19:20.390 	4e-06	1e-99	2.25e-05	8.06e-10	2.078e+16
71.25	74.1	001:19:20.703 	1.7e-08	1e-99	2.26e-05	7.99e-10	2.008e+16
71.562	74.425	001:19:21.015 	1.8e-08	1e-99	2.26e-05	7.93e-10	1.948e+16
71.875	74.75	001:19:21.328 	1.8e-08	1e-99	2.26e-05	8.02e-10	2.038e+16
72.187	75.075	001:19:21.640 	1.7e-08	1e-99	2.26e-05	8.05e-10	2.068e+16
72.5	75.4	001:19:21.953 	1.7e-08	1e-99	2.26e-05	8.08e-10	2.098e+16
72.812	75.725	001:19:22.265 	1.7e-08	1e-99	2.26e-05	7.97e-10	1.988e+16
73.125	76.05	001:19:22.578 	1.8e-08	1e-99	2.26e-05	8.08e-10	2.098e+16
73.437	76.375	001:19:22.890 	1.8e-08	1e-99	2.26e-05	8.06e-10	2.078e+16
73.75	76.7	001:19:23.203 	1.8e-08	1e-99	2.25e-05	8.09e-10	2.108e+16
74.062	77.025	001:19:23.515 	1.8e-08	1e-99	2.25e-05	8.2e-10	2.218e+16
74.375	77.35	001:19:23.828 	1.7e-08	1e-99	2.25e-05	8.12e-10	2.138e+16
74.687	77.675	001:19:24.140 	1.8e-08	1e-99	2.25e-05	8.17e-10	2.188e+16
75.0	78.0	001:19:24.453 	1.8e-08	1e-99	2.25e-05	8.1e-10	2.118e+16
75.312	78.325	001:19:24.765 	1.7e-08	1e-99	2.25e-05	8.12e-10	2.138e+16
75.625	78.65	001:19:25.078 	1.7e-08	1e-99	2.25e-05	8.05e-10	2.068e+16
75.937	78.975	001:19:25.390 	1.8e-08	1e-99	2.25e-05	8.18e-10	2.198e+16
76.25	79.3	001:19:25.703 	1.8e-08	1e-99	2.25e-05	8.08e-10	2.098e+16
76.562	79.625	001:19:26.015 	1.7e-08	1e-99	2.25e-05	8.13e-10	2.148e+16
76.875	79.95	001:19:26.328 	1.7e-08	1e-99	2.25e-05	8.11e-10	2.128e+16
77.187	80.275	001:19:26.640 	1.7e-08	1e-99	2.26e-05	8.16e-10	2.178e+16
77.5	80.6	001:19:26.953 	1.7e-08	1e-99	2.26e-05	8.19e-10	2.208e+16
77.812	80.925	001:19:27.265 	1.8e-08	1e-99	2.26e-05	8.12e-10	2.138e+16
78.125	81.25	001:19:27.578 	1.8e-08	1e-99	2.26e-05	8.23e-10	2.248e+16
78.437	81.575	001:19:27.890 	1.7e-08	1e-99	2.26e-05	8.17e-10	2.188e+16
78.75	81.9	001:19:28.203 	1.7e-08	1e-99	2.26e-05	8.25e-10	2.268e+16
79.062	82.225	001:19:28.515 	1.7e-08	1e-99	2.26e-05	8.19e-10	2.208e+16
79.375	82.55	001:19:28.828 	1.8e-08	1e-99	2.26e-05	8.31e-10	2.328e+16
79.687	82.875	001:19:29.140 	1.8e-08	1e-99	2.26e-05	8.28e-10	2.298e+16
80.0	83.2	001:19:29.453 	1.7e-08	1e-99	2.26e-05	8.15e-10	2.168e+16
80.312	83.525	001:19:29.765 	1.7e-08	1e-99	2.25e-05	8.22e-10	2.238e+16
80.625	83.85	001:19:30.078 	1.8e-08	1e-99	2.25e-05	8.15e-10	2.168e+16
80.937	84.175	001:19:30.390 	1.8e-08	1e-99	2.25e-05	8.26e-10	2.278e+16
81.25	84.5	001:19:30.703 	1.7e-08	1e-99	2.25e-05	8.24e-10	2.258e+16
81.562	84.825	001:19:31.015 	1.7e-08	1e-99	2.25e-05	8.34e-10	2.358e+16
81.875	85.15	001:19:31.328 	1.7e-08	1e-99	2.25e-05	8.24e-10	2.258e+16
82.187	85.475	001:19:31.640 	1.8e-08	1e-99	2.25e-05	8.19e-10	2.208e+16
82.5	85.8	001:19:31.953 	1.8e-08	1e-99	2.25e-05	8.18e-10	2.198e+16
82.812	86.125	001:19:32.265 	1.8e-08	1e-99	2.25e-05	8.25e-10	2.268e+16
83.125	86.45	001:19:32.578 	1.8e-08	1e-99	2.25e-05	8.34e-10	2.358e+16
83.437	86.775	001:19:32.890 	1.8e-08	1e-99	2.26e-05	8.29e-10	2.308e+16
83.75	87.1	001:19:33.203 	1.7e-08	1e-99	2.26e-05	8.19e-10	2.208e+16
84.062	87.425	001:19:33.515 	1.7e-08	1e-99	2.26e-05	8.29e-10	2.308e+16
84.375	87.75	001:19:33.828 	1.8e-08	1e-99	2.26e-05	8.26e-10	2.278e+16
84.687	88.075	001:19:34.140 	1.8e-08	1e-99	2.26e-05	8.15e-10	2.168e+16
85.0	88.4	001:19:34.453 	1.8e-08	1e-99	2.26e-05	8.22e-10	2.238e+16
85.312	88.725	001:19:34.765 	1.8e-08	1e-99	2.26e-05	8.23e-10	2.248e+16
85.625	89.05	001:19:35.078 	1.7e-08	1e-99	2.26e-05	8.16e-10	2.178e+16
85.937	89.375	001:19:35.390 	1.7e-08	1e-99	2.26e-05	8.18e-10	2.198e+16
86.25	89.7	001:19:35.703 	1.8e-08	1e-99	2.26e-05	8.34e-10	2.358e+16
86.562	90.025	001:19:36.015 	1.8e-08	1e-99	2.26e-05	8.3e-10	2.318e+16
86.875	90.35	001:19:36.328 	1.8e-08	1e-99	2.25e-05	8.25e-10	2.268e+16
87.187	90.675	001:19:36.640 	1.8e-08	1e-99	2.25e-05	8.31e-10	2.328e+16
87.5	91.0	001:19:36.953 	1.8e-08	1e-99	2.25e-05	8.17e-10	2.188e+16
87.812	91.325	001:19:37.265 	1.8e-08	1e-99	2.25e-05	8.18e-10	2.198e+16
88.125	91.65	001:19:37.578 	1.8e-08	1e-99	2.25e-05	8.25e-10	2.268e+16
88.437	91.975	001:19:37.890 	1.8e-08	1e-99	2.25e-05	8.31e-10	2.328e+16
88.75	92.3	001:19:38.203 	1.7e-08	1e-99	2.25e-05	8.11e-10	2.128e+16
89.062	92.625	001:19:38.515 	1.7e-08	1e-99	2.25e-05	8.08e-10	2.098e+16
89.375	92.95	001:19:38.828 	1.8e-08	1e-99	2.25e-05	8.3e-10	2.318e+16
89.687	93.275	001:19:39.140 	1.8e-08	1e-99	2.25e-05	8.22e-10	2.238e+16
90.0	93.6	001:19:39.453 	1.7e-08	1e-99	2.26e-05	8.25e-10	2.268e+16
90.312	93.925	001:19:39.765 	1.7e-08	1e-99	2.26e-05	8.23e-10	2.248e+16
90.625	94.25	001:19:40.078 	1.8e-08	1e-99	2.26e-05	8.12e-10	2.138e+16
90.937	94.575	001:19:40.390 	1.8e-08	1e-99	2.26e-05	8.16e-10	2.178e+16
91.25	94.9	001:19:40.703 	1.8e-08	1e-99	2.26e-05	8.05e-10	2.068e+16
91.562	95.225	001:19:41.015 	1.8e-08	1e-99	2.26e-05	8.22e-10	2.238e+16
91.875	95.55	001:19:41.328 	1.7e-08	1e-99	2.26e-05	8.26e-10	2.278e+16
92.187	95.875	001:19:41.640 	1.8e-08	1e-99	2.26e-05	8.15e-10	2.168e+16
92.5	96.2	001:19:41.953 	1.8e-08	1e-99	2.26e-05	8.11e-10	2.128e+16
92.812	96.525	001:19:42.265 	1.8e-08	1e-99	2.26e-05	8.15e-10	2.168e+16
93.125	96.85	001:19:42.578 	1.7e-08	1e-99	2.25e-05	8.25e-10	2.268e+16
93.437	97.175	001:19:42.890 	1.7e-08	1e-99	2.25e-05	8.19e-10	2.208e+16
93.75	97.5	001:19:43.203 	1.8e-08	1e-99	2.25e-05	8.08e-10	2.098e+16
94.062	97.825	001:19:43.515 	1.8e-08	1e-99	2.25e-05	8.18e-10	2.198e+16
94.375	98.15	001:19:43.828 	1.8e-08	1e-99	2.25e-05	8.14e-10	2.158e+16
94.687	98.475	001:19:44.140 	1.8e-08	1e-99	2.25e-05	8.16e-10	2.178e+16
95.0	98.8	001:19:44.453 	1.8e-08	1e-99	2.25e-05	8.14e-10	2.158e+16
95.312	99.125	001:19:44.765 	1.9e-08	1e-99	2.25e-05	8.04e-10	2.058e+16
95.625	99.45	001:19:45.078 	1.8e-08	1e-99	2.25e-05	8.05e-10	2.068e+16
95.937	99.775	001:19:45.390 	1.7e-08	1e-99	2.25e-05	8.05e-10	2.068e+16
96.25	100.1	001:19:45.703 	1.8e-08	1e-99	2.25e-05	8.11e-10	2.128e+16
96.562	100.425	001:19:46.015 	1.8e-08	1e-99	2.26e-05	8.11e-10	2.128e+16
96.875	100.75	001:19:46.328 	1.7e-08	1e-99	2.26e-05	8.08e-10	2.098e+16
97.187	101.075	001:19:46.640 	1.7e-08	1e-99	2.26e-05	8.14e-10	2.158e+16
97.5	101.4	001:19:46.953 	1.7e-08	1e-99	2.26e-05	8.04e-10	2.058e+16
97.812	101.725	001:19:47.265 	1.8e-08	1e-99	2.26e-05	8.12e-10	2.138e+16
98.125	102.05	001:19:47.578 	1.8e-08	1e-99	2.26e-05	8.03e-10	2.048e+16
98.437	102.375	001:19:47.890 	1.8e-08	1e-99	2.26e-05	8.06e-10	2.078e+16
98.75	102.7	001:19:48.203 	1.8e-08	1e-99	2.25e-05	8.13e-10	2.148e+16
99.062	103.025	001:19:48.515 	1.7e-08	1e-99	2.25e-05	7.98e-10	1.998e+16
99.375	103.35	001:19:48.828 	1.7e-08	1e-99	2.25e-05	8e-10	2.018e+16
99.687	103.675	001:19:49.140 	1.8e-08	1e-99	2.25e-05	8.02e-10	2.038e+16
100.0	104.0	001:19:49.453 	1.7e-08	1e-99	2.25e-05	8.11e-10	2.128e+16
100.312	104.325	001:19:49.765 	1.7e-08	1e-99	2.25e-05	8.07e-10	2.088e+16
100.625	104.65	001:19:50.078 	1.7e-08	1e-99	2.25e-05	7.9e-10	1.918e+16
100.937	104.975	001:19:50.390 	1.7e-08	1e-99	2.25e-05	7.96e-10	1.978e+16
101.25	105.3	001:19:50.703 	1.8e-08	1e-99	2.25e-05	7.97e-10	1.988e+16
101.562	105.625	001:19:51.015 	1.8e-08	1e-99	2.25e-05	7.94e-10	1.958e+16
101.875	105.95	001:19:51.328 	1.8e-08	1e-99	2.25e-05	7.93e-10	1.948e+16
102.187	106.275	001:19:51.640 	1.8e-08	1e-99	2.25e-05	8.06e-10	2.078e+16
102.5	106.6	001:19:51.953 	1.7e-08	1e-99	2.26e-05	8.08e-10	2.098e+16
102.812	106.925	001:19:52.265 	1.7e-08	1e-99	2.26e-05	7.96e-10	1.978e+16
103.125	107.25	001:19:52.578 	1.8e-08	1e-99	2.26e-05	7.98e-10	1.998e+16
103.437	107.575	001:19:52.890 	1.8e-08	1e-99	2.26e-05	7.91e-10	1.928e+16
103.75	107.9	001:19:53.203 	1.7e-08	1e-99	2.26e-05	7.94e-10	1.958e+16
104.062	108.225	001:19:53.515 	1.7e-08	1e-99	2.26e-05	7.96e-10	1.978e+16
104.375	108.55	001:19:53.828 	1.8e-08	1e-99	2.26e-05	7.87e-10	1.888e+16
104.687	108.875	001:19:54.140 	1.8e-08	1e-99	2.25e-05	8.03e-10	2.048e+16
105.0	109.2	001:19:54.453 	1.8e-08	1e-99	2.25e-05	8.05e-10	2.068e+16
105.312	109.525	001:19:54.765 	1.8e-08	1e-99	2.25e-05	7.81e-10	1.828e+16
105.625	109.85	001:19:55.078 	1.7e-08	1e-99	2.25e-05	7.81e-10	1.828e+16
105.937	110.175	001:19:55.390 	1.7e-08	1e-99	2.25e-05	7.95e-10	1.968e+16
106.25	110.5	001:19:55.703 	1.8e-08	1e-99	2.25e-05	7.92e-10	1.938e+16
106.562	110.825	001:19:56.015 	1.8e-08	1e-99	2.25e-05	8.06e-10	2.078e+16
106.875	111.15	001:19:56.328 	1.8e-08	1e-99	2.25e-05	8e-10	2.018e+16
107.187	111.475	001:19:56.640 	1.8e-08	1e-99	2.25e-05	7.85e-10	1.868e+16
107.5	111.8	001:19:56.953 	1.7e-08	1e-99	2.25e-05	7.91e-10	1.928e+16
107.812	112.125	001:19:57.265 	1.8e-08	1e-99	2.25e-05	7.86e-10	1.878e+16
108.125	112.45	001:19:57.578 	1.8e-08	1e-99	2.25e-05	7.91e-10	1.928e+16
108.437	112.775	001:19:57.890 	1.7e-08	1e-99	2.25e-05	7.85e-10	1.868e+16
108.75	113.1	001:19:58.203 	1.7e-08	1e-99	2.25e-05	7.87e-10	1.888e+16
109.062	113.425	001:19:58.515 	1.8e-08	1e-99	2.26e-05	7.93e-10	1.948e+16
109.375	113.75	001:19:58.828 	1.8e-08	1e-99	2.26e-05	7.73e-10	1.748e+16
109.687	114.075	001:19:59.140 	1.8e-08	1e-99	2.26e-05	7.87e-10	1.888e+16
110.0	114.4	001:19:59.453 	1.8e-08	1e-99	2.26e-05	7.86e-10	1.878e+16
110.312	114.725	001:19:59.765 	1.7e-08	1e-99	2.25e-05	7.98e-10	1.998e+16
110.625	115.05	001:20:00.078 	1.7e-08	1e-99	2.25e-05	7.83e-10	1.848e+16
110.937	115.375	001:20:00.390 	1.7e-08	1e-99	2.25e-05	7.78e-10	1.798e+16
111.25	115.7	001:20:00.703 	1.8e-08	1e-99	2.25e-05	7.88e-10	1.898e+16
111.562	116.025	001:20:01.015 	1.8e-08	1e-99	2.25e-05	7.81e-10	1.828e+16
111.875	116.35	001:20:01.328 	1.7e-08	1e-99	2.25e-05	7.81e-10	1.828e+16
112.187	116.675	001:20:01.640 	1.7e-08	1e-99	2.25e-05	7.72e-10	1.738e+16
112.5	117.0	001:20:01.953 	1.8e-08	1e-99	2.25e-05	7.76e-10	1.778e+16
112.812	117.325	001:20:02.265 	1.7e-08	1e-99	2.25e-05	7.87e-10	1.888e+16
113.125	117.65	001:20:02.578 	1.8e-08	1e-99	2.25e-05	7.8e-10	1.818e+16
113.437	117.975	001:20:02.890 	1.8e-08	1e-99	2.25e-05	7.78e-10	1.798e+16
113.75	118.3	001:20:03.203 	1.8e-08	1e-99	2.25e-05	7.87e-10	1.888e+16
114.062	118.625	001:20:03.515 	1.8e-08	1e-99	2.25e-05	7.68e-10	1.698e+16
114.375	118.95	001:20:03.828 	1.8e-08	1e-99	2.25e-05	7.73e-10	1.748e+16
114.687	119.275	001:20:04.140 	1.8e-08	1e-99	2.25e-05	7.79e-10	1.808e+16
115.0	119.6	001:20:04.453 	1.8e-08	1e-99	2.25e-05	7.73e-10	1.748e+16
115.312	119.925	001:20:04.765 	1.8e-08	1e-99	2.25e-05	7.76e-10	1.778e+16
115.625	120.25	001:20:05.078 	1.8e-08	1e-99	2.25e-05	7.64e-10	1.658e+16
115.937	120.575	001:20:05.390 	1.8e-08	1e-99	2.26e-05	7.69e-10	1.708e+16
116.25	120.9	001:20:05.703 	1.8e-08	1e-99	2.25e-05	7.7e-10	1.718e+16
116.562	121.225	001:20:06.015 	1.8e-08	1e-99	2.25e-05	7.69e-10	1.708e+16
116.875	121.55	001:20:06.328 	1.8e-08	1e-99	2.25e-05	7.79e-10	1.808e+16
117.187	121.875	001:20:06.640 	1.8e-08	1e-99	2.25e-05	7.75e-10	1.768e+16
117.5	122.2	001:20:06.953 	1.7e-08	1e-99	2.25e-05	7.67e-10	1.688e+16
117.812	122.525	001:20:07.265 	1.6e-08	1e-99	2.25e-05	7.73e-10	1.748e+16
118.125	122.85	001:20:07.578 	1.8e-08	1e-99	2.25e-05	7.76e-10	1.778e+16
118.437	123.175	001:20:07.890 	1.8e-08	1e-99	2.25e-05	7.63e-10	1.648e+16
118.75	123.5	001:20:08.203 	1.8e-08	1e-99	2.25e-05	7.77e-10	1.788e+16
119.062	123.825	001:20:08.515 	1.8e-08	1e-99	2.25e-05	7.65e-10	1.668e+16
119.375	124.15	001:20:08.828 	1.8e-08	1e-99	2.25e-05	7.58e-10	1.598e+16
119.687	124.475	001:20:09.140 	1.8e-08	1e-99	2.25e-05	7.55e-10	1.568e+16
120.0	124.8	001:20:09.453 	1.7e-08	1e-99	2.25e-05	7.62e-10	1.638e+16
120.312	125.125	001:20:09.765 	1.8e-08	1e-99	2.25e-05	7.58e-10	1.598e+16
120.625	125.45	001:20:10.078 	1.8e-08	1e-99	2.25e-05	7.63e-10	1.648e+16
120.937	125.775	001:20:10.390 	1.7e-08	1e-99	2.25e-05	7.65e-10	1.668e+16
121.25	126.1	001:20:10.703 	1.7e-08	1e-99	2.25e-05	7.49e-10	1.508e+16
121.562	126.425	001:20:11.015 	1.8e-08	1e-99	2.26e-05	7.57e-10	1.588e+16
121.875	126.75	001:20:11.328 	1.8e-08	1e-99	2.26e-05	7.69e-10	1.708e+16
122.187	127.075	001:20:11.640 	1.7e-08	1e-99	2.25e-05	7.61e-10	1.628e+16
122.5	127.4	001:20:11.953 	1.7e-08	1e-99	2.25e-05	7.52e-10	1.538e+16
122.812	127.725	001:20:12.265 	1.7e-08	1e-99	2.25e-05	7.49e-10	1.508e+16
123.125	128.05	001:20:12.578 	1.8e-08	1e-99	2.25e-05	7.51e-10	1.528e+16
123.437	128.375	001:20:12.890 	1.8e-08	1e-99	2.25e-05	7.57e-10	1.588e+16
123.75	128.7	001:20:13.203 	1.8e-08	1e-99	2.25e-05	7.57e-10	1.588e+16
124.062	129.025	001:20:13.515 	1.8e-08	1e-99	2.25e-05	7.52e-10	1.538e+16
124.375	129.35	001:20:13.828 	1.8e-08	1e-99	2.25e-05	7.6e-10	1.618e+16
124.687	129.675	001:20:14.140 	1.8e-08	1e-99	2.25e-05	7.5e-10	1.518e+16
125.0	130.0	001:20:14.453 	1.8e-08	1e-99	2.24e-05	7.55e-10	1.568e+16
125.312	130.325	001:20:14.765 	1.8e-08	1e-99	2.25e-05	7.51e-10	1.528e+16
125.625	130.65	001:20:15.078 	1.7e-08	1e-99	2.25e-05	7.49e-10	1.508e+16
125.937	130.975	001:20:15.390 	1.7e-08	1e-99	2.25e-05	7.42e-10	1.438e+16
126.25	131.3	001:20:15.703 	1.7e-08	1e-99	2.25e-05	7.46e-10	1.478e+16
126.562	131.625	001:20:16.015 	1.8e-08	1e-99	2.25e-05	7.53e-10	1.548e+16
126.875	131.95	001:20:16.328 	1.8e-08	1e-99	2.25e-05	7.5e-10	1.518e+16
127.187	132.275	001:20:16.640 	1.8e-08	1e-99	2.25e-05	7.45e-10	1.468e+16
127.5	132.6	001:20:16.953 	1.7e-08	1e-99	2.25e-05	7.44e-10	1.458e+16
127.812	132.925	001:20:17.265 	1.7e-08	1e-99	2.26e-05	7.5e-10	1.518e+16
128.125	133.25	001:20:17.578 	1.8e-08	1e-99	2.25e-05	7.47e-10	1.488e+16
128.437	133.575	001:20:17.890 	1.8e-08	1e-99	2.25e-05	7.5e-10	1.518e+16
128.75	133.9	001:20:18.203 	1.8e-08	1e-99	2.25e-05	7.48e-10	1.498e+16
129.062	134.225	001:20:18.515 	1.8e-08	1e-99	2.25e-05	7.46e-10	1.478e+16
129.375	134.55	001:20:18.828 	1.8e-08	1e-99	2.25e-05	7.38e-10	1.398e+16
129.687	134.875	001:20:19.140 	1.8e-08	1e-99	2.25e-05	7.47e-10	1.488e+16
130.0	135.2	001:20:19.453 	1.8e-08	1e-99	2.25e-05	7.33e-10	1.348e+16
130.312	135.525	001:20:19.765 	1.8e-08	1e-99	2.25e-05	7.47e-10	1.488e+16
130.625	135.85	001:20:20.078 	1.7e-08	1e-99	2.24e-05	7.51e-10	1.528e+16
130.937	136.175	001:20:20.390 	1.7e-08	1e-99	2.25e-05	7.49e-10	1.508e+16
131.25	136.5	001:20:20.703 	1.8e-08	1e-99	2.24e-05	7.48e-10	1.498e+16
131.562	136.825	001:20:21.015 	1.8e-08	1e-99	2.25e-05	7.5e-10	1.518e+16
131.875	137.15	001:20:21.328 	1.8e-08	1e-99	2.25e-05	7.45e-10	1.468e+16
132.187	137.475	001:20:21.640 	1.8e-08	1e-99	2.25e-05	7.4e-10	1.418e+16
132.5	137.8	001:20:21.953 	1.8e-08	1e-99	2.25e-05	7.33e-10	1.348e+16
132.812	138.125	001:20:22.265 	1.8e-08	1e-99	2.25e-05	7.34e-10	1.358e+16
133.125	138.45	001:20:22.578 	1.8e-08	1e-99	2.25e-05	7.3e-10	1.318e+16
133.437	138.775	001:20:22.890 	1.9e-08	1e-99	2.25e-05	7.35e-10	1.368e+16
133.75	139.1	001:20:23.203 	1.8e-08	1e-99	2.25e-05	7.38e-10	1.398e+16
134.062	139.425	001:20:23.515 	1.8e-08	1e-99	2.25e-05	7.37e-10	1.388e+16
134.375	139.75	001:20:23.828 	1.7e-08	1e-99	2.25e-05	7.26e-10	1.278e+16
134.687	140.075	001:20:24.140 	1.8e-08	1e-99	2.25e-05	7.31e-10	1.328e+16
135.0	140.4	001:20:24.453 	1.7e-08	1e-99	2.25e-05	7.31e-10	1.328e+16
135.312	140.725	001:20:24.765 	1.8e-08	1e-99	2.25e-05	7.28e-10	1.298e+16
135.625	141.05	001:20:25.078 	1.7e-08	1e-99	2.25e-05	7.33e-10	1.348e+16
135.937	141.375	001:20:25.390 	1.8e-08	1e-99	2.25e-05	7.29e-10	1.308e+16
136.25	141.7	001:20:25.703 	1.8e-08	1e-99	2.25e-05	7.36e-10	1.378e+16
136.562	142.025	001:20:26.015 	1.8e-08	1e-99	2.24e-05	7.34e-10	1.358e+16
136.875	142.35	001:20:26.328 	1.8e-08	1e-99	2.24e-05	7.35e-10	1.368e+16
137.187	142.675	001:20:26.640 	1.7e-08	1e-99	2.24e-05	7.39e-10	1.408e+16
137.5	143.0	001:20:26.953 	1.7e-08	1e-99	2.24e-05	7.31e-10	1.328e+16
137.812	143.325	001:20:27.265 	1.7e-08	1e-99	2.25e-05	7.3e-10	1.318e+16
138.125	143.65	001:20:27.578 	1.8e-08	1e-99	2.25e-05	7.24e-10	1.258e+16
138.437	143.975	001:20:27.890 	1.8e-08	1e-99	2.25e-05	7.18e-10	1.198e+16
138.75	144.3	001:20:28.203 	1.8e-08	1e-99	2.25e-05	7.15e-10	1.168e+16
139.062	144.625	001:20:28.515 	1.8e-08	1e-99	2.25e-05	7.3e-10	1.318e+16
139.375	144.95	001:20:28.828 	1.8e-08	1e-99	2.25e-05	7.25e-10	1.268e+16
139.687	145.275	001:20:29.140 	1.8e-08	1e-99	2.25e-05	7.28e-10	1.298e+16
140.0	145.6	001:20:29.453 	1.8e-08	1e-99	2.25e-05	7.28e-10	1.298e+16
140.312	145.925	001:20:29.765 	1.7e-08	1e-99	2.25e-05	7.18e-10	1.198e+16
140.625	146.25	001:20:30.078 	1.7e-08	1e-99	2.25e-05	7.25e-10	1.268e+16
140.937	146.575	001:20:30.390 	1.8e-08	1e-99	2.25e-05	7.26e-10	1.278e+16
141.25	146.9	001:20:30.703 	1.8e-08	1e-99	2.25e-05	7.14e-10	1.158e+16
141.562	147.225	001:20:31.015 	1.8e-08	1e-99	2.25e-05	7.31e-10	1.328e+16
141.875	147.55	001:20:31.328 	1.8e-08	1e-99	2.25e-05	7.14e-10	1.158e+16
142.187	147.875	001:20:31.640 	1.7e-08	1e-99	2.24e-05	7.32e-10	1.338e+16
142.5	148.2	001:20:31.953 	1.7e-08	1e-99	2.24e-05	7.24e-10	1.258e+16
142.812	148.525	001:20:32.265 	1.8e-08	1e-99	2.24e-05	7.15e-10	1.168e+16
143.125	148.85	001:20:32.578 	1.8e-08	1e-99	2.24e-05	7.13e-10	1.148e+16
143.437	149.175	001:20:32.890 	1.7e-08	1e-99	2.24e-05	7.15e-10	1.168e+16
143.75	149.5	001:20:33.203 	1.7e-08	1e-99	2.24e-05	7.23e-10	1.248e+16
144.062	149.825	001:20:33.515 	1.7e-08	1e-99	2.25e-05	7.18e-10	1.198e+16
144.375	150.15	001:20:33.828 	1.7e-08	1e-99	2.25e-05	7.13e-10	1.148e+16
144.687	150.475	001:20:34.140 	1.8e-08	1e-99	2.25e-05	7.13e-10	1.148e+16
145.0	150.8	001:20:34.453 	1.8e-08	1e-99	2.25e-05	7.1e-10	1.118e+16
145.312	151.125	001:20:34.765 	1.7e-08	1e-99	2.25e-05	7.09e-10	1.108e+16
145.625	151.45	001:20:35.078 	1.8e-08	1e-99	2.25e-05	7.15e-10	1.168e+16
145.937	151.775	001:20:35.390 	1.8e-08	1e-99	2.25e-05	7.21e-10	1.228e+16
146.25	152.1	001:20:35.703 	1.7e-08	1e-99	2.25e-05	7.13e-10	1.148e+16
146.562	152.425	001:20:36.015 	1.7e-08	1e-99	2.25e-05	7.06e-10	1.078e+16
146.875	152.75	001:20:36.328 	1.8e-08	1e-99	2.25e-05	7.12e-10	1.138e+16
147.187	153.075	001:20:36.640 	1.8e-08	1e-99	2.25e-05	7.14e-10	1.158e+16
147.5	153.4	001:20:36.953 	1.8e-08	1e-99	2.24e-05	7.06e-10	1.078e+16
147.812	153.725	001:20:37.265 	1.8e-08	1e-99	2.24e-05	7.18e-10	1.198e+16
148.125	154.05	001:20:37.578 	1.8e-08	1e-99	2.24e-05	7.09e-10	1.108e+16
148.437	154.375	001:20:37.890 	1.8e-08	1e-99	2.24e-05	7.13e-10	1.148e+16
148.75	154.7	001:20:38.203 	1.8e-08	1e-99	2.24e-05	7.2e-10	1.218e+16
149.062	155.025	001:20:38.515 	1.8e-08	1e-99	2.24e-05	7.07e-10	1.088e+16
149.375	155.35	001:20:38.828 	1.8e-08	1e-99	2.24e-05	7.14e-10	1.158e+16
149.687	155.675	001:20:39.140 	1.8e-08	1e-99	2.24e-05	7.16e-10	1.178e+16
150.0	156.0	001:20:39.453 	1.8e-08	1e-99	2.24e-05	7.01e-10	1.028e+16
150.312	156.325	001:20:39.765 	1.7e-08	1e-99	2.25e-05	6.98e-10	9.98e+15
150.625	156.65	001:20:40.078 	1.8e-08	1e-99	2.25e-05	7e-10	1.018e+16
150.937	156.975	001:20:40.390 	1.8e-08	1e-99	2.25e-05	7e-10	1.018e+16
151.25	157.3	001:20:40.703 	1.8e-08	1e-99	2.25e-05	6.94e-10	9.58e+15
151.562	157.625	001:20:41.015 	1.8e-08	1e-99	2.25e-05	7.05e-10	1.068e+16
151.875	157.95	001:20:41.328 	1.7e-08	1e-99	2.25e-05	7.03e-10	1.048e+16
152.187	158.275	001:20:41.640 	1.8e-08	1e-99	2.25e-05	6.97e-10	9.88e+15
152.5	158.6	001:20:41.953 	1.8e-08	1e-99	2.25e-05	7.04e-10	1.058e+16
152.812	158.925	001:20:42.265 	1.8e-08	1e-99	2.25e-05	7.01e-10	1.028e+16
153.125	159.25	001:20:42.578 	1.7e-08	1e-99	2.25e-05	7.05e-10	1.068e+16
153.437	159.575	001:20:42.890 	1.7e-08	1e-99	2.25e-05	7e-10	1.018e+16
153.75	159.9	001:20:43.203 	1.8e-08	1e-99	2.24e-05	7.01e-10	1.028e+16
154.062	160.225	001:20:43.515 	1.8e-08	1e-99	2.24e-05	6.94e-10	9.58e+15
154.375	160.55	001:20:43.828 	1.8e-08	1e-99	2.24e-05	7.04e-10	1.058e+16
154.687	160.875	001:20:44.140 	1.7e-08	1e-99	2.24e-05	6.87e-10	8.88e+15
155.0	161.2	001:20:44.453 	1.7e-08	1e-99	2.24e-05	6.95e-10	9.68e+15
155.312	161.525	001:20:44.765 	1.8e-08	1e-99	2.24e-05	6.94e-10	9.58e+15
155.625	161.85	001:20:45.078 	1.7e-08	1e-99	2.24e-05	6.95e-10	9.68e+15
155.937	162.175	001:20:45.390 	1.7e-08	1e-99	2.24e-05	6.91e-10	9.28e+15
156.25	162.5	001:20:45.703 	1.8e-08	1e-99	2.24e-05	6.89e-10	9.08e+15
156.562	162.825	001:20:46.015 	1.8e-08	1e-99	2.25e-05	6.87e-10	8.88e+15
156.875	163.15	001:20:46.328 	1.7e-08	1e-99	2.25e-05	6.82e-10	8.38e+15
157.187	163.475	001:20:46.640 	1.7e-08	1e-99	2.25e-05	6.94e-10	9.58e+15
157.5	163.8	001:20:46.953 	1.7e-08	1e-99	2.25e-05	6.85e-10	8.68e+15
157.812	164.125	001:20:47.265 	1.8e-08	1e-99	2.25e-05	6.98e-10	9.98e+15
158.125	164.45	001:20:47.578 	1.8e-08	1e-99	2.25e-05	6.87e-10	8.88e+15
158.437	164.775	001:20:47.890 	1.8e-08	1e-99	2.25e-05	6.86e-10	8.78e+15
158.75	165.1	001:20:48.203 	1.7e-08	1e-99	2.25e-05	6.88e-10	8.98e+15
159.062	165.425	001:20:48.515 	1.8e-08	1e-99	2.25e-05	7.04e-10	1.058e+16
159.375	165.75	001:20:48.828 	1.8e-08	1e-99	2.25e-05	6.91e-10	9.28e+15
159.687	166.075	001:20:49.140 	1.8e-08	1e-99	2.25e-05	6.96e-10	9.78e+15
160.0	166.4	001:20:49.453 	1.7e-08	1e-99	2.24e-05	6.99e-10	1.008e+16
160.312	166.725	001:20:49.765 	1.8e-08	1e-99	2.24e-05	6.83e-10	8.48e+15
160.625	167.05	001:20:50.078 	1.8e-08	1e-99	2.24e-05	6.93e-10	9.48e+15
160.937	167.375	001:20:50.390 	1.8e-08	1e-99	2.24e-05	6.84e-10	8.58e+15
161.25	167.7	001:20:50.703 	1.8e-08	1e-99	2.24e-05	6.78e-10	7.98e+15
161.562	168.025	001:20:51.015 	1.7e-08	1e-99	2.24e-05	6.93e-10	9.48e+15
161.875	168.35	001:20:51.328 	1.7e-08	1e-99	2.24e-05	6.84e-10	8.58e+15
162.187	168.675	001:20:51.640 	1.8e-08	1e-99	2.24e-05	6.86e-10	8.78e+15
162.5	169.0	001:20:51.953 	1.8e-08	1e-99	2.24e-05	6.85e-10	8.68e+15
162.812	169.325	001:20:52.265 	1.7e-08	1e-99	2.24e-05	6.82e-10	8.38e+15
163.125	169.65	001:20:52.578 	1.7e-08	1e-99	2.25e-05	6.85e-10	8.68e+15
163.437	169.975	001:20:52.890 	1.7e-08	1e-99	2.25e-05	6.76e-10	7.78e+15
163.75	170.3	001:20:53.203 	1.8e-08	1e-99	2.25e-05	6.81e-10	8.28e+15
164.062	170.625	001:20:53.515 	1.7e-08	1e-99	2.25e-05	7e-10	1.018e+16
164.375	170.95	001:20:53.828 	1.7e-08	1e-99	2.25e-05	6.82e-10	8.38e+15
164.687	171.275	001:20:54.140 	1.7e-08	1e-99	2.25e-05	6.82e-10	8.38e+15
165.0	171.6	001:20:54.453 	1.7e-08	1e-99	2.25e-05	6.83e-10	8.48e+15
165.312	171.925	001:20:54.765 	1.7e-08	1e-99	2.25e-05	6.87e-10	8.88e+15
165.625	172.25	001:20:55.078 	1.7e-08	1e-99	2.25e-05	6.83e-10	8.48e+15
165.937	172.575	001:20:55.390 	1.8e-08	1e-99	2.24e-05	6.77e-10	7.88e+15
166.25	172.9	001:20:55.703 	1.8e-08	1e-99	2.24e-05	6.7e-10	7.18e+15
166.562	173.225	001:20:56.015 	1.8e-08	1e-99	2.24e-05	6.7e-10	7.18e+15
166.875	173.55	001:20:56.328 	1.7e-08	1e-99	2.24e-05	6.84e-10	8.58e+15
167.187	173.875	001:20:56.640 	1.7e-08	1e-99	2.24e-05	6.77e-10	7.88e+15
167.5	174.2	001:20:56.953 	1.8e-08	1e-99	2.24e-05	6.73e-10	7.48e+15
167.812	174.525	001:20:57.265 	1.9e-08	1e-99	2.24e-05	6.76e-10	7.78e+15
168.125	174.85	001:20:57.578 	1.8e-08	1e-99	2.24e-05	6.69e-10	7.08e+15
168.437	175.175	001:20:57.890 	1.7e-08	1e-99	2.24e-05	6.9e-10	9.18e+15
168.75	175.5	001:20:58.203 	1.7e-08	1e-99	2.24e-05	6.63e-10	6.48e+15
169.062	175.825	001:20:58.515 	1.7e-08	1e-99	2.24e-05	6.71e-10	7.28e+15
169.375	176.15	001:20:58.828 	1.8e-08	1e-99	2.25e-05	6.82e-10	8.38e+15
169.687	176.475	001:20:59.140 	1.8e-08	1e-99	2.25e-05	6.76e-10	7.78e+15
170.0	176.8	001:20:59.453 	1.7e-08	1e-99	2.25e-05	6.73e-10	7.48e+15
170.312	177.125	001:20:59.765 	1.7e-08	1e-99	2.25e-05	6.8e-10	8.18e+15
170.625	177.45	001:21:00.078 	1.8e-08	1e-99	2.25e-05	6.71e-10	7.28e+15
170.937	177.775	001:21:00.390 	1.8e-08	1e-99	2.25e-05	6.84e-10	8.58e+15
171.25	178.1	001:21:00.703 	1.8e-08	1e-99	2.25e-05	6.7e-10	7.18e+15
171.562	178.425	001:21:01.015 	1.7e-08	1e-99	2.25e-05	6.74e-10	7.58e+15
171.875	178.75	001:21:01.328 	1.7e-08	1e-99	2.25e-05	6.67e-10	6.88e+15
172.187	179.075	001:21:01.640 	1.8e-08	1e-99	2.24e-05	6.64e-10	6.58e+15
172.5	179.4	001:21:01.953 	1.8e-08	1e-99	2.24e-05	6.77e-10	7.88e+15
172.812	179.725	001:21:02.265 	1.8e-08	1e-99	2.24e-05	6.73e-10	7.48e+15
173.125	180.05	001:21:02.578 	1.8e-08	1e-99	2.24e-05	6.67e-10	6.88e+15
173.437	180.375	001:21:02.890 	1.8e-08	1e-99	2.24e-05	6.61e-10	6.28e+15
173.75	180.7	001:21:03.203 	1.8e-08	1e-99	2.24e-05	6.64e-10	6.58e+15
174.062	181.025	001:21:03.515 	1.7e-08	1e-99	2.24e-05	6.65e-10	6.68e+15
174.375	181.35	001:21:03.828 	1.7e-08	1e-99	2.24e-05	6.53e-10	5.48e+15
174.687	181.675	001:21:04.140 	1.8e-08	1e-99	2.24e-05	6.77e-10	7.88e+15
175.0	182.0	001:21:04.453 	1.8e-08	1e-99	2.24e-05	6.68e-10	6.98e+15
175.312	182.325	001:21:04.765 	1.8e-08	1e-99	2.24e-05	6.73e-10	7.48e+15
175.625	182.65	001:21:05.078 	1.7e-08	1e-99	2.24e-05	6.65e-10	6.68e+15
175.937	182.975	001:21:05.390 	1.7e-08	1e-99	2.24e-05	6.67e-10	6.88e+15
176.25	183.3	001:21:05.703 	1.8e-08	1e-99	2.24e-05	6.63e-10	6.48e+15
176.562	183.625	001:21:06.015 	1.7e-08	1e-99	2.25e-05	6.61e-10	6.28e+15
176.875	183.95	001:21:06.328 	1.7e-08	1e-99	2.25e-05	6.71e-10	7.28e+15
177.187	184.275	001:21:06.640 	1.7e-08	1e-99	2.25e-05	6.81e-10	8.28e+15
177.5	184.6	001:21:06.953 	1.7e-08	1e-99	2.25e-05	6.59e-10	6.08e+15
177.812	184.925	001:21:07.265 	1.8e-08	1e-99	2.25e-05	6.68e-10	6.98e+15
178.125	185.25	001:21:07.578 	1.7e-08	1e-99	2.25e-05	6.62e-10	6.38e+15
178.437	185.575	001:21:07.890 	1.7e-08	1e-99	2.24e-05	6.7e-10	7.18e+15
178.75	185.9	001:21:08.203 	1.7e-08	1e-99	2.24e-05	6.5e-10	5.18e+15
179.062	186.225	001:21:08.515 	1.8e-08	1e-99	2.24e-05	6.73e-10	7.48e+15
179.375	186.55	001:21:08.828 	1.7e-08	1e-99	2.24e-05	6.57e-10	5.88e+15
179.687	186.875	001:21:09.140 	1.7e-08	1e-99	2.24e-05	6.67e-10	6.88e+15
180.0	187.2	001:21:09.453 	1.7e-08	1e-99	2.24e-05	6.62e-10	6.38e+15
180.312	187.525	001:21:09.765 	1.8e-08	1e-99	2.24e-05	6.7e-10	7.18e+15
180.625	187.85	001:21:10.078 	1.8e-08	1e-99	2.24e-05	6.65e-10	6.68e+15
180.937	188.175	001:21:10.390 	1.8e-08	1e-99	2.24e-05	6.54e-10	5.58e+15
181.25	188.5	001:21:10.703 	1.7e-08	1e-99	2.24e-05	6.61e-10	6.28e+15
181.562	188.825	001:21:11.015 	1.8e-08	1e-99	2.24e-05	6.55e-10	5.68e+15
181.875	189.15	001:21:11.328 	1.8e-08	1e-99	2.24e-05	6.62e-10	6.38e+15
182.187	189.475	001:21:11.640 	1.8e-08	1e-99	2.24e-05	6.6e-10	6.18e+15
182.5	189.8	001:21:11.953 	1.7e-08	1e-99	2.24e-05	6.7e-10	7.18e+15
182.812	190.125	001:21:12.265 	1.7e-08	1e-99	2.25e-05	6.58e-10	5.98e+15
183.125	190.45	001:21:12.578 	1.8e-08	1e-99	2.25e-05	6.57e-10	5.88e+15
183.437	190.775	001:21:12.890 	1.8e-08	1e-99	2.25e-05	6.56e-10	5.78e+15
183.75	191.1	001:21:13.203 	1.8e-08	1e-99	2.25e-05	6.56e-10	5.78e+15
184.062	191.425	001:21:13.515 	1.7e-08	1e-99	2.25e-05	6.5e-10	5.18e+15
184.375	191.75	001:21:13.828 	1.8e-08	1e-99	2.25e-05	6.54e-10	5.58e+15
184.687	192.075	001:21:14.140 	1.8e-08	1e-99	2.25e-05	6.51e-10	5.28e+15
185.0	192.4	001:21:14.453 	1.8e-08	1e-99	2.25e-05	6.58e-10	5.98e+15
185.312	192.725	001:21:14.765 	1.8e-08	1e-99	2.24e-05	6.58e-10	5.98e+15
185.625	193.05	001:21:15.078 	1.8e-08	1e-99	2.24e-05	6.55e-10	5.68e+15
185.937	193.375	001:21:15.390 	1.8e-08	1e-99	2.24e-05	6.53e-10	5.48e+15
186.25	193.7	001:21:15.703 	1.7e-08	1e-99	2.24e-05	6.59e-10	6.08e+15
186.562	194.025	001:21:16.015 	1.7e-08	1e-99	2.24e-05	6.58e-10	5.98e+15
186.875	194.35	001:21:16.328 	1.8e-08	1e-99	2.24e-05	6.55e-10	5.68e+15
187.187	194.675	001:21:16.640 	1.8e-08	1e-99	2.24e-05	6.5e-10	5.18e+15
187.5	195.0	001:21:16.953 	1.8e-08	1e-99	2.24e-05	6.55e-10	5.68e+15
187.812	195.325	001:21:17.265 	1.7e-08	1e-99	2.24e-05	6.56e-10	5.78e+15
188.125	195.65	001:21:17.578 	1.8e-08	1e-99	2.24e-05	6.39e-10	4.08e+15
188.437	195.975	001:21:17.890 	1.8e-08	1e-99	2.24e-05	6.42e-10	4.38e+15
188.75	196.3	001:21:18.203 	1.8e-08	1e-99	2.24e-05	6.46e-10	4.78e+15
189.062	196.625	001:21:18.515 	1.7e-08	1e-99	2.24e-05	6.39e-10	4.08e+15
189.375	196.95	001:21:18.828 	1.7e-08	1e-99	2.24e-05	6.38e-10	3.98e+15
189.687	197.275	001:21:19.140 	1.8e-08	1e-99	2.24e-05	6.44e-10	4.58e+15
190.0	197.6	001:21:19.453 	1.8e-08	1e-99	2.24e-05	6.42e-10	4.38e+15
190.312	197.925	001:21:19.765 	1.8e-08	1e-99	2.24e-05	6.49e-10	5.08e+15
190.625	198.25	001:21:20.078 	1.8e-08	1e-99	2.25e-05	6.45e-10	4.68e+15
190.937	198.575	001:21:20.390 	1.7e-08	1e-99	2.25e-05	6.51e-10	5.28e+15
191.25	198.9	001:21:20.703 	1.7e-08	1e-99	2.25e-05	6.49e-10	5.08e+15
191.562	199.225	001:21:21.015 	1.8e-08	1e-99	2.24e-05	6.55e-10	5.68e+15
191.875	199.55	001:21:21.328 	1.8e-08	1e-99	2.24e-05	6.49e-10	5.08e+15
192.187	199.875	001:21:21.640 	1.8e-08	1e-99	2.24e-05	6.47e-10	4.88e+15
192.5	200.2	001:21:21.953 	1.7e-08	1e-99	2.24e-05	6.44e-10	4.58e+15
192.812	200.525	001:21:22.265 	1.7e-08	1e-99	2.24e-05	6.53e-10	5.48e+15
193.125	200.85	001:21:22.578 	1.7e-08	1e-99	2.24e-05	6.49e-10	5.08e+15
193.437	201.175	001:21:22.890 	1.7e-08	1e-99	2.24e-05	6.42e-10	4.38e+15
193.75	201.5	001:21:23.203 	1.7e-08	1e-99	2.24e-05	6.43e-10	4.48e+15
194.062	201.825	001:21:23.515 	1.8e-08	1e-99	2.24e-05	6.37e-10	3.88e+15
194.375	202.15	001:21:23.828 	1.8e-08	1e-99	2.24e-05	6.39e-10	4.08e+15
194.687	202.475	001:21:24.140 	1.8e-08	1e-99	2.24e-05	6.4e-10	4.18e+15
195.0	202.8	001:21:24.453 	1.7e-08	1e-99	2.24e-05	6.48e-10	4.98e+15
195.312	203.125	001:21:24.765 	1.7e-08	1e-99	2.24e-05	6.37e-10	3.88e+15
195.625	203.45	001:21:25.078 	1.8e-08	1e-99	2.24e-05	6.43e-10	4.48e+15
195.937	203.775	001:21:25.390 	1.8e-08	1e-99	2.24e-05	6.47e-10	4.88e+15
196.25	204.1	001:21:25.703 	1.8e-08	1e-99	2.24e-05	6.39e-10	4.08e+15
196.562	204.425	001:21:26.015 	1.7e-08	1e-99	2.24e-05	6.38e-10	3.98e+15
196.875	204.75	001:21:26.328 	1.7e-08	1e-99	2.24e-05	6.4e-10	4.18e+15
197.187	205.075	001:21:26.640 	1.8e-08	1e-99	2.24e-05	6.41e-10	4.28e+15
197.5	205.4	001:21:26.953 	1.8e-08	1e-99	2.25e-05	6.48e-10	4.98e+15
197.812	205.725	001:21:27.265 	1.7e-08	1e-99	2.25e-05	6.44e-10	4.58e+15
198.125	206.05	001:21:27.578 	1.8e-08	1e-99	2.24e-05	6.34e-10	3.58e+15
198.437	206.375	001:21:27.890 	1.7e-08	1e-99	2.24e-05	6.34e-10	3.58e+15
198.75	206.7	001:21:28.203 	1.7e-08	1e-99	2.24e-05	6.36e-10	3.78e+15
199.062	207.025	001:21:28.515 	1.7e-08	1e-99	2.24e-05	6.41e-10	4.28e+15
199.375	207.35	001:21:28.828 	1.7e-08	1e-99	2.24e-05	6.43e-10	4.48e+15
199.687	207.675	001:21:29.140 	1.8e-08	1e-99	2.24e-05	6.31e-10	3.28e+15
200.0	208.0	001:21:29.453 	1.9e-08	1e-99	2.24e-05	6.29e-10	3.08e+15
200.312	208.325	001:21:29.765 	1.8e-08	1e-99	2.24e-05	6.31e-10	3.28e+15
200.625	208.65	001:21:30.078 	1.7e-08	1e-99	2.24e-05	6.43e-10	4.48e+15
200.937	208.975	001:21:30.390 	1.8e-08	1e-99	2.24e-05	6.4e-10	4.18e+15
201.25	209.3	001:21:30.703 	1.8e-08	1e-99	2.24e-05	6.45e-10	4.68e+15
201.562	209.625	001:21:31.015 	1.8e-08	1e-99	2.24e-05	6.31e-10	3.28e+15
201.875	209.95	001:21:31.328 	1.8e-08	1e-99	2.24e-05	6.26e-10	2.78e+15
202.187	210.275	001:21:31.640 	1.7e-08	1e-99	2.24e-05	6.29e-10	3.08e+15
202.5	210.6	001:21:31.953 	1.7e-08	1e-99	2.24e-05	6.32e-10	3.38e+15
202.812	210.925	001:21:32.265 	1.8e-08	1e-99	2.24e-05	6.3e-10	3.18e+15
203.125	211.25	001:21:32.578 	1.8e-08	1e-99	2.24e-05	6.36e-10	3.78e+15
203.437	211.575	001:21:32.890 	1.7e-08	1e-99	2.24e-05	6.36e-10	3.78e+15
203.75	211.9	001:21:33.203 	1.8e-08	1e-99	2.24e-05	6.21e-10	2.28e+15
204.062	212.225	001:21:33.515 	1.8e-08	1e-99	2.24e-05	6.25e-10	2.68e+15
204.375	212.55	001:21:33.828 	1.8e-08	1e-99	2.25e-05	6.28e-10	2.98e+15
204.687	212.875	001:21:34.140 	1.8e-08	1e-99	2.24e-05	6.31e-10	3.28e+15
205.0	213.2	001:21:34.453 	1.7e-08	1e-99	2.24e-05	6.35e-10	3.68e+15
205.312	213.525	001:21:34.765 	1.8e-08	1e-99	2.24e-05	6.35e-10	3.68e+15
205.625	213.85	001:21:35.078 	1.8e-08	1e-99	2.24e-05	6.16e-10	1.78e+15
205.937	214.175	001:21:35.390 	1.7e-08	1e-99	2.24e-05	6.35e-10	3.68e+15
206.25	214.5	001:21:35.703 	1.7e-08	1e-99	2.24e-05	6.18e-10	1.98e+15
206.562	214.825	001:21:36.015 	1.7e-08	1e-99	2.24e-05	6.33e-10	3.48e+15
206.875	215.15	001:21:36.328 	1.7e-08	1e-99	2.24e-05	6.24e-10	2.58e+15
207.187	215.475	001:21:36.640 	1.7e-08	1e-99	2.24e-05	6.25e-10	2.68e+15
207.5	215.8	001:21:36.953 	1.8e-08	1e-99	2.24e-05	6.21e-10	2.28e+15
207.812	216.125	001:21:37.265 	1.8e-08	1e-99	2.24e-05	6.23e-10	2.48e+15
208.125	216.45	001:21:37.578 	1.8e-08	1e-99	2.23e-05	6.24e-10	2.58e+15
208.437	216.775	001:21:37.890 	1.8e-08	1e-99	2.24e-05	6.25e-10	2.68e+15
208.75	217.1	001:21:38.203 	1.8e-08	1e-99	2.24e-05	6.38e-10	3.98e+15
209.062	217.425	001:21:38.515 	1.7e-08	1e-99	2.24e-05	6.24e-10	2.58e+15
209.375	217.75	001:21:38.828 	1.8e-08	1e-99	2.24e-05	6.33e-10	3.48e+15
209.687	218.075	001:21:39.140 	1.8e-08	1e-99	2.24e-05	6.21e-10	2.28e+15
210.0	218.4	001:21:39.453 	1.7e-08	1e-99	2.24e-05	6.23e-10	2.48e+15
210.312	218.725	001:21:39.765 	1.8e-08	1e-99	2.24e-05	6.38e-10	3.98e+15
210.625	219.05	001:21:40.078 	1.8e-08	1e-99	2.24e-05	6.27e-10	2.88e+15
210.937	219.375	001:21:40.390 	1.8e-08	1e-99	2.24e-05	6.29e-10	3.08e+15
211.25	219.7	001:21:40.703 	1.8e-08	1e-99	2.24e-05	6.28e-10	2.98e+15
211.562	220.025	001:21:41.015 	1.8e-08	1e-99	2.24e-05	6.26e-10	2.78e+15
211.875	220.35	001:21:41.328 	1.8e-08	1e-99	2.24e-05	6.18e-10	1.98e+15
212.187	220.675	001:21:41.640 	1.7e-08	1e-99	2.24e-05	6.28e-10	2.98e+15
212.5	221.0	001:21:41.953 	1.8e-08	1e-99	2.24e-05	6.24e-10	2.58e+15
212.812	221.325	001:21:42.265 	1.8e-08	1e-99	2.24e-05	6.2e-10	2.18e+15
213.125	221.65	001:21:42.578 	1.8e-08	1e-99	2.24e-05	6.26e-10	2.78e+15
213.437	221.975	001:21:42.890 	1.7e-08	1e-99	2.24e-05	6.18e-10	1.98e+15
213.75	222.3	001:21:43.203 	1.8e-08	1e-99	2.24e-05	6.26e-10	2.78e+15
214.062	222.625	001:21:43.515 	1.8e-08	1e-99	2.24e-05	6.16e-10	1.78e+15
214.375	222.95	001:21:43.828 	1.7e-08	1e-99	2.24e-05	6.29e-10	3.08e+15
214.687	223.275	001:21:44.140 	1.7e-08	1e-99	2.23e-05	6.17e-10	1.88e+15
215.0	223.6	001:21:44.453 	1.7e-08	1e-99	2.24e-05	6.25e-10	2.68e+15
215.312	223.925	001:21:44.765 	1.8e-08	1e-99	2.24e-05	6.23e-10	2.48e+15
215.625	224.25	001:21:45.078 	1.8e-08	1e-99	2.23e-05	6.12e-10	1.38e+15
215.937	224.575	001:21:45.390 	1.8e-08	1e-99	2.24e-05	6.24e-10	2.58e+15
216.25	224.9	001:21:45.703 	1.8e-08	1e-99	2.24e-05	6.21e-10	2.28e+15
216.562	225.225	001:21:46.015 	1.8e-08	1e-99	2.24e-05	6.15e-10	1.68e+15
216.875	225.55	001:21:46.328 	1.8e-08	1e-99	2.24e-05	6.24e-10	2.58e+15
217.187	225.875	001:21:46.640 	1.7e-08	1e-99	2.24e-05	6.18e-10	1.98e+15
217.5	226.2	001:21:46.953 	1.8e-08	1e-99	2.24e-05	6.13e-10	1.48e+15
217.812	226.525	001:21:47.265 	1.8e-08	1e-99	2.24e-05	6.16e-10	1.78e+15
218.125	226.85	001:21:47.578 	1.8e-08	1e-99	2.24e-05	6.3e-10	3.18e+15
218.437	227.175	001:21:47.890 	1.7e-08	1e-99	2.24e-05	6.13e-10	1.48e+15
218.75	227.5	001:21:48.203 	1.8e-08	1e-99	2.24e-05	6.18e-10	1.98e+15
219.062	227.825	001:21:48.515 	1.8e-08	1e-99	2.24e-05	6.16e-10	1.78e+15
219.375	228.15	001:21:48.828 	1.8e-08	1e-99	2.24e-05	6.23e-10	2.48e+15
219.687	228.475	001:21:49.140 	1.7e-08	1e-99	2.24e-05	6.1e-10	1.18e+15
220.0	228.8	001:21:49.453 	1.7e-08	1e-99	2.24e-05	6.17e-10	1.88e+15
220.312	229.125	001:21:49.765 	1.8e-08	1e-99	2.24e-05	6.11e-10	1.28e+15
220.625	229.45	001:21:50.078 	1.8e-08	1e-99	2.24e-05	6.18e-10	1.98e+15
220.937	229.775	001:21:50.390 	1.9e-08	1e-99	2.24e-05	6.11e-10	1.28e+15
221.25	230.1	001:21:50.703 	1.7e-08	1e-99	2.24e-05	6.17e-10	1.88e+15
221.562	230.425	001:21:51.015 	1.7e-08	1e-99	2.23e-05	6.17e-10	1.88e+15
221.875	230.75	001:21:51.328 	1.8e-08	1e-99	2.24e-05	6.11e-10	1.28e+15
222.187	231.075	001:21:51.640 	1.8e-08	1e-99	2.24e-05	6.15e-10	1.68e+15
222.5	231.4	001:21:51.953 	1.7e-08	1e-99	2.23e-05	6.2e-10	2.18e+15
222.812	231.725	001:21:52.265 	1.7e-08	1e-99	2.23e-05	6.17e-10	1.88e+15
223.125	232.05	001:21:52.578 	1.8e-08	1e-99	2.23e-05	6.26e-10	2.78e+15
223.437	232.375	001:21:52.890 	1.8e-08	1e-99	2.24e-05	6.13e-10	1.48e+15
223.75	232.7	001:21:53.203 	1.8e-08	1e-99	2.24e-05	6.16e-10	1.78e+15
224.062	233.025	001:21:53.515 	1.8e-08	1e-99	2.24e-05	6.06e-10	7.8e+14
224.375	233.35	001:21:53.828 	1.7e-08	1e-99	2.24e-05	6.05e-10	6.8e+14
224.687	233.675	001:21:54.140 	1.7e-08	1e-99	2.24e-05	6.11e-10	1.28e+15
225.0	234.0	001:21:54.453 	1.8e-08	1e-99	2.24e-05	6.08e-10	9.8e+14
225.312	234.325	001:21:54.765 	1.7e-08	1e-99	2.24e-05	6.1e-10	1.18e+15
225.625	234.65	001:21:55.078 	1.8e-08	1e-99	2.24e-05	6.18e-10	1.98e+15
225.937	234.975	001:21:55.390 	1.9e-08	1e-99	2.24e-05	6.09e-10	1.08e+15
226.25	235.3	001:21:55.703 	1.8e-08	1e-99	2.24e-05	6.11e-10	1.28e+15
226.562	235.625	001:21:56.015 	1.8e-08	1e-99	2.24e-05	6.2e-10	2.18e+15
226.875	235.95	001:21:56.328 	1.7e-08	1e-99	2.24e-05	6.07e-10	8.8e+14
227.187	236.275	001:21:56.640 	1.8e-08	1e-99	2.24e-05	6.07e-10	8.8e+14
227.5	236.6	001:21:56.953 	1.8e-08	1e-99	2.24e-05	6.17e-10	1.88e+15
227.812	236.925	001:21:57.265 	1.8e-08	1e-99	2.24e-05	6.06e-10	7.8e+14
228.125	237.25	001:21:57.578 	1.7e-08	1e-99	2.24e-05	6.09e-10	1.08e+15
228.437	237.575	001:21:57.890 	1.7e-08	1e-99	2.24e-05	6.07e-10	8.8e+14
228.75	237.9	001:21:58.203 	1.7e-08	1e-99	2.24e-05	6.02e-10	3.8e+14
229.062	238.225	001:21:58.515 	1.7e-08	1e-99	2.24e-05	6.1e-10	1.18e+15
229.375	238.55	001:21:58.828 	1.7e-08	1e-99	2.24e-05	6.1e-10	1.18e+15
229.687	238.875	001:21:59.140 	1.7e-08	1e-99	2.24e-05	6.11e-10	1.28e+15
230.0	239.2	001:21:59.453 	1.8e-08	1e-99	2.24e-05	6.11e-10	1.28e+15
230.312	239.525	001:21:59.765 	1.8e-08	1e-99	2.23e-05	6.05e-10	6.8e+14
230.625	239.85	001:22:00.078 	1.7e-08	1e-99	2.23e-05	5.96e-10	-2.2e+14
230.937	240.175	001:22:00.390 	1.8e-08	1e-99	2.23e-05	6.03e-10	4.8e+14
231.25	240.5	001:22:00.703 	1.8e-08	1e-99	2.23e-05	6.07e-10	8.8e+14
231.562	240.825	001:22:01.015 	1.8e-08	1e-99	2.23e-05	6.02e-10	3.8e+14
231.875	241.15	001:22:01.328 	1.8e-08	1e-99	2.24e-05	6.05e-10	6.8e+14
232.187	241.475	001:22:01.640 	1.7e-08	1e-99	2.24e-05	6.04e-10	5.8e+14
232.5	241.8	001:22:01.953 	1.7e-08	1e-99	2.24e-05	6.04e-10	5.8e+14
232.812	242.125	001:22:02.265 	1.8e-08	1e-99	2.24e-05	6e-10	1.8e+14
233.125	242.45	001:22:02.578 	1.8e-08	1e-99	2.24e-05	6e-10	1.8e+14
233.437	242.775	001:22:02.890 	1.7e-08	1e-99	2.24e-05	5.94e-10	-4.2e+14
233.75	243.1	001:22:03.203 	1.7e-08	1e-99	2.24e-05	6.1e-10	1.18e+15
234.062	243.425	001:22:03.515 	1.8e-08	1e-99	2.24e-05	6.04e-10	5.8e+14
234.375	243.75	001:22:03.828 	1.8e-08	1e-99	2.24e-05	5.98e-10	-2e+13
234.687	244.075	001:22:04.140 	1.8e-08	1e-99	2.24e-05	5.94e-10	-4.2e+14
235.0	244.4	001:22:04.453 	1.8e-08	1e-99	2.24e-05	6.02e-10	3.8e+14
235.312	244.725	001:22:04.765 	1.8e-08	1e-99	2.24e-05	6.01e-10	2.8e+14
235.625	245.05	001:22:05.078 	1.8e-08	1e-99	2.24e-05	6.07e-10	8.8e+14
235.937	245.375	001:22:05.390 	1.8e-08	1e-99	2.24e-05	6.07e-10	8.8e+14
236.25	245.7	001:22:05.703 	1.8e-08	1e-99	2.24e-05	6.08e-10	9.8e+14
236.562	246.025	001:22:06.015 	1.8e-08	1e-99	2.24e-05	5.96e-10	-2.2e+14
236.875	246.35	001:22:06.328 	1.7e-08	1e-99	2.24e-05	5.94e-10	-4.2e+14
237.187	246.675	001:22:06.640 	1.8e-08	1e-99	2.24e-05	5.9e-10	-8.2e+14
237.5	247.0	001:22:06.953 	1.7e-08	1e-99	2.24e-05	5.93e-10	-5.2e+14
237.812	247.325	001:22:07.265 	1.8e-08	1e-99	2.23e-05	5.92e-10	-6.2e+14
238.125	247.65	001:22:07.578 	1.8e-08	1e-99	2.23e-05	5.97e-10	-1.2e+14
238.437	247.975	001:22:07.890 	1.7e-08	1e-99	2.23e-05	6.01e-10	2.8e+14
238.75	248.3	001:22:08.203 	1.7e-08	1e-99	2.23e-05	5.95e-10	-3.2e+14
239.062	248.625	001:22:08.515 	1.7e-08	1e-99	2.23e-05	5.97e-10	-1.2e+14
239.375	248.95	001:22:08.828 	1.8e-08	1e-99	2.23e-05	6.04e-10	5.8e+14
239.687	249.275	001:22:09.140 	1.8e-08	1e-99	2.23e-05	6e-10	1.8e+14
240.0	249.6	001:22:09.453 	1.7e-08	1e-99	2.23e-05	5.91e-10	-7.2e+14
240.312	249.925	001:22:09.765 	1.8e-08	1e-99	2.23e-05	6e-10	1.8e+14
240.625	250.25	001:22:10.078 	1.8e-08	1e-99	2.23e-05	5.95e-10	-3.2e+14
240.937	250.575	001:22:10.390 	1.7e-08	1e-99	2.24e-05	5.98e-10	-2e+13
241.25	250.9	001:22:10.703 	1.7e-08	1e-99	2.24e-05	5.92e-10	-6.2e+14
241.562	251.225	001:22:11.015 	1.7e-08	1e-99	2.24e-05	5.85e-10	-1.32e+15
241.875	251.55	001:22:11.328 	1.8e-08	1e-99	2.24e-05	5.89e-10	-9.2e+14
242.187	251.875	001:22:11.640 	1.8e-08	1e-99	2.24e-05	6.03e-10	4.8e+14
242.5	252.2	001:22:11.953 	1.8e-08	1e-99	2.24e-05	5.94e-10	-4.2e+14
242.812	252.525	001:22:12.265 	1.8e-08	1e-99	2.24e-05	5.96e-10	-2.2e+14
243.125	252.85	001:22:12.578 	1.8e-08	1e-99	2.24e-05	6e-10	1.8e+14
243.437	253.175	001:22:12.890 	1.8e-08	1e-99	2.24e-05	5.99e-10	8e+13
243.75	253.5	001:22:13.203 	1.7e-08	1e-99	2.24e-05	5.9e-10	-8.2e+14
244.062	253.825	001:22:13.515 	1.7e-08	1e-99	2.24e-05	5.96e-10	-2.2e+14
244.375	254.15	001:22:13.828 	1.8e-08	1e-99	2.24e-05	5.89e-10	-9.2e+14
244.687	254.475	001:22:14.140 	1.8e-08	1e-99	2.24e-05	5.86e-10	-1.22e+15
245.0	254.8	001:22:14.453 	1.8e-08	1e-99	2.24e-05	5.99e-10	8e+13
245.312	255.125	001:22:14.765 	1.8e-08	1e-99	2.24e-05	5.93e-10	-5.2e+14
245.625	255.45	001:22:15.078 	1.8e-08	1e-99	2.23e-05	5.91e-10	-7.2e+14
245.937	255.775	001:22:15.390 	1.8e-08	1e-99	2.23e-05	5.92e-10	-6.2e+14
246.25	256.1	001:22:15.703 	1.8e-08	1e-99	2.23e-05	5.85e-10	-1.32e+15
246.562	256.425	001:22:16.015 	1.7e-08	1e-99	2.23e-05	5.99e-10	8e+13
246.875	256.75	001:22:16.328 	1.8e-08	1e-99	2.23e-05	5.93e-10	-5.2e+14
247.187	257.075	001:22:16.640 	1.8e-08	1e-99	2.23e-05	5.86e-10	-1.22e+15
247.5	257.4	001:22:16.953 	1.7e-08	1e-99	2.23e-05	5.97e-10	-1.2e+14
247.812	257.725	001:22:17.265 	1.8e-08	1e-99	2.23e-05	5.91e-10	-7.2e+14
248.125	258.05	001:22:17.578 	1.8e-08	1e-99	2.23e-05	5.91e-10	-7.2e+14
248.437	258.375	001:22:17.890 	1.8e-08	1e-99	2.23e-05	5.94e-10	-4.2e+14
248.75	258.7	001:22:18.203 	1.7e-08	1e-99	2.23e-05	5.92e-10	-6.2e+14
249.062	259.025	001:22:18.515 	1.7e-08	1e-99	2.24e-05	5.85e-10	-1.32e+15
249.375	259.35	001:22:18.828 	1.8e-08	1e-99	2.24e-05	5.92e-10	-6.2e+14
249.687	259.675	001:22:19.140 	1.8e-08	1e-99	2.23e-05	5.84e-10	-1.42e+15
250.0	260.0	001:22:19.453 	1.8e-08	1e-99	2.24e-05	5.84e-10	-1.42e+15
250.312	260.325	001:22:19.765 	1.7e-08	1e-99	2.24e-05	5.87e-10	-1.12e+15
250.625	260.65	001:22:20.078 	1.8e-08	1e-99	2.24e-05	5.88e-10	-1.02e+15
250.937	260.975	001:22:20.390 	1.8e-08	1e-99	2.24e-05	5.82e-10	-1.62e+15
251.25	261.3	001:22:20.703 	1.7e-08	1e-99	2.24e-05	5.81e-10	-1.72e+15
251.562	261.625	001:22:21.015 	1.8e-08	1e-99	2.24e-05	5.87e-10	-1.12e+15
251.875	261.95	001:22:21.328 	1.8e-08	1e-99	2.24e-05	5.85e-10	-1.32e+15
252.187	262.275	001:22:21.640 	1.8e-08	1e-99	2.24e-05	5.77e-10	-2.12e+15
252.5	262.6	001:22:21.953 	1.7e-08	1e-99	2.24e-05	5.94e-10	-4.2e+14
252.812	262.925	001:22:22.265 	1.7e-08	1e-99	2.24e-05	5.89e-10	-9.2e+14
253.125	263.25	001:22:22.578 	1.8e-08	1e-99	2.24e-05	5.84e-10	-1.42e+15
253.437	263.575	001:22:22.890 	1.8e-08	1e-99	2.24e-05	5.82e-10	-1.62e+15
253.75	263.9	001:22:23.203 	1.7e-08	1e-99	2.23e-05	5.85e-10	-1.32e+15
254.062	264.225	001:22:23.515 	1.7e-08	1e-99	2.23e-05	5.85e-10	-1.32e+15
254.375	264.55	001:22:23.828 	1.8e-08	1e-99	2.23e-05	5.87e-10	-1.12e+15
254.687	264.875	001:22:24.140 	1.7e-08	1e-99	2.23e-05	5.83e-10	-1.52e+15
255.0	265.2	001:22:24.453 	1.8e-08	1e-99	2.23e-05	5.76e-10	-2.22e+15
255.312	265.525	001:22:24.765 	1.9e-08	1e-99	2.23e-05	5.78e-10	-2.02e+15
255.625	265.85	001:22:25.078 	1.8e-08	1e-99	2.23e-05	5.83e-10	-1.52e+15
255.937	266.175	001:22:25.390 	1.7e-08	1e-99	2.23e-05	5.84e-10	-1.42e+15
256.25	266.5	001:22:25.703 	1.7e-08	1e-99	2.23e-05	5.84e-10	-1.42e+15
256.562	266.825	001:22:26.015 	1.8e-08	1e-99	2.23e-05	5.8e-10	-1.82e+15
256.875	267.15	001:22:26.328 	1.8e-08	1e-99	2.24e-05	5.77e-10	-2.12e+15
257.187	267.475	001:22:26.640 	1.7e-08	1e-99	2.23e-05	5.75e-10	-2.32e+15
257.5	267.8	001:22:26.953 	1.7e-08	1e-99	2.23e-05	5.82e-10	-1.62e+15
257.812	268.125	001:22:27.265 	1.7e-08	1e-99	2.24e-05	5.69e-10	-2.92e+15
258.125	268.45	001:22:27.578 	1.8e-08	1e-99	2.24e-05	5.72e-10	-2.62e+15
258.437	268.775	001:22:27.890 	1.7e-08	1e-99	2.24e-05	5.83e-10	-1.52e+15
258.75	269.1	001:22:28.203 	1.7e-08	1e-99	2.24e-05	5.81e-10	-1.72e+15
259.062	269.425	001:22:28.515 	1.8e-08	1e-99	2.24e-05	5.77e-10	-2.12e+15
259.375	269.75	001:22:28.828 	1.8e-08	1e-99	2.24e-05	5.9e-10	-8.2e+14
259.687	270.075	001:22:29.140 	1.8e-08	1e-99	2.24e-05	5.85e-10	-1.32e+15
260.0	270.4	001:22:29.453 	1.8e-08	1e-99	2.24e-05	5.86e-10	-1.22e+15
260.312	270.725	001:22:29.765 	1.8e-08	1e-99	2.24e-05	5.78e-10	-2.02e+15
260.625	271.05	001:22:30.078 	1.8e-08	1e-99	2.24e-05	5.83e-10	-1.52e+15
260.937	271.375	001:22:30.390 	1.8e-08	1e-99	2.24e-05	5.81e-10	-1.72e+15
261.25	271.7	001:22:30.703 	1.7e-08	1e-99	2.24e-05	5.77e-10	-2.12e+15
261.562	272.025	001:22:31.015 	1.8e-08	1e-99	2.24e-05	5.76e-10	-2.22e+15
261.875	272.35	001:22:31.328 	1.8e-08	1e-99	2.23e-05	5.78e-10	-2.02e+15
262.187	272.675	001:22:31.640 	1.7e-08	1e-99	2.23e-05	5.85e-10	-1.32e+15
262.5	273.0	001:22:31.953 	1.7e-08	1e-99	2.23e-05	5.82e-10	-1.62e+15
262.812	273.325	001:22:32.265 	1.8e-08	1e-99	2.23e-05	5.74e-10	-2.42e+15
263.125	273.65	001:22:32.578 	1.8e-08	1e-99	2.23e-05	5.75e-10	-2.32e+15
263.437	273.975	001:22:32.890 	1.8e-08	1e-99	2.23e-05	5.77e-10	-2.12e+15
263.75	274.3	001:22:33.203 	1.8e-08	1e-99	2.23e-05	5.82e-10	-1.62e+15
264.062	274.625	001:22:33.515 	1.7e-08	1e-99	2.23e-05	5.88e-10	-1.02e+15
264.375	274.95	001:22:33.828 	1.7e-08	1e-99	2.23e-05	5.75e-10	-2.32e+15
264.687	275.275	001:22:34.140 	1.8e-08	1e-99	2.23e-05	5.79e-10	-1.92e+15
265.0	275.6	001:22:34.453 	1.7e-08	1e-99	2.23e-05	5.69e-10	-2.92e+15
265.312	275.925	001:22:34.765 	1.7e-08	1e-99	2.23e-05	5.81e-10	-1.72e+15
265.625	276.25	001:22:35.078 	1.7e-08	1e-99	2.23e-05	5.77e-10	-2.12e+15
265.937	276.575	001:22:35.390 	1.8e-08	1e-99	2.24e-05	5.78e-10	-2.02e+15
266.25	276.9	001:22:35.703 	1.8e-08	1e-99	2.24e-05	5.85e-10	-1.32e+15
266.562	277.225	001:22:36.015 	1.7e-08	1e-99	2.24e-05	5.82e-10	-1.62e+15
266.875	277.55	001:22:36.328 	1.8e-08	1e-99	2.24e-05	5.84e-10	-1.42e+15
267.187	277.875	001:22:36.640 	1.8e-08	1e-99	2.24e-05	5.77e-10	-2.12e+15
267.5	278.2	001:22:36.953 	1.8e-08	1e-99	2.24e-05	5.76e-10	-2.22e+15
267.812	278.525	001:22:37.265 	1.7e-08	1e-99	2.24e-05	5.83e-10	-1.52e+15
268.125	278.85	001:22:37.578 	1.7e-08	1e-99	2.24e-05	5.75e-10	-2.32e+15
268.437	279.175	001:22:37.890 	1.8e-08	1e-99	2.24e-05	5.73e-10	-2.52e+15
268.75	279.5	001:22:38.203 	1.8e-08	1e-99	2.24e-05	5.85e-10	-1.32e+15
269.062	279.825	001:22:38.515 	1.8e-08	1e-99	2.24e-05	5.68e-10	-3.02e+15
269.375	280.15	001:22:38.828 	1.7e-08	1e-99	2.24e-05	5.76e-10	-2.22e+15
269.687	280.475	001:22:39.140 	1.8e-08	1e-99	2.24e-05	5.78e-10	-2.02e+15
270.0	280.8	001:22:39.453 	1.8e-08	1e-99	2.23e-05	5.69e-10	-2.92e+15
270.312	281.125	001:22:39.765 	1.8e-08	1e-99	2.23e-05	5.74e-10	-2.42e+15
270.625	281.45	001:22:40.078 	1.7e-08	1e-99	2.23e-05	5.66e-10	-3.22e+15
