time [s]	34317 PDP 8 No	34317 PDP 8 Time	34317 PDP 8 Trigger	34317 PDP 8 FIG	34317 PDP 8 qmsTP	34317 PDP 8 m2	34317 PDP 8 h2
-19.687	-20.475	001:26:23.828 	1.7e-08	1e-99	2.23e-05	4.57e-10	-1.412e+16
-19.375	-20.15	001:26:24.140 	1.8e-08	1e-99	2.23e-05	4.64e-10	-1.342e+16
-19.062	-19.825	001:26:24.453 	1.9e-08	1e-99	2.23e-05	4.56e-10	-1.422e+16
-18.75	-19.5	001:26:24.765 	1.8e-08	1e-99	2.23e-05	4.68e-10	-1.302e+16
-18.437	-19.175	001:26:25.078 	1.7e-08	1e-99	2.23e-05	4.66e-10	-1.322e+16
-18.125	-18.85	001:26:25.390 	1.7e-08	1e-99	2.23e-05	4.6e-10	-1.382e+16
-17.812	-18.525	001:26:25.703 	1.8e-08	1e-99	2.23e-05	4.64e-10	-1.342e+16
-17.5	-18.2	001:26:26.015 	1.8e-08	1e-99	2.23e-05	4.59e-10	-1.392e+16
-17.187	-17.875	001:26:26.328 	1.8e-08	1e-99	2.23e-05	4.58e-10	-1.402e+16
-16.875	-17.55	001:26:26.640 	1.7e-08	1e-99	2.23e-05	4.71e-10	-1.272e+16
-16.562	-17.225	001:26:26.953 	1.7e-08	1e-99	2.23e-05	4.59e-10	-1.392e+16
-16.25	-16.9	001:26:27.265 	1.7e-08	1e-99	2.23e-05	4.63e-10	-1.352e+16
-15.937	-16.575	001:26:27.578 	1.7e-08	1e-99	2.23e-05	4.67e-10	-1.312e+16
-15.625	-16.25	001:26:27.890 	1.8e-08	1e-99	2.23e-05	4.58e-10	-1.402e+16
-15.312	-15.925	001:26:28.203 	1.8e-08	1e-99	2.23e-05	4.64e-10	-1.342e+16
-15.0	-15.6	001:26:28.515 	1.7e-08	1e-99	2.22e-05	4.6e-10	-1.382e+16
-14.687	-15.275	001:26:28.828 	1.8e-08	1e-99	2.22e-05	4.53e-10	-1.452e+16
-14.375	-14.95	001:26:29.140 	1.8e-08	1e-99	2.22e-05	4.61e-10	-1.372e+16
-14.062	-14.625	001:26:29.453 	1.7e-08	1e-99	2.22e-05	4.62e-10	-1.362e+16
-13.75	-14.3	001:26:29.765 	1.8e-08	1e-99	2.22e-05	4.61e-10	-1.372e+16
-13.437	-13.975	001:26:30.078 	1.8e-08	1e-99	2.22e-05	4.58e-10	-1.402e+16
-13.125	-13.65	001:26:30.390 	1.8e-08	1e-99	2.23e-05	4.56e-10	-1.422e+16
-12.812	-13.325	001:26:30.703 	1.8e-08	1e-99	2.22e-05	4.53e-10	-1.452e+16
-12.5	-13.0	001:26:31.015 	1.7e-08	1e-99	2.23e-05	4.53e-10	-1.452e+16
-12.187	-12.675	001:26:31.328 	1.7e-08	1e-99	2.23e-05	4.67e-10	-1.312e+16
-11.875	-12.35	001:26:31.640 	1.8e-08	1e-99	2.23e-05	4.58e-10	-1.402e+16
-11.562	-12.025	001:26:31.953 	1.8e-08	1e-99	2.23e-05	4.58e-10	-1.402e+16
-11.25	-11.7	001:26:32.265 	1.8e-08	1e-99	2.23e-05	4.64e-10	-1.342e+16
-10.937	-11.375	001:26:32.578 	1.7e-08	1e-99	2.23e-05	4.61e-10	-1.372e+16
-10.625	-11.05	001:26:32.890 	1.8e-08	1e-99	2.23e-05	4.59e-10	-1.392e+16
-10.312	-10.725	001:26:33.203 	1.8e-08	1e-99	2.23e-05	4.61e-10	-1.372e+16
-10.0	-10.4	001:26:33.515 	1.8e-08	1e-99	2.23e-05	4.69e-10	-1.292e+16
-9.687	-10.075	001:26:33.828 	1.8e-08	1e-99	2.23e-05	4.65e-10	-1.332e+16
-9.375	-9.75	001:26:34.140 	1.7e-08	1e-99	2.23e-05	4.67e-10	-1.312e+16
-9.062	-9.425	001:26:34.453 	1.8e-08	1e-99	2.23e-05	4.63e-10	-1.352e+16
-8.75	-9.1	001:26:34.765 	1.8e-08	1e-99	2.23e-05	4.53e-10	-1.452e+16
-8.437	-8.775	001:26:35.078 	1.7e-08	1e-99	2.23e-05	4.67e-10	-1.312e+16
-8.125	-8.45	001:26:35.390 	1.7e-08	1e-99	2.23e-05	4.67e-10	-1.312e+16
-7.812	-8.125	001:26:35.703 	1.8e-08	1e-99	2.23e-05	4.65e-10	-1.332e+16
-7.5	-7.8	001:26:36.015 	1.8e-08	1e-99	2.22e-05	4.58e-10	-1.402e+16
-7.187	-7.475	001:26:36.328 	1.7e-08	1e-99	2.22e-05	4.66e-10	-1.322e+16
-6.875	-7.15	001:26:36.640 	1.7e-08	1e-99	2.22e-05	4.63e-10	-1.352e+16
-6.562	-6.825	001:26:36.953 	1.8e-08	1e-99	2.22e-05	4.64e-10	-1.342e+16
-6.25	-6.5	001:26:37.265 	1.8e-08	1e-99	2.22e-05	4.56e-10	-1.422e+16
-5.937	-6.175	001:26:37.578 	1.8e-08	1e-99	2.22e-05	4.65e-10	-1.332e+16
-5.625	-5.85	001:26:37.890 	1.7e-08	1e-99	2.22e-05	4.56e-10	-1.422e+16
-5.312	-5.525	001:26:38.203 	1.7e-08	1e-99	2.22e-05	4.66e-10	-1.322e+16
-5.0	-5.2	001:26:38.515 	1.7e-08	1e-99	2.22e-05	4.54e-10	-1.442e+16
-4.687	-4.875	001:26:38.828 	1.8e-08	1e-99	2.22e-05	4.56e-10	-1.422e+16
-4.375	-4.55	001:26:39.140 	1.8e-08	1e-99	2.23e-05	4.7e-10	-1.282e+16
-4.062	-4.225	001:26:39.453 	1.7e-08	1e-99	2.23e-05	4.56e-10	-1.422e+16
-3.75	-3.9	001:26:39.765 	1.7e-08	1e-99	2.23e-05	4.67e-10	-1.312e+16
-3.437	-3.575	001:26:40.078 	1.8e-08	1e-99	2.23e-05	4.65e-10	-1.332e+16
-3.125	-3.25	001:26:40.390 	1.8e-08	1e-99	2.23e-05	4.64e-10	-1.342e+16
-2.812	-2.925	001:26:40.703 	1.8e-08	1e-99	2.23e-05	4.53e-10	-1.452e+16
-2.5	-2.6	001:26:41.015 	1.8e-08	1e-99	2.23e-05	4.54e-10	-1.442e+16
-2.187	-2.275	001:26:41.328 	1.8e-08	1e-99	2.23e-05	4.58e-10	-1.402e+16
-1.875	-1.95	001:26:41.640 	1.8e-08	1e-99	2.23e-05	4.64e-10	-1.342e+16
-1.562	-1.625	001:26:41.953 	1.7e-08	1e-99	2.23e-05	4.66e-10	-1.322e+16
-1.25	-1.3	001:26:42.265 	1.8e-08	1e-99	2.23e-05	4.67e-10	-1.312e+16
-0.937	-0.975	001:26:42.578 	1.8e-08	1e-99	2.23e-05	4.62e-10	-1.362e+16
-0.625	-0.65	001:26:42.890 	1.8e-08	1e-99	2.23e-05	4.57e-10	-1.412e+16
-0.312	-0.325	001:26:43.203 	6.7e-07	1e-99	2.23e-05	4.64e-10	-1.342e+16
0.0	0.0	001:26:43.515 	0.0001	1e-99	2.22e-05	4.58e-10	-1.402e+16
0.313	0.325	001:26:43.828 	0.00015	1e-99	2.22e-05	4.58e-10	-1.402e+16
0.625	0.65	001:26:44.140 	9.6e-05	1e-99	2.22e-05	4.61e-10	-1.372e+16
0.938	0.975	001:26:44.453 	8.8e-05	1e-99	2.22e-05	4.62e-10	-1.362e+16
1.25	1.3	001:26:44.765 	9.2e-05	1e-99	2.22e-05	4.7e-10	-1.282e+16
1.563	1.625	001:26:45.078 	0.0001	1e-99	2.23e-05	4.78e-10	-1.202e+16
1.875	1.95	001:26:45.390 	0.0001	1e-99	2.22e-05	4.59e-10	-1.392e+16
2.188	2.275	001:26:45.703 	9.3e-05	1e-99	2.23e-05	4.65e-10	-1.332e+16
2.5	2.6	001:26:46.015 	9.1e-05	1e-99	2.23e-05	4.55e-10	-1.432e+16
2.813	2.925	001:26:46.328 	9.2e-05	1e-99	2.22e-05	4.58e-10	-1.402e+16
3.125	3.25	001:26:46.640 	9.7e-05	1e-99	2.23e-05	4.62e-10	-1.362e+16
3.438	3.575	001:26:46.953 	9.8e-05	1e-99	2.23e-05	4.61e-10	-1.372e+16
3.75	3.9	001:26:47.265 	9e-05	1e-99	2.23e-05	4.65e-10	-1.332e+16
4.063	4.225	001:26:47.578 	8.7e-05	1e-99	2.23e-05	4.64e-10	-1.342e+16
4.375	4.55	001:26:47.890 	9.9e-05	1e-99	2.23e-05	4.69e-10	-1.292e+16
4.688	4.875	001:26:48.203 	9.8e-05	1e-99	2.23e-05	4.64e-10	-1.342e+16
5.0	5.2	001:26:48.515 	9.2e-05	1e-99	2.23e-05	4.59e-10	-1.392e+16
5.313	5.525	001:26:48.828 	8.8e-05	1e-99	2.23e-05	4.58e-10	-1.402e+16
5.625	5.85	001:26:49.140 	0.0001	1e-99	2.23e-05	4.63e-10	-1.352e+16
5.938	6.175	001:26:49.453 	0.00011	1e-99	2.23e-05	4.67e-10	-1.312e+16
6.25	6.5	001:26:49.765 	9.6e-05	1e-99	2.23e-05	4.58e-10	-1.402e+16
6.563	6.825	001:26:50.078 	9.1e-05	1e-99	2.23e-05	4.64e-10	-1.342e+16
6.875	7.15	001:26:50.390 	9e-05	1e-99	2.23e-05	4.67e-10	-1.312e+16
7.188	7.475	001:26:50.703 	9.2e-05	1e-99	2.23e-05	4.57e-10	-1.412e+16
7.5	7.8	001:26:51.015 	9.4e-05	1e-99	2.23e-05	4.67e-10	-1.312e+16
7.813	8.125	001:26:51.328 	8.9e-05	1e-99	2.23e-05	4.65e-10	-1.332e+16
8.125	8.45	001:26:51.640 	8.8e-05	1e-99	2.22e-05	4.59e-10	-1.392e+16
8.438	8.775	001:26:51.953 	0.0001	1e-99	2.23e-05	4.67e-10	-1.312e+16
8.75	9.1	001:26:52.265 	0.0001	1e-99	2.22e-05	4.72e-10	-1.262e+16
9.063	9.425	001:26:52.578 	8.8e-05	1e-99	2.23e-05	4.66e-10	-1.322e+16
9.375	9.75	001:26:52.890 	8.9e-05	1e-99	2.22e-05	4.69e-10	-1.292e+16
9.688	10.075	001:26:53.203 	0.0001	1e-99	2.23e-05	4.73e-10	-1.252e+16
10.0	10.4	001:26:53.515 	0.0001	1e-99	2.23e-05	4.62e-10	-1.362e+16
10.313	10.725	001:26:53.828 	9.4e-05	1e-99	2.23e-05	4.7e-10	-1.282e+16
10.625	11.05	001:26:54.140 	9.6e-05	1e-99	2.23e-05	4.65e-10	-1.332e+16
10.938	11.375	001:26:54.453 	8.9e-05	1e-99	2.23e-05	4.75e-10	-1.232e+16
11.25	11.7	001:26:54.765 	9.1e-05	1e-99	2.23e-05	4.65e-10	-1.332e+16
11.563	12.025	001:26:55.078 	0.0001	1e-99	2.23e-05	4.7e-10	-1.282e+16
11.875	12.35	001:26:55.390 	0.0001	1e-99	2.23e-05	4.69e-10	-1.292e+16
12.188	12.675	001:26:55.703 	9.2e-05	1e-99	2.23e-05	4.78e-10	-1.202e+16
12.5	13.0	001:26:56.015 	8.9e-05	1e-99	2.24e-05	4.73e-10	-1.252e+16
12.813	13.325	001:26:56.328 	0.0001	1e-99	2.23e-05	4.77e-10	-1.212e+16
13.125	13.65	001:26:56.640 	0.00022	1e-99	2.23e-05	4.84e-10	-1.142e+16
13.438	13.975	001:26:56.953 	9.8e-05	1e-99	2.23e-05	4.86e-10	-1.122e+16
13.75	14.3	001:26:57.265 	9.1e-05	1e-99	2.23e-05	4.74e-10	-1.242e+16
14.063	14.625	001:26:57.578 	8.9e-05	1e-99	2.23e-05	4.83e-10	-1.152e+16
14.375	14.95	001:26:57.890 	9.1e-05	1e-99	2.23e-05	4.82e-10	-1.162e+16
14.688	15.275	001:26:58.203 	9.5e-05	1e-99	2.23e-05	4.86e-10	-1.122e+16
15.0	15.6	001:26:58.515 	0.0001	1e-99	2.23e-05	4.82e-10	-1.162e+16
15.313	15.925	001:26:58.828 	0.0001	1e-99	2.23e-05	4.94e-10	-1.042e+16
15.625	16.25	001:26:59.140 	9.2e-05	1e-99	2.23e-05	4.85e-10	-1.132e+16
15.938	16.575	001:26:59.453 	9e-05	1e-99	2.23e-05	4.9e-10	-1.082e+16
16.25	16.9	001:26:59.765 	0.0001	1e-99	2.23e-05	5.04e-10	-9.42e+15
16.563	17.225	001:27:00.078 	0.0001	1e-99	2.23e-05	4.94e-10	-1.042e+16
16.875	17.55	001:27:00.390 	9.1e-05	1e-99	2.23e-05	4.95e-10	-1.032e+16
17.188	17.875	001:27:00.703 	9.2e-05	1e-99	2.23e-05	4.99e-10	-9.92e+15
17.5	18.2	001:27:01.015 	9.2e-05	1e-99	2.23e-05	4.94e-10	-1.042e+16
17.813	18.525	001:27:01.328 	9.6e-05	1e-99	2.23e-05	4.97e-10	-1.012e+16
18.125	18.85	001:27:01.640 	9.5e-05	1e-99	2.23e-05	5.11e-10	-8.72e+15
18.438	19.175	001:27:01.953 	8.9e-05	1e-99	2.23e-05	5.05e-10	-9.32e+15
18.75	19.5	001:27:02.265 	8.6e-05	1e-99	2.23e-05	5.07e-10	-9.12e+15
19.063	19.825	001:27:02.578 	9.7e-05	1e-99	2.23e-05	5.05e-10	-9.32e+15
19.391	20.15	001:27:02.906 	0.0001	1e-99	2.24e-05	5.16e-10	-8.22e+15
19.672	20.475	001:27:03.187 	9.6e-05	1e-99	2.24e-05	5.11e-10	-8.72e+15
20.016	20.8	001:27:03.531 	0.00012	1e-99	2.24e-05	5.22e-10	-7.62e+15
20.313	21.125	001:27:03.828 	0.00021	1e-99	2.24e-05	5.08e-10	-9.02e+15
20.625	21.45	001:27:04.140 	9.6e-05	1e-99	2.24e-05	5.2e-10	-7.82e+15
20.938	21.775	001:27:04.453 	9.1e-05	1e-99	2.23e-05	5.17e-10	-8.12e+15
21.25	22.1	001:27:04.765 	8.9e-05	1e-99	2.23e-05	5.09e-10	-8.92e+15
21.563	22.425	001:27:05.078 	9.1e-05	1e-99	2.23e-05	5.23e-10	-7.52e+15
21.875	22.75	001:27:05.390 	9.5e-05	1e-99	2.23e-05	5.2e-10	-7.82e+15
22.188	23.075	001:27:05.703 	9.4e-05	1e-99	2.23e-05	5.28e-10	-7.02e+15
22.5	23.4	001:27:06.015 	9.2e-05	1e-99	2.23e-05	5.33e-10	-6.52e+15
22.813	23.725	001:27:06.328 	8.9e-05	1e-99	2.23e-05	5.32e-10	-6.62e+15
23.125	24.05	001:27:06.640 	0.0001	1e-99	2.23e-05	5.28e-10	-7.02e+15
23.438	24.375	001:27:06.953 	0.00015	1e-99	2.23e-05	5.29e-10	-6.92e+15
23.75	24.7	001:27:07.265 	9.1e-05	1e-99	2.23e-05	5.39e-10	-5.92e+15
24.063	25.025	001:27:07.578 	9.5e-05	1e-99	2.23e-05	5.33e-10	-6.52e+15
24.375	25.35	001:27:07.890 	0.0001	1e-99	2.23e-05	5.35e-10	-6.32e+15
24.688	25.675	001:27:08.203 	9.7e-05	1e-99	2.23e-05	5.42e-10	-5.62e+15
25.0	26.0	001:27:08.515 	9.1e-05	1e-99	2.23e-05	5.34e-10	-6.42e+15
25.313	26.325	001:27:08.828 	9.1e-05	1e-99	2.23e-05	5.48e-10	-5.02e+15
25.625	26.65	001:27:09.140 	9.6e-05	1e-99	2.23e-05	5.38e-10	-6.02e+15
25.938	26.975	001:27:09.453 	9.6e-05	1e-99	2.24e-05	5.44e-10	-5.42e+15
26.25	27.3	001:27:09.765 	9e-05	1e-99	2.24e-05	5.52e-10	-4.62e+15
26.563	27.625	001:27:10.078 	8.6e-05	1e-99	2.24e-05	5.46e-10	-5.22e+15
26.875	27.95	001:27:10.390 	9e-05	1e-99	2.24e-05	5.43e-10	-5.52e+15
27.188	28.275	001:27:10.703 	0.0001	1e-99	2.24e-05	5.56e-10	-4.22e+15
27.5	28.6	001:27:11.015 	0.0001	1e-99	2.24e-05	5.6e-10	-3.82e+15
27.813	28.925	001:27:11.328 	9.5e-05	1e-99	2.24e-05	5.57e-10	-4.12e+15
28.125	29.25	001:27:11.640 	8.9e-05	1e-99	2.24e-05	5.64e-10	-3.42e+15
28.438	29.575	001:27:11.953 	8.6e-05	1e-99	2.24e-05	5.68e-10	-3.02e+15
28.75	29.9	001:27:12.265 	0.00013	1e-99	2.23e-05	5.68e-10	-3.02e+15
29.063	30.225	001:27:12.578 	0.00012	1e-99	2.23e-05	5.68e-10	-3.02e+15
29.375	30.55	001:27:12.890 	9.4e-05	1e-99	2.23e-05	5.65e-10	-3.32e+15
29.688	30.875	001:27:13.203 	9e-05	1e-99	2.23e-05	5.67e-10	-3.12e+15
30.0	31.2	001:27:13.515 	9.1e-05	1e-99	2.23e-05	5.77e-10	-2.12e+15
30.313	31.525	001:27:13.828 	8.9e-05	1e-99	2.23e-05	5.8e-10	-1.82e+15
30.625	31.85	001:27:14.140 	9.4e-05	1e-99	2.23e-05	5.83e-10	-1.52e+15
30.938	32.175	001:27:14.453 	9.4e-05	1e-99	2.23e-05	5.75e-10	-2.32e+15
31.25	32.5	001:27:14.765 	9.1e-05	1e-99	2.23e-05	5.9e-10	-8.2e+14
31.563	32.825	001:27:15.078 	9.5e-05	1e-99	2.24e-05	5.85e-10	-1.32e+15
31.875	33.15	001:27:15.390 	0.00012	1e-99	2.24e-05	5.87e-10	-1.12e+15
32.188	33.475	001:27:15.703 	0.0001	1e-99	2.24e-05	5.87e-10	-1.12e+15
32.5	33.8	001:27:16.015 	8.9e-05	1e-99	2.24e-05	5.86e-10	-1.22e+15
32.813	34.125	001:27:16.328 	8.8e-05	1e-99	2.24e-05	6.01e-10	2.8e+14
33.125	34.45	001:27:16.640 	0.0001	1e-99	2.24e-05	5.99e-10	8e+13
33.438	34.775	001:27:16.953 	0.0001	1e-99	2.24e-05	5.96e-10	-2.2e+14
33.75	35.1	001:27:17.265 	9.6e-05	1e-99	2.24e-05	6.03e-10	4.8e+14
34.063	35.425	001:27:17.578 	9.2e-05	1e-99	2.24e-05	6.01e-10	2.8e+14
34.375	35.75	001:27:17.890 	9.2e-05	1e-99	2.24e-05	6.1e-10	1.18e+15
34.688	36.075	001:27:18.203 	9.4e-05	1e-99	2.24e-05	6.08e-10	9.8e+14
35.0	36.4	001:27:18.515 	9.9e-05	1e-99	2.24e-05	6.12e-10	1.38e+15
35.313	36.725	001:27:18.828 	9.5e-05	1e-99	2.24e-05	6.22e-10	2.38e+15
35.625	37.05	001:27:19.140 	9e-05	1e-99	2.24e-05	6.08e-10	9.8e+14
35.938	37.375	001:27:19.453 	8.7e-05	1e-99	2.24e-05	6.27e-10	2.88e+15
36.25	37.7	001:27:19.765 	9.5e-05	1e-99	2.24e-05	6.2e-10	2.18e+15
36.563	38.025	001:27:20.078 	9.3e-05	1e-99	2.24e-05	6.27e-10	2.88e+15
36.875	38.35	001:27:20.390 	9.5e-05	1e-99	2.24e-05	6.19e-10	2.08e+15
37.188	38.675	001:27:20.703 	0.00017	1e-99	2.24e-05	6.33e-10	3.48e+15
37.5	39.0	001:27:21.015 	0.0001	1e-99	2.24e-05	6.35e-10	3.68e+15
37.813	39.325	001:27:21.328 	9.2e-05	1e-99	2.24e-05	6.2e-10	2.18e+15
38.125	39.65	001:27:21.640 	9.1e-05	1e-99	2.24e-05	6.31e-10	3.28e+15
38.438	39.975	001:27:21.953 	9.3e-05	1e-99	2.24e-05	6.43e-10	4.48e+15
38.75	40.3	001:27:22.265 	9.6e-05	1e-99	2.24e-05	6.34e-10	3.58e+15
39.063	40.625	001:27:22.578 	9.4e-05	1e-99	2.24e-05	6.44e-10	4.58e+15
39.375	40.95	001:27:22.890 	8.9e-05	1e-99	2.24e-05	6.39e-10	4.08e+15
39.688	41.275	001:27:23.203 	9.6e-05	1e-99	2.25e-05	6.51e-10	5.28e+15
40.0	41.6	001:27:23.515 	0.00014	1e-99	2.24e-05	6.45e-10	4.68e+15
40.313	41.925	001:27:23.828 	0.0001	1e-99	2.24e-05	6.59e-10	6.08e+15
40.625	42.25	001:27:24.140 	8.8e-05	1e-99	2.25e-05	6.5e-10	5.18e+15
40.938	42.575	001:27:24.453 	9.7e-05	1e-99	2.24e-05	6.55e-10	5.68e+15
41.25	42.9	001:27:24.765 	9.9e-05	1e-99	2.24e-05	6.69e-10	7.08e+15
41.563	43.225	001:27:25.078 	9.2e-05	1e-99	2.24e-05	6.56e-10	5.78e+15
41.875	43.55	001:27:25.390 	9.2e-05	1e-99	2.24e-05	6.62e-10	6.38e+15
42.188	43.875	001:27:25.703 	9.5e-05	1e-99	2.24e-05	6.67e-10	6.88e+15
42.5	44.2	001:27:26.015 	0.0001	1e-99	2.24e-05	6.62e-10	6.38e+15
42.813	44.525	001:27:26.328 	9.7e-05	1e-99	2.24e-05	6.69e-10	7.08e+15
43.125	44.85	001:27:26.640 	9.1e-05	1e-99	2.24e-05	6.69e-10	7.08e+15
43.438	45.175	001:27:26.953 	8.7e-05	1e-99	2.24e-05	6.77e-10	7.88e+15
43.75	45.5	001:27:27.265 	9.8e-05	1e-99	2.24e-05	6.83e-10	8.48e+15
44.063	45.825	001:27:27.578 	0.0001	1e-99	2.24e-05	6.72e-10	7.38e+15
44.375	46.15	001:27:27.890 	9.6e-05	1e-99	2.24e-05	6.85e-10	8.68e+15
44.688	46.475	001:27:28.203 	9.2e-05	1e-99	2.24e-05	6.73e-10	7.48e+15
45.0	46.8	001:27:28.515 	8.7e-05	1e-99	2.24e-05	6.85e-10	8.68e+15
45.313	47.125	001:27:28.828 	0.00015	1e-99	2.25e-05	6.85e-10	8.68e+15
45.625	47.45	001:27:29.140 	0.00019	1e-99	2.25e-05	7e-10	1.018e+16
45.938	47.775	001:27:29.453 	9.9e-05	1e-99	2.25e-05	6.9e-10	9.18e+15
46.25	48.1	001:27:29.765 	9.1e-05	1e-99	2.25e-05	6.93e-10	9.48e+15
46.563	48.425	001:27:30.078 	8.9e-05	1e-99	2.25e-05	6.97e-10	9.88e+15
46.875	48.75	001:27:30.390 	9e-05	1e-99	2.25e-05	7.06e-10	1.078e+16
47.188	49.075	001:27:30.703 	9.3e-05	1e-99	2.25e-05	7.1e-10	1.118e+16
47.5	49.4	001:27:31.015 	9.6e-05	1e-99	2.25e-05	7.11e-10	1.128e+16
47.813	49.725	001:27:31.328 	9.3e-05	1e-99	2.25e-05	7.03e-10	1.048e+16
48.125	50.05	001:27:31.640 	8.9e-05	1e-99	2.25e-05	7.18e-10	1.198e+16
48.438	50.375	001:27:31.953 	8.8e-05	1e-99	2.25e-05	7.05e-10	1.068e+16
48.75	50.7	001:27:32.265 	0.0001	1e-99	2.24e-05	7.08e-10	1.098e+16
49.063	51.025	001:27:32.578 	0.0001	1e-99	2.24e-05	7.11e-10	1.128e+16
49.375	51.35	001:27:32.890 	9.2e-05	1e-99	2.24e-05	7.29e-10	1.308e+16
49.688	51.675	001:27:33.203 	8.7e-05	1e-99	2.24e-05	7.31e-10	1.328e+16
50.0	52.0	001:27:33.515 	0.0001	1e-99	2.24e-05	7.25e-10	1.268e+16
50.313	52.325	001:27:33.828 	0.0001	1e-99	2.24e-05	7.26e-10	1.278e+16
50.625	52.65	001:27:34.140 	9.7e-05	1e-99	2.24e-05	7.28e-10	1.298e+16
50.938	52.975	001:27:34.453 	9.3e-05	1e-99	2.24e-05	7.35e-10	1.368e+16
51.25	53.3	001:27:34.765 	9.1e-05	1e-99	2.25e-05	7.41e-10	1.428e+16
51.563	53.625	001:27:35.078 	9.2e-05	1e-99	2.25e-05	7.26e-10	1.278e+16
51.875	53.95	001:27:35.390 	9.3e-05	1e-99	2.25e-05	7.25e-10	1.268e+16
52.188	54.275	001:27:35.703 	9.5e-05	1e-99	2.25e-05	7.38e-10	1.398e+16
52.5	54.6	001:27:36.015 	9.1e-05	1e-99	2.25e-05	7.38e-10	1.398e+16
52.813	54.925	001:27:36.328 	8.7e-05	1e-99	2.25e-05	7.49e-10	1.508e+16
53.125	55.25	001:27:36.640 	9.2e-05	1e-99	2.25e-05	7.53e-10	1.548e+16
53.438	55.575	001:27:36.953 	0.0001	1e-99	2.25e-05	7.51e-10	1.528e+16
53.75	55.9	001:27:37.265 	0.0001	1e-99	2.25e-05	7.54e-10	1.558e+16
54.063	56.225	001:27:37.578 	9.4e-05	1e-99	2.25e-05	7.55e-10	1.568e+16
54.375	56.55	001:27:37.890 	8.8e-05	1e-99	2.25e-05	7.63e-10	1.648e+16
54.688	56.875	001:27:38.203 	8.8e-05	1e-99	2.25e-05	7.6e-10	1.618e+16
55.0	57.2	001:27:38.515 	0.00012	1e-99	2.25e-05	7.69e-10	1.708e+16
55.313	57.525	001:27:38.828 	0.00022	1e-99	2.25e-05	7.61e-10	1.628e+16
55.625	57.85	001:27:39.140 	9.7e-05	1e-99	2.25e-05	7.71e-10	1.728e+16
55.938	58.175	001:27:39.453 	8.9e-05	1e-99	2.25e-05	7.73e-10	1.748e+16
56.25	58.5	001:27:39.765 	9e-05	1e-99	2.25e-05	7.71e-10	1.728e+16
56.563	58.825	001:27:40.078 	9e-05	1e-99	2.25e-05	7.68e-10	1.698e+16
56.875	59.15	001:27:40.390 	9.5e-05	1e-99	2.25e-05	7.79e-10	1.808e+16
57.188	59.475	001:27:40.703 	9.7e-05	1e-99	2.25e-05	7.62e-10	1.638e+16
57.5	59.8	001:27:41.015 	9.4e-05	1e-99	2.25e-05	7.76e-10	1.778e+16
57.813	60.125	001:27:41.328 	9e-05	1e-99	2.25e-05	7.73e-10	1.748e+16
58.125	60.45	001:27:41.640 	8.8e-05	1e-99	2.25e-05	7.85e-10	1.868e+16
58.438	60.775	001:27:41.953 	9.8e-05	1e-99	2.25e-05	7.87e-10	1.888e+16
58.75	61.1	001:27:42.265 	0.00012	1e-99	2.25e-05	7.94e-10	1.958e+16
59.063	61.425	001:27:42.578 	0.0001	1e-99	2.25e-05	7.9e-10	1.918e+16
59.375	61.75	001:27:42.890 	9.4e-05	1e-99	2.25e-05	7.87e-10	1.888e+16
59.688	62.075	001:27:43.203 	8.8e-05	1e-99	2.25e-05	7.99e-10	2.008e+16
60.0	62.4	001:27:43.515 	8.7e-05	1e-99	2.25e-05	7.95e-10	1.968e+16
60.313	62.725	001:27:43.828 	9.5e-05	1e-99	2.25e-05	7.96e-10	1.978e+16
60.625	63.05	001:27:44.140 	0.0001	1e-99	2.25e-05	8e-10	2.018e+16
60.938	63.375	001:27:44.453 	0.0001	1e-99	2.25e-05	8.06e-10	2.078e+16
61.25	63.7	001:27:44.765 	9.3e-05	1e-99	2.25e-05	8.26e-10	2.278e+16
61.563	64.025	001:27:45.078 	9.2e-05	1e-99	2.25e-05	8.18e-10	2.198e+16
61.875	64.35	001:27:45.390 	9.8e-05	1e-99	2.25e-05	8.1e-10	2.118e+16
62.188	64.675	001:27:45.703 	9.7e-05	1e-99	2.25e-05	8.02e-10	2.038e+16
62.5	65.0	001:27:46.015 	9.2e-05	1e-99	2.25e-05	8.22e-10	2.238e+16
62.813	65.325	001:27:46.328 	8.7e-05	1e-99	2.25e-05	8.04e-10	2.058e+16
63.125	65.65	001:27:46.640 	8.7e-05	1e-99	2.25e-05	8.14e-10	2.158e+16
63.438	65.975	001:27:46.953 	9.6e-05	1e-99	2.25e-05	8.15e-10	2.168e+16
63.75	66.3	001:27:47.265 	9.9e-05	1e-99	2.25e-05	8.23e-10	2.248e+16
64.063	66.625	001:27:47.578 	9.4e-05	1e-99	2.26e-05	8.22e-10	2.238e+16
64.375	66.95	001:27:47.890 	8.8e-05	1e-99	2.26e-05	8.22e-10	2.238e+16
64.688	67.275	001:27:48.203 	8.8e-05	1e-99	2.26e-05	8.2e-10	2.218e+16
65.0	67.6	001:27:48.515 	0.0001	1e-99	2.26e-05	8.25e-10	2.268e+16
65.313	67.925	001:27:48.828 	0.0002	1e-99	2.26e-05	8.29e-10	2.308e+16
65.625	68.25	001:27:49.140 	9.9e-05	1e-99	2.25e-05	8.37e-10	2.388e+16
65.938	68.575	001:27:49.453 	9.4e-05	1e-99	2.26e-05	8.36e-10	2.378e+16
66.25	68.9	001:27:49.765 	9.1e-05	1e-99	2.25e-05	8.44e-10	2.458e+16
66.563	69.225	001:27:50.078 	9e-05	1e-99	2.25e-05	8.35e-10	2.368e+16
66.875	69.55	001:27:50.390 	9e-05	1e-99	2.25e-05	8.5e-10	2.518e+16
67.188	69.875	001:27:50.703 	9.3e-05	1e-99	2.25e-05	8.47e-10	2.488e+16
67.5	70.2	001:27:51.015 	9.5e-05	1e-99	2.25e-05	8.39e-10	2.408e+16
67.813	70.525	001:27:51.328 	9.2e-05	1e-99	2.25e-05	8.43e-10	2.448e+16
68.125	70.85	001:27:51.640 	8.8e-05	1e-99	2.25e-05	8.45e-10	2.468e+16
68.438	71.175	001:27:51.953 	8.7e-05	1e-99	2.25e-05	8.47e-10	2.488e+16
68.75	71.5	001:27:52.265 	0.0001	1e-99	2.25e-05	8.47e-10	2.488e+16
69.063	71.825	001:27:52.578 	0.00015	1e-99	2.25e-05	8.41e-10	2.428e+16
69.375	72.15	001:27:52.890 	9.7e-05	1e-99	2.25e-05	8.61e-10	2.628e+16
69.688	72.475	001:27:53.203 	8.6e-05	1e-99	2.26e-05	8.62e-10	2.638e+16
70.0	72.8	001:27:53.515 	0.0001	1e-99	2.26e-05	8.65e-10	2.668e+16
70.313	73.125	001:27:53.828 	0.0001	1e-99	2.26e-05	8.65e-10	2.668e+16
70.625	73.45	001:27:54.140 	9.2e-05	1e-99	2.26e-05	8.54e-10	2.558e+16
70.938	73.775	001:27:54.453 	6.6e-07	1e-99	2.26e-05	8.67e-10	2.688e+16
71.25	74.1	001:27:54.765 	1.7e-08	1e-99	2.26e-05	8.61e-10	2.628e+16
71.563	74.425	001:27:55.078 	1.7e-08	1e-99	2.26e-05	8.72e-10	2.738e+16
71.875	74.75	001:27:55.390 	1.8e-08	1e-99	2.26e-05	8.72e-10	2.738e+16
72.188	75.075	001:27:55.703 	1.8e-08	1e-99	2.26e-05	8.69e-10	2.708e+16
72.5	75.4	001:27:56.015 	1.8e-08	1e-99	2.26e-05	8.64e-10	2.658e+16
72.813	75.725	001:27:56.328 	1.7e-08	1e-99	2.25e-05	8.61e-10	2.628e+16
73.125	76.05	001:27:56.640 	1.8e-08	1e-99	2.25e-05	8.78e-10	2.798e+16
73.438	76.375	001:27:56.953 	1.8e-08	1e-99	2.25e-05	8.77e-10	2.788e+16
73.75	76.7	001:27:57.265 	1.8e-08	1e-99	2.25e-05	8.78e-10	2.798e+16
74.063	77.025	001:27:57.578 	1.7e-08	1e-99	2.25e-05	8.71e-10	2.728e+16
74.375	77.35	001:27:57.890 	1.8e-08	1e-99	2.25e-05	8.82e-10	2.838e+16
74.688	77.675	001:27:58.203 	1.8e-08	1e-99	2.25e-05	8.81e-10	2.828e+16
75.0	78.0	001:27:58.515 	1.7e-08	1e-99	2.25e-05	8.85e-10	2.868e+16
75.313	78.325	001:27:58.828 	1.8e-08	1e-99	2.26e-05	8.68e-10	2.698e+16
75.625	78.65	001:27:59.140 	1.8e-08	1e-99	2.26e-05	8.89e-10	2.908e+16
75.938	78.975	001:27:59.453 	1.8e-08	1e-99	2.26e-05	8.81e-10	2.828e+16
76.25	79.3	001:27:59.765 	1.8e-08	1e-99	2.26e-05	8.7e-10	2.718e+16
76.563	79.625	001:28:00.078 	1.8e-08	1e-99	2.26e-05	8.91e-10	2.928e+16
76.875	79.95	001:28:00.390 	1.7e-08	1e-99	2.26e-05	8.8e-10	2.818e+16
77.188	80.275	001:28:00.703 	1.7e-08	1e-99	2.26e-05	8.85e-10	2.868e+16
77.5	80.6	001:28:01.015 	1.8e-08	1e-99	2.26e-05	8.79e-10	2.808e+16
77.813	80.925	001:28:01.328 	1.8e-08	1e-99	2.26e-05	8.8e-10	2.818e+16
78.125	81.25	001:28:01.640 	1.8e-08	1e-99	2.26e-05	9.08e-10	3.098e+16
78.438	81.575	001:28:01.953 	1.7e-08	1e-99	2.26e-05	8.86e-10	2.878e+16
78.75	81.9	001:28:02.265 	1.7e-08	1e-99	2.26e-05	8.79e-10	2.808e+16
79.063	82.225	001:28:02.578 	1.7e-08	1e-99	2.25e-05	8.91e-10	2.928e+16
79.375	82.55	001:28:02.890 	1.8e-08	1e-99	2.25e-05	8.82e-10	2.838e+16
79.688	82.875	001:28:03.203 	1.8e-08	1e-99	2.25e-05	8.86e-10	2.878e+16
80.0	83.2	001:28:03.515 	1.7e-08	1e-99	2.25e-05	8.83e-10	2.848e+16
80.313	83.525	001:28:03.828 	1.7e-08	1e-99	2.25e-05	8.85e-10	2.868e+16
80.625	83.85	001:28:04.140 	1.7e-08	1e-99	2.25e-05	8.9e-10	2.918e+16
80.938	84.175	001:28:04.453 	1.8e-08	1e-99	2.25e-05	8.99e-10	3.008e+16
81.25	84.5	001:28:04.765 	1.8e-08	1e-99	2.26e-05	8.86e-10	2.878e+16
81.563	84.825	001:28:05.078 	1.7e-08	1e-99	2.26e-05	8.92e-10	2.938e+16
81.875	85.15	001:28:05.390 	1.7e-08	1e-99	2.26e-05	8.95e-10	2.968e+16
82.188	85.475	001:28:05.703 	1.8e-08	1e-99	2.26e-05	8.85e-10	2.868e+16
82.5	85.8	001:28:06.015 	1.8e-08	1e-99	2.26e-05	8.78e-10	2.798e+16
82.813	86.125	001:28:06.328 	1.7e-08	1e-99	2.26e-05	8.88e-10	2.898e+16
83.125	86.45	001:28:06.640 	1.7e-08	1e-99	2.26e-05	8.83e-10	2.848e+16
83.438	86.775	001:28:06.953 	1.7e-08	1e-99	2.26e-05	8.99e-10	3.008e+16
83.75	87.1	001:28:07.265 	1.7e-08	1e-99	2.26e-05	8.82e-10	2.838e+16
84.063	87.425	001:28:07.578 	1.8e-08	1e-99	2.26e-05	8.92e-10	2.938e+16
84.375	87.75	001:28:07.890 	1.8e-08	1e-99	2.26e-05	8.9e-10	2.918e+16
84.688	88.075	001:28:08.203 	1.8e-08	1e-99	2.25e-05	8.96e-10	2.978e+16
85.0	88.4	001:28:08.515 	1.8e-08	1e-99	2.25e-05	9.07e-10	3.088e+16
85.313	88.725	001:28:08.828 	1.8e-08	1e-99	2.25e-05	8.89e-10	2.908e+16
85.625	89.05	001:28:09.140 	1.7e-08	1e-99	2.25e-05	8.88e-10	2.898e+16
85.938	89.375	001:28:09.453 	1.7e-08	1e-99	2.25e-05	8.88e-10	2.898e+16
86.25	89.7	001:28:09.765 	1.7e-08	1e-99	2.25e-05	8.85e-10	2.868e+16
86.563	90.025	001:28:10.078 	1.7e-08	1e-99	2.25e-05	9.03e-10	3.048e+16
86.875	90.35	001:28:10.390 	1.7e-08	1e-99	2.25e-05	8.91e-10	2.928e+16
87.188	90.675	001:28:10.703 	1.8e-08	1e-99	2.26e-05	8.95e-10	2.968e+16
87.5	91.0	001:28:11.015 	1.8e-08	1e-99	2.26e-05	8.88e-10	2.898e+16
87.813	91.325	001:28:11.328 	1.8e-08	1e-99	2.26e-05	9e-10	3.018e+16
88.125	91.65	001:28:11.640 	1.7e-08	1e-99	2.26e-05	8.88e-10	2.898e+16
88.438	91.975	001:28:11.953 	1.8e-08	1e-99	2.26e-05	8.94e-10	2.958e+16
88.75	92.3	001:28:12.265 	1.8e-08	1e-99	2.26e-05	8.93e-10	2.948e+16
89.063	92.625	001:28:12.578 	1.8e-08	1e-99	2.26e-05	8.88e-10	2.898e+16
89.375	92.95	001:28:12.890 	1.8e-08	1e-99	2.26e-05	8.8e-10	2.818e+16
89.688	93.275	001:28:13.203 	1.8e-08	1e-99	2.26e-05	8.91e-10	2.928e+16
90.0	93.6	001:28:13.515 	1.8e-08	1e-99	2.26e-05	8.88e-10	2.898e+16
90.313	93.925	001:28:13.828 	1.8e-08	1e-99	2.26e-05	9.01e-10	3.028e+16
90.625	94.25	001:28:14.140 	1.8e-08	1e-99	2.26e-05	8.89e-10	2.908e+16
90.938	94.575	001:28:14.453 	1.7e-08	1e-99	2.26e-05	8.91e-10	2.928e+16
91.25	94.9	001:28:14.765 	1.8e-08	1e-99	2.25e-05	8.8e-10	2.818e+16
91.563	95.225	001:28:15.078 	1.8e-08	1e-99	2.25e-05	8.74e-10	2.758e+16
91.875	95.55	001:28:15.390 	1.8e-08	1e-99	2.25e-05	8.77e-10	2.788e+16
92.188	95.875	001:28:15.703 	1.8e-08	1e-99	2.25e-05	8.78e-10	2.798e+16
92.5	96.2	001:28:16.015 	1.7e-08	1e-99	2.25e-05	8.86e-10	2.878e+16
92.813	96.525	001:28:16.328 	1.7e-08	1e-99	2.25e-05	8.86e-10	2.878e+16
93.125	96.85	001:28:16.640 	1.8e-08	1e-99	2.25e-05	8.93e-10	2.948e+16
93.438	97.175	001:28:16.953 	1.8e-08	1e-99	2.25e-05	8.88e-10	2.898e+16
93.75	97.5	001:28:17.265 	1.8e-08	1e-99	2.25e-05	8.76e-10	2.778e+16
94.063	97.825	001:28:17.578 	1.7e-08	1e-99	2.26e-05	8.88e-10	2.898e+16
94.375	98.15	001:28:17.890 	1.7e-08	1e-99	2.26e-05	8.78e-10	2.798e+16
94.688	98.475	001:28:18.203 	1.8e-08	1e-99	2.26e-05	8.81e-10	2.828e+16
95.0	98.8	001:28:18.515 	1.8e-08	1e-99	2.26e-05	8.92e-10	2.938e+16
95.313	99.125	001:28:18.828 	1.8e-08	1e-99	2.26e-05	8.87e-10	2.888e+16
95.625	99.45	001:28:19.140 	1.8e-08	1e-99	2.26e-05	8.91e-10	2.928e+16
95.938	99.775	001:28:19.453 	1.7e-08	1e-99	2.26e-05	8.83e-10	2.848e+16
96.25	100.1	001:28:19.765 	1.7e-08	1e-99	2.26e-05	8.74e-10	2.758e+16
96.563	100.425	001:28:20.078 	1.7e-08	1e-99	2.26e-05	8.8e-10	2.818e+16
96.875	100.75	001:28:20.390 	1.8e-08	1e-99	2.26e-05	8.79e-10	2.808e+16
97.188	101.075	001:28:20.703 	1.8e-08	1e-99	2.26e-05	8.75e-10	2.768e+16
97.5	101.4	001:28:21.015 	1.7e-08	1e-99	2.26e-05	8.79e-10	2.808e+16
97.813	101.725	001:28:21.328 	1.8e-08	1e-99	2.25e-05	8.75e-10	2.768e+16
98.125	102.05	001:28:21.640 	1.8e-08	1e-99	2.25e-05	8.75e-10	2.768e+16
98.438	102.375	001:28:21.953 	1.8e-08	1e-99	2.25e-05	8.77e-10	2.788e+16
98.75	102.7	001:28:22.265 	1.8e-08	1e-99	2.25e-05	8.69e-10	2.708e+16
99.063	103.025	001:28:22.578 	1.8e-08	1e-99	2.25e-05	8.73e-10	2.748e+16
99.375	103.35	001:28:22.890 	1.7e-08	1e-99	2.25e-05	8.8e-10	2.818e+16
99.688	103.675	001:28:23.203 	1.7e-08	1e-99	2.25e-05	8.69e-10	2.708e+16
100.0	104.0	001:28:23.515 	1.7e-08	1e-99	2.25e-05	8.78e-10	2.798e+16
100.313	104.325	001:28:23.828 	1.7e-08	1e-99	2.25e-05	8.76e-10	2.778e+16
100.625	104.65	001:28:24.140 	1.8e-08	1e-99	2.25e-05	8.69e-10	2.708e+16
100.938	104.975	001:28:24.453 	1.8e-08	1e-99	2.25e-05	8.77e-10	2.788e+16
101.25	105.3	001:28:24.765 	1.8e-08	1e-99	2.26e-05	8.68e-10	2.698e+16
101.563	105.625	001:28:25.078 	1.7e-08	1e-99	2.26e-05	8.67e-10	2.688e+16
101.875	105.95	001:28:25.390 	1.7e-08	1e-99	2.26e-05	8.72e-10	2.738e+16
102.188	106.275	001:28:25.703 	1.7e-08	1e-99	2.26e-05	8.64e-10	2.658e+16
102.5	106.6	001:28:26.015 	1.8e-08	1e-99	2.26e-05	8.78e-10	2.798e+16
102.813	106.925	001:28:26.328 	1.8e-08	1e-99	2.26e-05	8.61e-10	2.628e+16
103.125	107.25	001:28:26.640 	1.7e-08	1e-99	2.26e-05	8.66e-10	2.678e+16
103.438	107.575	001:28:26.953 	1.8e-08	1e-99	2.26e-05	8.56e-10	2.578e+16
103.75	107.9	001:28:27.265 	1.8e-08	1e-99	2.26e-05	8.61e-10	2.628e+16
104.063	108.225	001:28:27.578 	1.8e-08	1e-99	2.25e-05	8.67e-10	2.688e+16
104.375	108.55	001:28:27.890 	1.8e-08	1e-99	2.25e-05	8.8e-10	2.818e+16
104.688	108.875	001:28:28.203 	1.7e-08	1e-99	2.25e-05	8.64e-10	2.658e+16
105.0	109.2	001:28:28.515 	1.7e-08	1e-99	2.25e-05	8.48e-10	2.498e+16
105.313	109.525	001:28:28.828 	1.8e-08	1e-99	2.25e-05	8.47e-10	2.488e+16
105.625	109.85	001:28:29.140 	1.8e-08	1e-99	2.25e-05	8.6e-10	2.618e+16
105.938	110.175	001:28:29.453 	1.8e-08	1e-99	2.25e-05	8.63e-10	2.648e+16
106.25	110.5	001:28:29.765 	1.8e-08	1e-99	2.25e-05	8.62e-10	2.638e+16
106.563	110.825	001:28:30.078 	1.8e-08	1e-99	2.25e-05	8.56e-10	2.578e+16
106.875	111.15	001:28:30.390 	1.8e-08	1e-99	2.25e-05	8.46e-10	2.478e+16
107.188	111.475	001:28:30.703 	1.8e-08	1e-99	2.25e-05	8.67e-10	2.688e+16
107.5	111.8	001:28:31.015 	1.8e-08	1e-99	2.25e-05	8.5e-10	2.518e+16
107.813	112.125	001:28:31.328 	1.7e-08	1e-99	2.26e-05	8.46e-10	2.478e+16
108.125	112.45	001:28:31.640 	1.7e-08	1e-99	2.26e-05	8.59e-10	2.608e+16
108.438	112.775	001:28:31.953 	1.8e-08	1e-99	2.26e-05	8.62e-10	2.638e+16
108.75	113.1	001:28:32.265 	1.8e-08	1e-99	2.26e-05	8.56e-10	2.578e+16
109.063	113.425	001:28:32.578 	1.7e-08	1e-99	2.26e-05	8.62e-10	2.638e+16
109.375	113.75	001:28:32.890 	1.7e-08	1e-99	2.26e-05	8.59e-10	2.608e+16
109.688	114.075	001:28:33.203 	1.8e-08	1e-99	2.26e-05	8.58e-10	2.598e+16
110.0	114.4	001:28:33.515 	1.8e-08	1e-99	2.26e-05	8.51e-10	2.528e+16
110.313	114.725	001:28:33.828 	1.7e-08	1e-99	2.26e-05	8.46e-10	2.478e+16
110.625	115.05	001:28:34.140 	1.8e-08	1e-99	2.25e-05	8.47e-10	2.488e+16
110.938	115.375	001:28:34.453 	1.8e-08	1e-99	2.25e-05	8.46e-10	2.478e+16
111.25	115.7	001:28:34.765 	1.8e-08	1e-99	2.25e-05	8.46e-10	2.478e+16
111.563	116.025	001:28:35.078 	1.8e-08	1e-99	2.25e-05	8.52e-10	2.538e+16
111.875	116.35	001:28:35.390 	1.7e-08	1e-99	2.25e-05	8.53e-10	2.548e+16
112.188	116.675	001:28:35.703 	1.8e-08	1e-99	2.25e-05	8.48e-10	2.498e+16
112.5	117.0	001:28:36.015 	1.7e-08	1e-99	2.25e-05	8.45e-10	2.468e+16
112.813	117.325	001:28:36.328 	1.8e-08	1e-99	2.25e-05	8.57e-10	2.588e+16
113.125	117.65	001:28:36.640 	1.8e-08	1e-99	2.25e-05	8.4e-10	2.418e+16
113.438	117.975	001:28:36.953 	1.7e-08	1e-99	2.25e-05	8.44e-10	2.458e+16
113.75	118.3	001:28:37.265 	1.7e-08	1e-99	2.25e-05	8.27e-10	2.288e+16
114.063	118.625	001:28:37.578 	1.8e-08	1e-99	2.25e-05	8.51e-10	2.528e+16
114.375	118.95	001:28:37.890 	1.8e-08	1e-99	2.25e-05	8.53e-10	2.548e+16
114.688	119.275	001:28:38.203 	1.8e-08	1e-99	2.25e-05	8.37e-10	2.388e+16
115.0	119.6	001:28:38.515 	1.7e-08	1e-99	2.26e-05	8.54e-10	2.558e+16
115.313	119.925	001:28:38.828 	1.7e-08	1e-99	2.26e-05	8.57e-10	2.588e+16
115.625	120.25	001:28:39.140 	1.8e-08	1e-99	2.26e-05	8.52e-10	2.538e+16
115.938	120.575	001:28:39.453 	1.8e-08	1e-99	2.26e-05	8.34e-10	2.358e+16
116.25	120.9	001:28:39.765 	1.8e-08	1e-99	2.26e-05	8.43e-10	2.448e+16
116.563	121.225	001:28:40.078 	1.7e-08	1e-99	2.26e-05	8.44e-10	2.458e+16
116.875	121.55	001:28:40.390 	1.7e-08	1e-99	2.25e-05	8.46e-10	2.478e+16
117.188	121.875	001:28:40.703 	1.8e-08	1e-99	2.25e-05	8.39e-10	2.408e+16
117.5	122.2	001:28:41.015 	1.7e-08	1e-99	2.25e-05	8.45e-10	2.468e+16
117.813	122.525	001:28:41.328 	1.7e-08	1e-99	2.25e-05	8.35e-10	2.368e+16
118.125	122.85	001:28:41.640 	1.7e-08	1e-99	2.25e-05	8.36e-10	2.378e+16
118.438	123.175	001:28:41.953 	1.7e-08	1e-99	2.25e-05	8.39e-10	2.408e+16
118.75	123.5	001:28:42.265 	1.8e-08	1e-99	2.25e-05	8.32e-10	2.338e+16
119.063	123.825	001:28:42.578 	1.8e-08	1e-99	2.25e-05	8.42e-10	2.438e+16
119.375	124.15	001:28:42.890 	1.8e-08	1e-99	2.25e-05	8.26e-10	2.278e+16
119.688	124.475	001:28:43.203 	1.7e-08	1e-99	2.25e-05	8.28e-10	2.298e+16
120.0	124.8	001:28:43.515 	1.7e-08	1e-99	2.25e-05	8.38e-10	2.398e+16
120.313	125.125	001:28:43.828 	1.8e-08	1e-99	2.25e-05	8.34e-10	2.358e+16
120.625	125.45	001:28:44.140 	1.8e-08	1e-99	2.25e-05	8.31e-10	2.328e+16
120.938	125.775	001:28:44.453 	1.8e-08	1e-99	2.25e-05	8.23e-10	2.248e+16
121.25	126.1	001:28:44.765 	1.8e-08	1e-99	2.25e-05	8.3e-10	2.318e+16
121.563	126.425	001:28:45.078 	1.8e-08	1e-99	2.25e-05	8.33e-10	2.348e+16
121.875	126.75	001:28:45.390 	1.7e-08	1e-99	2.25e-05	8.24e-10	2.258e+16
122.188	127.075	001:28:45.703 	1.7e-08	1e-99	2.25e-05	8.33e-10	2.348e+16
122.5	127.4	001:28:46.015 	1.8e-08	1e-99	2.26e-05	8.15e-10	2.168e+16
122.813	127.725	001:28:46.328 	1.8e-08	1e-99	2.26e-05	8.25e-10	2.268e+16
123.125	128.05	001:28:46.640 	1.7e-08	1e-99	2.26e-05	8.19e-10	2.208e+16
123.438	128.375	001:28:46.953 	1.7e-08	1e-99	2.25e-05	8.14e-10	2.158e+16
123.75	128.7	001:28:47.265 	1.8e-08	1e-99	2.25e-05	8.17e-10	2.188e+16
124.063	129.025	001:28:47.578 	1.8e-08	1e-99	2.25e-05	8.19e-10	2.208e+16
124.375	129.35	001:28:47.890 	1.7e-08	1e-99	2.25e-05	8.15e-10	2.168e+16
124.688	129.675	001:28:48.203 	1.7e-08	1e-99	2.25e-05	8.22e-10	2.238e+16
125.0	130.0	001:28:48.515 	1.8e-08	1e-99	2.25e-05	8.24e-10	2.258e+16
125.313	130.325	001:28:48.828 	1.8e-08	1e-99	2.25e-05	8.27e-10	2.288e+16
125.625	130.65	001:28:49.140 	1.7e-08	1e-99	2.25e-05	8.18e-10	2.198e+16
125.938	130.975	001:28:49.453 	1.7e-08	1e-99	2.25e-05	8.26e-10	2.278e+16
126.25	131.3	001:28:49.765 	1.8e-08	1e-99	2.25e-05	8.11e-10	2.128e+16
126.563	131.625	001:28:50.078 	1.8e-08	1e-99	2.25e-05	8.23e-10	2.248e+16
126.875	131.95	001:28:50.390 	1.8e-08	1e-99	2.25e-05	8.11e-10	2.128e+16
127.188	132.275	001:28:50.703 	1.8e-08	1e-99	2.25e-05	8.06e-10	2.078e+16
127.5	132.6	001:28:51.015 	1.8e-08	1e-99	2.25e-05	8.05e-10	2.068e+16
127.813	132.925	001:28:51.328 	1.8e-08	1e-99	2.25e-05	8.12e-10	2.138e+16
128.125	133.25	001:28:51.640 	1.8e-08	1e-99	2.25e-05	8.18e-10	2.198e+16
128.438	133.575	001:28:51.953 	1.8e-08	1e-99	2.25e-05	8.18e-10	2.198e+16
128.75	133.9	001:28:52.265 	1.8e-08	1e-99	2.25e-05	8.12e-10	2.138e+16
129.063	134.225	001:28:52.578 	1.8e-08	1e-99	2.25e-05	8.14e-10	2.158e+16
129.375	134.55	001:28:52.890 	1.8e-08	1e-99	2.25e-05	8.09e-10	2.108e+16
129.688	134.875	001:28:53.203 	1.8e-08	1e-99	2.25e-05	8.08e-10	2.098e+16
130.0	135.2	001:28:53.515 	1.8e-08	1e-99	2.25e-05	8.04e-10	2.058e+16
130.313	135.525	001:28:53.828 	1.7e-08	1e-99	2.26e-05	8.08e-10	2.098e+16
130.625	135.85	001:28:54.140 	1.7e-08	1e-99	2.26e-05	8.18e-10	2.198e+16
130.938	136.175	001:28:54.453 	1.8e-08	1e-99	2.25e-05	8.1e-10	2.118e+16
131.25	136.5	001:28:54.765 	1.8e-08	1e-99	2.25e-05	8.12e-10	2.138e+16
131.563	136.825	001:28:55.078 	1.8e-08	1e-99	2.25e-05	8.11e-10	2.128e+16
131.875	137.15	001:28:55.390 	1.7e-08	1e-99	2.25e-05	7.98e-10	1.998e+16
132.188	137.475	001:28:55.703 	1.7e-08	1e-99	2.25e-05	8.13e-10	2.148e+16
132.5	137.8	001:28:56.015 	1.7e-08	1e-99	2.25e-05	8.12e-10	2.138e+16
132.813	138.125	001:28:56.328 	1.8e-08	1e-99	2.25e-05	8.07e-10	2.088e+16
133.125	138.45	001:28:56.640 	1.8e-08	1e-99	2.25e-05	7.99e-10	2.008e+16
133.438	138.775	001:28:56.953 	1.7e-08	1e-99	2.25e-05	8.05e-10	2.068e+16
133.75	139.1	001:28:57.265 	1.7e-08	1e-99	2.25e-05	8.02e-10	2.038e+16
134.063	139.425	001:28:57.578 	1.8e-08	1e-99	2.25e-05	8.07e-10	2.088e+16
134.375	139.75	001:28:57.890 	1.9e-08	1e-99	2.25e-05	7.87e-10	1.888e+16
134.688	140.075	001:28:58.203 	1.8e-08	1e-99	2.25e-05	7.96e-10	1.978e+16
135.0	140.4	001:28:58.515 	1.7e-08	1e-99	2.24e-05	8e-10	2.018e+16
135.313	140.725	001:28:58.828 	1.8e-08	1e-99	2.25e-05	7.95e-10	1.968e+16
135.625	141.05	001:28:59.140 	1.8e-08	1e-99	2.25e-05	7.93e-10	1.948e+16
135.938	141.375	001:28:59.453 	1.7e-08	1e-99	2.25e-05	7.83e-10	1.848e+16
136.25	141.7	001:28:59.765 	1.7e-08	1e-99	2.25e-05	7.98e-10	1.998e+16
136.563	142.025	001:29:00.078 	1.8e-08	1e-99	2.25e-05	7.9e-10	1.918e+16
136.875	142.35	001:29:00.390 	1.7e-08	1e-99	2.25e-05	7.99e-10	2.008e+16
137.188	142.675	001:29:00.703 	1.8e-08	1e-99	2.25e-05	7.89e-10	1.908e+16
137.5	143.0	001:29:01.015 	1.8e-08	1e-99	2.25e-05	8.04e-10	2.058e+16
137.813	143.325	001:29:01.328 	1.8e-08	1e-99	2.25e-05	7.9e-10	1.918e+16
138.125	143.65	001:29:01.640 	1.7e-08	1e-99	2.25e-05	7.86e-10	1.878e+16
138.438	143.975	001:29:01.953 	1.8e-08	1e-99	2.25e-05	7.87e-10	1.888e+16
138.75	144.3	001:29:02.265 	1.8e-08	1e-99	2.25e-05	7.95e-10	1.968e+16
139.063	144.625	001:29:02.578 	1.8e-08	1e-99	2.25e-05	7.93e-10	1.948e+16
139.375	144.95	001:29:02.890 	1.8e-08	1e-99	2.25e-05	7.93e-10	1.948e+16
139.688	145.275	001:29:03.203 	1.7e-08	1e-99	2.25e-05	7.99e-10	2.008e+16
140.0	145.6	001:29:03.515 	1.8e-08	1e-99	2.25e-05	7.93e-10	1.948e+16
140.313	145.925	001:29:03.828 	1.8e-08	1e-99	2.25e-05	7.87e-10	1.888e+16
140.625	146.25	001:29:04.140 	1.8e-08	1e-99	2.25e-05	7.88e-10	1.898e+16
140.938	146.575	001:29:04.453 	1.7e-08	1e-99	2.24e-05	7.87e-10	1.888e+16
141.25	146.9	001:29:04.765 	1.8e-08	1e-99	2.25e-05	7.87e-10	1.888e+16
141.563	147.225	001:29:05.078 	1.8e-08	1e-99	2.24e-05	7.89e-10	1.908e+16
141.875	147.55	001:29:05.390 	1.8e-08	1e-99	2.24e-05	7.78e-10	1.798e+16
142.188	147.875	001:29:05.703 	1.8e-08	1e-99	2.24e-05	7.8e-10	1.818e+16
142.5	148.2	001:29:06.015 	1.7e-08	1e-99	2.24e-05	7.83e-10	1.848e+16
142.813	148.525	001:29:06.328 	1.8e-08	1e-99	2.24e-05	7.85e-10	1.868e+16
143.125	148.85	001:29:06.640 	1.8e-08	1e-99	2.25e-05	7.88e-10	1.898e+16
143.438	149.175	001:29:06.953 	1.7e-08	1e-99	2.25e-05	7.79e-10	1.808e+16
143.75	149.5	001:29:07.265 	1.8e-08	1e-99	2.25e-05	7.75e-10	1.768e+16
144.063	149.825	001:29:07.578 	1.8e-08	1e-99	2.25e-05	7.87e-10	1.888e+16
144.375	150.15	001:29:07.890 	1.8e-08	1e-99	2.25e-05	7.81e-10	1.828e+16
144.688	150.475	001:29:08.203 	1.7e-08	1e-99	2.25e-05	7.75e-10	1.768e+16
145.0	150.8	001:29:08.515 	1.8e-08	1e-99	2.25e-05	7.86e-10	1.878e+16
145.313	151.125	001:29:08.828 	1.8e-08	1e-99	2.25e-05	7.88e-10	1.898e+16
145.625	151.45	001:29:09.140 	1.7e-08	1e-99	2.25e-05	7.63e-10	1.648e+16
145.938	151.775	001:29:09.453 	1.7e-08	1e-99	2.25e-05	7.85e-10	1.868e+16
146.25	152.1	001:29:09.765 	1.7e-08	1e-99	2.25e-05	7.66e-10	1.678e+16
146.563	152.425	001:29:10.078 	1.8e-08	1e-99	2.25e-05	7.89e-10	1.908e+16
146.875	152.75	001:29:10.390 	1.8e-08	1e-99	2.25e-05	7.83e-10	1.848e+16
147.188	153.075	001:29:10.703 	1.7e-08	1e-99	2.25e-05	7.79e-10	1.808e+16
147.5	153.4	001:29:11.015 	1.7e-08	1e-99	2.25e-05	7.85e-10	1.868e+16
147.813	153.725	001:29:11.328 	1.8e-08	1e-99	2.25e-05	7.74e-10	1.758e+16
148.125	154.05	001:29:11.640 	1.8e-08	1e-99	2.25e-05	7.76e-10	1.778e+16
148.438	154.375	001:29:11.953 	1.7e-08	1e-99	2.25e-05	7.81e-10	1.828e+16
148.75	154.7	001:29:12.265 	1.7e-08	1e-99	2.24e-05	7.76e-10	1.778e+16
149.063	155.025	001:29:12.578 	1.8e-08	1e-99	2.24e-05	7.64e-10	1.658e+16
149.375	155.35	001:29:12.890 	1.8e-08	1e-99	2.24e-05	7.78e-10	1.798e+16
149.688	155.675	001:29:13.203 	1.8e-08	1e-99	2.24e-05	7.7e-10	1.718e+16
150.0	156.0	001:29:13.515 	1.8e-08	1e-99	2.24e-05	7.61e-10	1.628e+16
150.313	156.325	001:29:13.828 	1.8e-08	1e-99	2.24e-05	7.64e-10	1.658e+16
150.625	156.65	001:29:14.140 	1.8e-08	1e-99	2.24e-05	7.69e-10	1.708e+16
150.938	156.975	001:29:14.453 	1.7e-08	1e-99	2.24e-05	7.72e-10	1.738e+16
151.25	157.3	001:29:14.765 	1.7e-08	1e-99	2.24e-05	7.64e-10	1.658e+16
151.563	157.625	001:29:15.078 	1.8e-08	1e-99	2.25e-05	7.76e-10	1.778e+16
151.875	157.95	001:29:15.390 	1.8e-08	1e-99	2.25e-05	7.59e-10	1.608e+16
152.188	158.275	001:29:15.703 	1.8e-08	1e-99	2.25e-05	7.73e-10	1.748e+16
152.5	158.6	001:29:16.015 	1.7e-08	1e-99	2.25e-05	7.63e-10	1.648e+16
152.813	158.925	001:29:16.328 	1.8e-08	1e-99	2.25e-05	7.61e-10	1.628e+16
153.125	159.25	001:29:16.640 	1.8e-08	1e-99	2.25e-05	7.66e-10	1.678e+16
153.438	159.575	001:29:16.953 	1.7e-08	1e-99	2.25e-05	7.64e-10	1.658e+16
153.75	159.9	001:29:17.265 	1.7e-08	1e-99	2.25e-05	7.66e-10	1.678e+16
154.063	160.225	001:29:17.578 	1.8e-08	1e-99	2.25e-05	7.62e-10	1.638e+16
154.375	160.55	001:29:17.890 	1.7e-08	1e-99	2.25e-05	7.59e-10	1.608e+16
154.688	160.875	001:29:18.203 	1.7e-08	1e-99	2.25e-05	7.54e-10	1.558e+16
155.0	161.2	001:29:18.515 	1.8e-08	1e-99	2.25e-05	7.62e-10	1.638e+16
155.313	161.525	001:29:18.828 	1.8e-08	1e-99	2.25e-05	7.68e-10	1.698e+16
155.625	161.85	001:29:19.140 	1.7e-08	1e-99	2.25e-05	7.74e-10	1.758e+16
155.938	162.175	001:29:19.453 	1.7e-08	1e-99	2.25e-05	7.54e-10	1.558e+16
156.25	162.5	001:29:19.765 	1.8e-08	1e-99	2.25e-05	7.5e-10	1.518e+16
156.563	162.825	001:29:20.078 	1.8e-08	1e-99	2.25e-05	7.6e-10	1.618e+16
156.875	163.15	001:29:20.390 	1.7e-08	1e-99	2.24e-05	7.57e-10	1.588e+16
157.188	163.475	001:29:20.703 	1.8e-08	1e-99	2.24e-05	7.56e-10	1.578e+16
157.5	163.8	001:29:21.015 	1.8e-08	1e-99	2.24e-05	7.62e-10	1.638e+16
157.813	164.125	001:29:21.328 	1.7e-08	1e-99	2.24e-05	7.66e-10	1.678e+16
158.125	164.45	001:29:21.640 	1.7e-08	1e-99	2.24e-05	7.49e-10	1.508e+16
158.438	164.775	001:29:21.953 	1.8e-08	1e-99	2.24e-05	7.52e-10	1.538e+16
158.75	165.1	001:29:22.265 	1.8e-08	1e-99	2.24e-05	7.61e-10	1.628e+16
159.063	165.425	001:29:22.578 	1.7e-08	1e-99	2.24e-05	7.5e-10	1.518e+16
159.375	165.75	001:29:22.890 	1.7e-08	1e-99	2.24e-05	7.51e-10	1.528e+16
159.688	166.075	001:29:23.203 	1.8e-08	1e-99	2.24e-05	7.42e-10	1.438e+16
160.0	166.4	001:29:23.515 	1.8e-08	1e-99	2.24e-05	7.63e-10	1.648e+16
160.313	166.725	001:29:23.828 	1.8e-08	1e-99	2.24e-05	7.56e-10	1.578e+16
160.625	167.05	001:29:24.140 	1.8e-08	1e-99	2.25e-05	7.62e-10	1.638e+16
160.938	167.375	001:29:24.453 	1.8e-08	1e-99	2.25e-05	7.55e-10	1.568e+16
161.25	167.7	001:29:24.765 	1.8e-08	1e-99	2.25e-05	7.48e-10	1.498e+16
161.563	168.025	001:29:25.078 	1.7e-08	1e-99	2.25e-05	7.44e-10	1.458e+16
161.875	168.35	001:29:25.390 	1.7e-08	1e-99	2.25e-05	7.48e-10	1.498e+16
162.188	168.675	001:29:25.703 	1.8e-08	1e-99	2.25e-05	7.35e-10	1.368e+16
162.5	169.0	001:29:26.015 	1.8e-08	1e-99	2.25e-05	7.53e-10	1.548e+16
162.813	169.325	001:29:26.328 	1.7e-08	1e-99	2.25e-05	7.53e-10	1.548e+16
163.125	169.65	001:29:26.640 	1.8e-08	1e-99	2.25e-05	7.42e-10	1.438e+16
163.438	169.975	001:29:26.953 	1.8e-08	1e-99	2.25e-05	7.45e-10	1.468e+16
163.75	170.3	001:29:27.265 	1.8e-08	1e-99	2.25e-05	7.45e-10	1.468e+16
164.063	170.625	001:29:27.578 	1.7e-08	1e-99	2.25e-05	7.44e-10	1.458e+16
164.375	170.95	001:29:27.890 	1.8e-08	1e-99	2.25e-05	7.47e-10	1.488e+16
164.688	171.275	001:29:28.203 	1.8e-08	1e-99	2.25e-05	7.56e-10	1.578e+16
165.0	171.6	001:29:28.515 	1.7e-08	1e-99	2.25e-05	7.53e-10	1.548e+16
165.313	171.925	001:29:28.828 	1.7e-08	1e-99	2.25e-05	7.36e-10	1.378e+16
165.625	172.25	001:29:29.140 	1.7e-08	1e-99	2.24e-05	7.55e-10	1.568e+16
165.938	172.575	001:29:29.453 	1.8e-08	1e-99	2.24e-05	7.41e-10	1.428e+16
166.25	172.9	001:29:29.765 	1.7e-08	1e-99	2.24e-05	7.44e-10	1.458e+16
166.563	173.225	001:29:30.078 	1.7e-08	1e-99	2.24e-05	7.36e-10	1.378e+16
166.875	173.55	001:29:30.390 	1.8e-08	1e-99	2.24e-05	7.42e-10	1.438e+16
167.188	173.875	001:29:30.703 	1.8e-08	1e-99	2.24e-05	7.35e-10	1.368e+16
167.5	174.2	001:29:31.015 	1.8e-08	1e-99	2.24e-05	7.36e-10	1.378e+16
167.813	174.525	001:29:31.328 	1.7e-08	1e-99	2.24e-05	7.36e-10	1.378e+16
168.125	174.85	001:29:31.640 	1.8e-08	1e-99	2.24e-05	7.37e-10	1.388e+16
168.438	175.175	001:29:31.953 	1.8e-08	1e-99	2.24e-05	7.49e-10	1.508e+16
168.75	175.5	001:29:32.265 	1.8e-08	1e-99	2.24e-05	7.26e-10	1.278e+16
169.063	175.825	001:29:32.578 	1.8e-08	1e-99	2.24e-05	7.38e-10	1.398e+16
169.375	176.15	001:29:32.890 	1.8e-08	1e-99	2.25e-05	7.37e-10	1.388e+16
169.688	176.475	001:29:33.203 	1.8e-08	1e-99	2.24e-05	7.38e-10	1.398e+16
170.0	176.8	001:29:33.515 	1.7e-08	1e-99	2.25e-05	7.5e-10	1.518e+16
170.313	177.125	001:29:33.828 	1.7e-08	1e-99	2.24e-05	7.36e-10	1.378e+16
170.625	177.45	001:29:34.140 	1.7e-08	1e-99	2.25e-05	7.32e-10	1.338e+16
170.938	177.775	001:29:34.453 	1.8e-08	1e-99	2.25e-05	7.42e-10	1.438e+16
171.25	178.1	001:29:34.765 	1.7e-08	1e-99	2.25e-05	7.38e-10	1.398e+16
171.563	178.425	001:29:35.078 	1.7e-08	1e-99	2.25e-05	7.38e-10	1.398e+16
171.875	178.75	001:29:35.390 	1.8e-08	1e-99	2.25e-05	7.26e-10	1.278e+16
172.188	179.075	001:29:35.703 	1.8e-08	1e-99	2.25e-05	7.26e-10	1.278e+16
172.5	179.4	001:29:36.015 	1.7e-08	1e-99	2.25e-05	7.34e-10	1.358e+16
172.813	179.725	001:29:36.328 	1.7e-08	1e-99	2.25e-05	7.38e-10	1.398e+16
173.125	180.05	001:29:36.640 	1.8e-08	1e-99	2.25e-05	7.39e-10	1.408e+16
173.438	180.375	001:29:36.953 	1.8e-08	1e-99	2.25e-05	7.34e-10	1.358e+16
173.75	180.7	001:29:37.265 	1.8e-08	1e-99	2.24e-05	7.35e-10	1.368e+16
174.063	181.025	001:29:37.578 	1.7e-08	1e-99	2.24e-05	7.23e-10	1.248e+16
174.375	181.35	001:29:37.890 	1.8e-08	1e-99	2.24e-05	7.19e-10	1.208e+16
174.688	181.675	001:29:38.203 	1.8e-08	1e-99	2.24e-05	7.29e-10	1.308e+16
175.0	182.0	001:29:38.515 	1.8e-08	1e-99	2.24e-05	7.39e-10	1.408e+16
175.313	182.325	001:29:38.828 	1.8e-08	1e-99	2.24e-05	7.32e-10	1.338e+16
175.625	182.65	001:29:39.140 	1.7e-08	1e-99	2.24e-05	7.37e-10	1.388e+16
175.938	182.975	001:29:39.453 	1.8e-08	1e-99	2.24e-05	7.35e-10	1.368e+16
176.25	183.3	001:29:39.765 	1.8e-08	1e-99	2.24e-05	7.3e-10	1.318e+16
176.563	183.625	001:29:40.078 	1.7e-08	1e-99	2.24e-05	7.26e-10	1.278e+16
176.875	183.95	001:29:40.390 	1.8e-08	1e-99	2.24e-05	7.35e-10	1.368e+16
177.188	184.275	001:29:40.703 	1.8e-08	1e-99	2.24e-05	7.25e-10	1.268e+16
177.5	184.6	001:29:41.015 	1.7e-08	1e-99	2.24e-05	7.11e-10	1.128e+16
177.813	184.925	001:29:41.328 	1.7e-08	1e-99	2.24e-05	7.13e-10	1.148e+16
178.125	185.25	001:29:41.640 	1.8e-08	1e-99	2.24e-05	7.25e-10	1.268e+16
178.438	185.575	001:29:41.953 	1.8e-08	1e-99	2.24e-05	7.31e-10	1.328e+16
178.75	185.9	001:29:42.265 	1.8e-08	1e-99	2.24e-05	7.22e-10	1.238e+16
179.063	186.225	001:29:42.578 	1.8e-08	1e-99	2.24e-05	7.35e-10	1.368e+16
179.375	186.55	001:29:42.890 	1.8e-08	1e-99	2.24e-05	7.22e-10	1.238e+16
179.688	186.875	001:29:43.203 	1.7e-08	1e-99	2.25e-05	7.26e-10	1.278e+16
180.0	187.2	001:29:43.515 	1.7e-08	1e-99	2.25e-05	7.21e-10	1.228e+16
180.313	187.525	001:29:43.828 	1.8e-08	1e-99	2.25e-05	7.18e-10	1.198e+16
180.625	187.85	001:29:44.140 	1.8e-08	1e-99	2.25e-05	7.2e-10	1.218e+16
180.938	188.175	001:29:44.453 	1.7e-08	1e-99	2.25e-05	7.2e-10	1.218e+16
181.25	188.5	001:29:44.765 	1.8e-08	1e-99	2.25e-05	7.17e-10	1.188e+16
181.563	188.825	001:29:45.078 	1.8e-08	1e-99	2.25e-05	7.1e-10	1.118e+16
181.875	189.15	001:29:45.390 	1.7e-08	1e-99	2.25e-05	7.27e-10	1.288e+16
182.188	189.475	001:29:45.703 	1.7e-08	1e-99	2.25e-05	7.22e-10	1.238e+16
182.5	189.8	001:29:46.015 	1.8e-08	1e-99	2.25e-05	7.12e-10	1.138e+16
182.813	190.125	001:29:46.328 	1.8e-08	1e-99	2.25e-05	7.16e-10	1.178e+16
183.125	190.45	001:29:46.640 	1.8e-08	1e-99	2.25e-05	7.22e-10	1.238e+16
183.438	190.775	001:29:46.953 	1.7e-08	1e-99	2.24e-05	7.2e-10	1.218e+16
183.75	191.1	001:29:47.265 	1.8e-08	1e-99	2.24e-05	7.12e-10	1.138e+16
184.063	191.425	001:29:47.578 	1.8e-08	1e-99	2.24e-05	7.07e-10	1.088e+16
184.375	191.75	001:29:47.890 	1.8e-08	1e-99	2.24e-05	7.26e-10	1.278e+16
184.688	192.075	001:29:48.203 	1.7e-08	1e-99	2.24e-05	7.24e-10	1.258e+16
185.0	192.4	001:29:48.515 	1.8e-08	1e-99	2.24e-05	7.16e-10	1.178e+16
185.313	192.725	001:29:48.828 	1.8e-08	1e-99	2.24e-05	7.16e-10	1.178e+16
185.625	193.05	001:29:49.140 	1.8e-08	1e-99	2.24e-05	7.07e-10	1.088e+16
185.938	193.375	001:29:49.453 	1.8e-08	1e-99	2.24e-05	7.17e-10	1.188e+16
186.25	193.7	001:29:49.765 	1.8e-08	1e-99	2.24e-05	7.07e-10	1.088e+16
186.563	194.025	001:29:50.078 	1.8e-08	1e-99	2.24e-05	7.12e-10	1.138e+16
186.875	194.35	001:29:50.390 	1.7e-08	1e-99	2.24e-05	7.11e-10	1.128e+16
187.188	194.675	001:29:50.703 	1.7e-08	1e-99	2.24e-05	7.15e-10	1.168e+16
187.5	195.0	001:29:51.015 	1.8e-08	1e-99	2.24e-05	7.09e-10	1.108e+16
187.813	195.325	001:29:51.328 	1.8e-08	1e-99	2.24e-05	7.1e-10	1.118e+16
188.125	195.65	001:29:51.640 	1.7e-08	1e-99	2.24e-05	7.1e-10	1.118e+16
188.438	195.975	001:29:51.953 	1.7e-08	1e-99	2.24e-05	7.14e-10	1.158e+16
188.75	196.3	001:29:52.265 	1.8e-08	1e-99	2.24e-05	6.97e-10	9.88e+15
189.063	196.625	001:29:52.578 	1.8e-08	1e-99	2.24e-05	7.02e-10	1.038e+16
189.375	196.95	001:29:52.890 	1.8e-08	1e-99	2.24e-05	7.24e-10	1.258e+16
189.688	197.275	001:29:53.203 	1.8e-08	1e-99	2.24e-05	7.06e-10	1.078e+16
190.0	197.6	001:29:53.515 	1.8e-08	1e-99	2.25e-05	7.03e-10	1.048e+16
190.313	197.925	001:29:53.828 	1.8e-08	1e-99	2.25e-05	7.14e-10	1.158e+16
190.625	198.25	001:29:54.140 	1.7e-08	1e-99	2.25e-05	7.1e-10	1.118e+16
190.938	198.575	001:29:54.453 	1.8e-08	1e-99	2.25e-05	7.09e-10	1.108e+16
191.25	198.9	001:29:54.765 	1.8e-08	1e-99	2.25e-05	7.05e-10	1.068e+16
191.563	199.225	001:29:55.078 	1.8e-08	1e-99	2.25e-05	7.09e-10	1.108e+16
191.875	199.55	001:29:55.390 	1.7e-08	1e-99	2.24e-05	7.11e-10	1.128e+16
192.188	199.875	001:29:55.703 	1.8e-08	1e-99	2.24e-05	6.96e-10	9.78e+15
192.5	200.2	001:29:56.015 	1.8e-08	1e-99	2.24e-05	7.06e-10	1.078e+16
192.813	200.525	001:29:56.328 	1.8e-08	1e-99	2.24e-05	7.08e-10	1.098e+16
193.125	200.85	001:29:56.640 	1.8e-08	1e-99	2.24e-05	7e-10	1.018e+16
193.438	201.175	001:29:56.953 	1.8e-08	1e-99	2.24e-05	6.99e-10	1.008e+16
193.75	201.5	001:29:57.265 	1.8e-08	1e-99	2.24e-05	7.01e-10	1.028e+16
194.063	201.825	001:29:57.578 	1.7e-08	1e-99	2.24e-05	7.17e-10	1.188e+16
194.375	202.15	001:29:57.890 	1.7e-08	1e-99	2.24e-05	7.03e-10	1.048e+16
194.688	202.475	001:29:58.203 	1.8e-08	1e-99	2.24e-05	7.06e-10	1.078e+16
195.0	202.8	001:29:58.515 	1.8e-08	1e-99	2.24e-05	6.91e-10	9.28e+15
195.313	203.125	001:29:58.828 	1.7e-08	1e-99	2.24e-05	7.11e-10	1.128e+16
195.625	203.45	001:29:59.140 	1.8e-08	1e-99	2.24e-05	6.93e-10	9.48e+15
195.938	203.775	001:29:59.453 	1.8e-08	1e-99	2.24e-05	6.98e-10	9.98e+15
196.25	204.1	001:29:59.765 	1.8e-08	1e-99	2.24e-05	6.96e-10	9.78e+15
196.563	204.425	001:30:00.078 	1.7e-08	1e-99	2.24e-05	7.01e-10	1.028e+16
196.875	204.75	001:30:00.390 	1.8e-08	1e-99	2.24e-05	7.01e-10	1.028e+16
197.188	205.075	001:30:00.703 	1.8e-08	1e-99	2.24e-05	6.93e-10	9.48e+15
197.5	205.4	001:30:01.015 	1.7e-08	1e-99	2.24e-05	7.01e-10	1.028e+16
197.813	205.725	001:30:01.328 	1.7e-08	1e-99	2.24e-05	7.04e-10	1.058e+16
198.125	206.05	001:30:01.640 	1.8e-08	1e-99	2.24e-05	6.99e-10	1.008e+16
198.438	206.375	001:30:01.953 	1.8e-08	1e-99	2.24e-05	6.99e-10	1.008e+16
198.75	206.7	001:30:02.265 	1.8e-08	1e-99	2.24e-05	6.98e-10	9.98e+15
199.063	207.025	001:30:02.578 	1.8e-08	1e-99	2.24e-05	6.88e-10	8.98e+15
199.375	207.35	001:30:02.890 	1.8e-08	1e-99	2.25e-05	6.94e-10	9.58e+15
199.688	207.675	001:30:03.203 	1.8e-08	1e-99	2.25e-05	6.92e-10	9.38e+15
200.0	208.0	001:30:03.515 	1.8e-08	1e-99	2.25e-05	6.86e-10	8.78e+15
200.313	208.325	001:30:03.828 	1.8e-08	1e-99	2.25e-05	6.85e-10	8.68e+15
200.625	208.65	001:30:04.140 	1.8e-08	1e-99	2.25e-05	6.91e-10	9.28e+15
200.938	208.975	001:30:04.453 	1.8e-08	1e-99	2.25e-05	6.91e-10	9.28e+15
201.25	209.3	001:30:04.765 	1.8e-08	1e-99	2.25e-05	6.95e-10	9.68e+15
201.563	209.625	001:30:05.078 	1.8e-08	1e-99	2.25e-05	6.96e-10	9.78e+15
201.875	209.95	001:30:05.390 	1.8e-08	1e-99	2.25e-05	6.91e-10	9.28e+15
202.188	210.275	001:30:05.703 	1.8e-08	1e-99	2.24e-05	6.94e-10	9.58e+15
202.5	210.6	001:30:06.015 	1.8e-08	1e-99	2.24e-05	6.89e-10	9.08e+15
202.813	210.925	001:30:06.328 	1.8e-08	1e-99	2.24e-05	6.94e-10	9.58e+15
203.125	211.25	001:30:06.640 	1.8e-08	1e-99	2.24e-05	6.8e-10	8.18e+15
203.438	211.575	001:30:06.953 	1.8e-08	1e-99	2.24e-05	6.85e-10	8.68e+15
203.75	211.9	001:30:07.265 	1.8e-08	1e-99	2.24e-05	6.86e-10	8.78e+15
204.063	212.225	001:30:07.578 	1.7e-08	1e-99	2.24e-05	6.88e-10	8.98e+15
204.375	212.55	001:30:07.890 	1.7e-08	1e-99	2.24e-05	6.94e-10	9.58e+15
204.688	212.875	001:30:08.203 	1.8e-08	1e-99	2.24e-05	6.75e-10	7.68e+15
205.0	213.2	001:30:08.515 	1.8e-08	1e-99	2.24e-05	6.95e-10	9.68e+15
205.313	213.525	001:30:08.828 	1.7e-08	1e-99	2.24e-05	6.86e-10	8.78e+15
205.625	213.85	001:30:09.140 	1.7e-08	1e-99	2.24e-05	6.87e-10	8.88e+15
205.938	214.175	001:30:09.453 	1.8e-08	1e-99	2.24e-05	6.91e-10	9.28e+15
206.25	214.5	001:30:09.765 	1.8e-08	1e-99	2.24e-05	6.83e-10	8.48e+15
206.563	214.825	001:30:10.078 	1.8e-08	1e-99	2.24e-05	6.8e-10	8.18e+15
206.875	215.15	001:30:10.390 	1.8e-08	1e-99	2.24e-05	6.8e-10	8.18e+15
207.188	215.475	001:30:10.703 	1.8e-08	1e-99	2.24e-05	6.94e-10	9.58e+15
207.5	215.8	001:30:11.015 	1.8e-08	1e-99	2.24e-05	6.94e-10	9.58e+15
207.813	216.125	001:30:11.328 	1.7e-08	1e-99	2.24e-05	6.71e-10	7.28e+15
208.125	216.45	001:30:11.640 	1.7e-08	1e-99	2.24e-05	6.78e-10	7.98e+15
208.438	216.775	001:30:11.953 	1.8e-08	1e-99	2.24e-05	6.85e-10	8.68e+15
208.75	217.1	001:30:12.265 	1.7e-08	1e-99	2.25e-05	6.71e-10	7.28e+15
209.063	217.425	001:30:12.578 	1.7e-08	1e-99	2.25e-05	6.78e-10	7.98e+15
209.375	217.75	001:30:12.890 	1.7e-08	1e-99	2.24e-05	6.84e-10	8.58e+15
209.688	218.075	001:30:13.203 	1.8e-08	1e-99	2.24e-05	6.81e-10	8.28e+15
210.0	218.4	001:30:13.515 	1.8e-08	1e-99	2.24e-05	6.79e-10	8.08e+15
210.313	218.725	001:30:13.828 	1.7e-08	1e-99	2.24e-05	6.85e-10	8.68e+15
210.625	219.05	001:30:14.140 	1.7e-08	1e-99	2.24e-05	6.89e-10	9.08e+15
210.938	219.375	001:30:14.453 	1.7e-08	1e-99	2.24e-05	6.79e-10	8.08e+15
211.25	219.7	001:30:14.765 	1.8e-08	1e-99	2.24e-05	6.73e-10	7.48e+15
211.563	220.025	001:30:15.078 	1.8e-08	1e-99	2.24e-05	6.77e-10	7.88e+15
211.875	220.35	001:30:15.390 	1.7e-08	1e-99	2.24e-05	6.84e-10	8.58e+15
212.188	220.675	001:30:15.703 	1.7e-08	1e-99	2.24e-05	6.82e-10	8.38e+15
212.5	221.0	001:30:16.015 	1.7e-08	1e-99	2.24e-05	6.71e-10	7.28e+15
212.813	221.325	001:30:16.328 	1.8e-08	1e-99	2.24e-05	6.73e-10	7.48e+15
213.125	221.65	001:30:16.640 	1.8e-08	1e-99	2.24e-05	6.7e-10	7.18e+15
213.438	221.975	001:30:16.953 	1.8e-08	1e-99	2.24e-05	6.71e-10	7.28e+15
213.75	222.3	001:30:17.265 	1.8e-08	1e-99	2.24e-05	6.76e-10	7.78e+15
214.063	222.625	001:30:17.578 	1.8e-08	1e-99	2.24e-05	6.69e-10	7.08e+15
214.375	222.95	001:30:17.890 	1.7e-08	1e-99	2.24e-05	6.76e-10	7.78e+15
214.688	223.275	001:30:18.203 	1.7e-08	1e-99	2.24e-05	6.78e-10	7.98e+15
215.0	223.6	001:30:18.515 	1.8e-08	1e-99	2.24e-05	6.78e-10	7.98e+15
215.313	223.925	001:30:18.828 	1.7e-08	1e-99	2.24e-05	6.71e-10	7.28e+15
215.625	224.25	001:30:19.140 	1.7e-08	1e-99	2.24e-05	6.8e-10	8.18e+15
215.938	224.575	001:30:19.453 	1.7e-08	1e-99	2.24e-05	6.74e-10	7.58e+15
216.25	224.9	001:30:19.765 	1.8e-08	1e-99	2.24e-05	6.73e-10	7.48e+15
216.563	225.225	001:30:20.078 	1.7e-08	1e-99	2.25e-05	6.79e-10	8.08e+15
216.875	225.55	001:30:20.390 	1.7e-08	1e-99	2.24e-05	6.65e-10	6.68e+15
217.188	225.875	001:30:20.703 	1.7e-08	1e-99	2.24e-05	6.72e-10	7.38e+15
217.5	226.2	001:30:21.015 	1.7e-08	1e-99	2.24e-05	6.66e-10	6.78e+15
217.813	226.525	001:30:21.328 	1.7e-08	1e-99	2.24e-05	6.72e-10	7.38e+15
218.125	226.85	001:30:21.640 	1.7e-08	1e-99	2.24e-05	6.68e-10	6.98e+15
218.438	227.175	001:30:21.953 	1.7e-08	1e-99	2.24e-05	6.64e-10	6.58e+15
218.75	227.5	001:30:22.265 	1.8e-08	1e-99	2.24e-05	6.66e-10	6.78e+15
219.063	227.825	001:30:22.578 	1.8e-08	1e-99	2.24e-05	6.7e-10	7.18e+15
219.375	228.15	001:30:22.890 	1.7e-08	1e-99	2.24e-05	6.74e-10	7.58e+15
219.688	228.475	001:30:23.203 	1.8e-08	1e-99	2.24e-05	6.79e-10	8.08e+15
220.0	228.8	001:30:23.515 	1.8e-08	1e-99	2.24e-05	6.69e-10	7.08e+15
220.313	229.125	001:30:23.828 	1.8e-08	1e-99	2.24e-05	6.68e-10	6.98e+15
220.625	229.45	001:30:24.140 	1.8e-08	1e-99	2.24e-05	6.71e-10	7.28e+15
220.938	229.775	001:30:24.453 	1.7e-08	1e-99	2.24e-05	6.62e-10	6.38e+15
221.25	230.1	001:30:24.765 	1.7e-08	1e-99	2.24e-05	6.62e-10	6.38e+15
221.563	230.425	001:30:25.078 	1.7e-08	1e-99	2.24e-05	6.63e-10	6.48e+15
221.875	230.75	001:30:25.390 	1.8e-08	1e-99	2.24e-05	6.63e-10	6.48e+15
222.188	231.075	001:30:25.703 	1.8e-08	1e-99	2.24e-05	6.61e-10	6.28e+15
222.5	231.4	001:30:26.015 	1.7e-08	1e-99	2.24e-05	6.75e-10	7.68e+15
222.813	231.725	001:30:26.328 	1.8e-08	1e-99	2.24e-05	6.55e-10	5.68e+15
223.125	232.05	001:30:26.640 	1.8e-08	1e-99	2.24e-05	6.66e-10	6.78e+15
223.438	232.375	001:30:26.953 	1.7e-08	1e-99	2.24e-05	6.6e-10	6.18e+15
223.75	232.7	001:30:27.265 	1.7e-08	1e-99	2.24e-05	6.69e-10	7.08e+15
224.063	233.025	001:30:27.578 	1.7e-08	1e-99	2.24e-05	6.63e-10	6.48e+15
224.375	233.35	001:30:27.890 	1.8e-08	1e-99	2.24e-05	6.49e-10	5.08e+15
224.688	233.675	001:30:28.203 	1.8e-08	1e-99	2.24e-05	6.7e-10	7.18e+15
225.0	234.0	001:30:28.515 	1.7e-08	1e-99	2.24e-05	6.57e-10	5.88e+15
225.313	234.325	001:30:28.828 	1.8e-08	1e-99	2.24e-05	6.52e-10	5.38e+15
225.625	234.65	001:30:29.140 	1.8e-08	1e-99	2.24e-05	6.56e-10	5.78e+15
225.938	234.975	001:30:29.453 	1.7e-08	1e-99	2.24e-05	6.64e-10	6.58e+15
226.25	235.3	001:30:29.765 	1.7e-08	1e-99	2.24e-05	6.62e-10	6.38e+15
226.563	235.625	001:30:30.078 	1.7e-08	1e-99	2.24e-05	6.55e-10	5.68e+15
226.875	235.95	001:30:30.390 	1.8e-08	1e-99	2.24e-05	6.51e-10	5.28e+15
227.188	236.275	001:30:30.703 	1.8e-08	1e-99	2.24e-05	6.65e-10	6.68e+15
227.5	236.6	001:30:31.015 	1.8e-08	1e-99	2.24e-05	6.68e-10	6.98e+15
227.813	236.925	001:30:31.328 	1.8e-08	1e-99	2.24e-05	6.58e-10	5.98e+15
228.125	237.25	001:30:31.640 	1.7e-08	1e-99	2.24e-05	6.65e-10	6.68e+15
228.438	237.575	001:30:31.953 	1.8e-08	1e-99	2.24e-05	6.52e-10	5.38e+15
228.75	237.9	001:30:32.265 	1.7e-08	1e-99	2.24e-05	6.63e-10	6.48e+15
229.063	238.225	001:30:32.578 	1.7e-08	1e-99	2.24e-05	6.61e-10	6.28e+15
229.375	238.55	001:30:32.890 	1.8e-08	1e-99	2.24e-05	6.54e-10	5.58e+15
229.688	238.875	001:30:33.203 	1.8e-08	1e-99	2.24e-05	6.62e-10	6.38e+15
230.0	239.2	001:30:33.515 	1.8e-08	1e-99	2.24e-05	6.57e-10	5.88e+15
230.313	239.525	001:30:33.828 	1.7e-08	1e-99	2.24e-05	6.5e-10	5.18e+15
230.625	239.85	001:30:34.140 	1.8e-08	1e-99	2.24e-05	6.48e-10	4.98e+15
230.938	240.175	001:30:34.453 	1.8e-08	1e-99	2.23e-05	6.55e-10	5.68e+15
231.25	240.5	001:30:34.765 	1.8e-08	1e-99	2.24e-05	6.57e-10	5.88e+15
231.563	240.825	001:30:35.078 	1.8e-08	1e-99	2.24e-05	6.59e-10	6.08e+15
231.875	241.15	001:30:35.390 	1.8e-08	1e-99	2.24e-05	6.44e-10	4.58e+15
232.188	241.475	001:30:35.703 	1.8e-08	1e-99	2.24e-05	6.59e-10	6.08e+15
232.5	241.8	001:30:36.015 	1.8e-08	1e-99	2.24e-05	6.68e-10	6.98e+15
232.813	242.125	001:30:36.328 	1.8e-08	1e-99	2.24e-05	6.54e-10	5.58e+15
233.125	242.45	001:30:36.640 	1.8e-08	1e-99	2.24e-05	6.55e-10	5.68e+15
233.438	242.775	001:30:36.953 	1.7e-08	1e-99	2.24e-05	6.61e-10	6.28e+15
233.75	243.1	001:30:37.265 	1.7e-08	1e-99	2.24e-05	6.5e-10	5.18e+15
234.063	243.425	001:30:37.578 	1.8e-08	1e-99	2.24e-05	6.55e-10	5.68e+15
234.375	243.75	001:30:37.890 	1.8e-08	1e-99	2.24e-05	6.47e-10	4.88e+15
234.688	244.075	001:30:38.203 	1.8e-08	1e-99	2.24e-05	6.52e-10	5.38e+15
235.0	244.4	001:30:38.515 	1.7e-08	1e-99	2.24e-05	6.52e-10	5.38e+15
235.313	244.725	001:30:38.828 	1.7e-08	1e-99	2.24e-05	6.48e-10	4.98e+15
235.625	245.05	001:30:39.140 	1.8e-08	1e-99	2.24e-05	6.57e-10	5.88e+15
235.938	245.375	001:30:39.453 	1.7e-08	1e-99	2.24e-05	6.49e-10	5.08e+15
236.25	245.7	001:30:39.765 	1.7e-08	1e-99	2.24e-05	6.58e-10	5.98e+15
236.563	246.025	001:30:40.078 	1.8e-08	1e-99	2.24e-05	6.51e-10	5.28e+15
236.875	246.35	001:30:40.390 	1.8e-08	1e-99	2.24e-05	6.47e-10	4.88e+15
237.188	246.675	001:30:40.703 	1.7e-08	1e-99	2.24e-05	6.43e-10	4.48e+15
237.5	247.0	001:30:41.015 	1.8e-08	1e-99	2.24e-05	6.49e-10	5.08e+15
237.813	247.325	001:30:41.328 	1.8e-08	1e-99	2.24e-05	6.48e-10	4.98e+15
238.125	247.65	001:30:41.640 	1.7e-08	1e-99	2.24e-05	6.51e-10	5.28e+15
238.438	247.975	001:30:41.953 	1.7e-08	1e-99	2.24e-05	6.56e-10	5.78e+15
238.75	248.3	001:30:42.265 	1.8e-08	1e-99	2.24e-05	6.36e-10	3.78e+15
239.063	248.625	001:30:42.578 	1.8e-08	1e-99	2.23e-05	6.47e-10	4.88e+15
239.375	248.95	001:30:42.890 	1.8e-08	1e-99	2.23e-05	6.43e-10	4.48e+15
239.688	249.275	001:30:43.203 	1.7e-08	1e-99	2.23e-05	6.51e-10	5.28e+15
240.0	249.6	001:30:43.515 	1.8e-08	1e-99	2.24e-05	6.5e-10	5.18e+15
240.313	249.925	001:30:43.828 	1.8e-08	1e-99	2.23e-05	6.44e-10	4.58e+15
240.625	250.25	001:30:44.140 	1.7e-08	1e-99	2.23e-05	6.43e-10	4.48e+15
240.938	250.575	001:30:44.453 	1.7e-08	1e-99	2.24e-05	6.39e-10	4.08e+15
241.25	250.9	001:30:44.765 	1.7e-08	1e-99	2.24e-05	6.49e-10	5.08e+15
241.563	251.225	001:30:45.078 	1.8e-08	1e-99	2.24e-05	6.49e-10	5.08e+15
241.875	251.55	001:30:45.390 	1.8e-08	1e-99	2.24e-05	6.37e-10	3.88e+15
242.188	251.875	001:30:45.703 	1.8e-08	1e-99	2.24e-05	6.36e-10	3.78e+15
242.5	252.2	001:30:46.015 	1.7e-08	1e-99	2.24e-05	6.46e-10	4.78e+15
242.813	252.525	001:30:46.328 	1.8e-08	1e-99	2.24e-05	6.35e-10	3.68e+15
243.125	252.85	001:30:46.640 	1.8e-08	1e-99	2.24e-05	6.41e-10	4.28e+15
243.438	253.175	001:30:46.953 	1.8e-08	1e-99	2.24e-05	6.48e-10	4.98e+15
243.75	253.5	001:30:47.265 	1.8e-08	1e-99	2.24e-05	6.32e-10	3.38e+15
244.063	253.825	001:30:47.578 	1.8e-08	1e-99	2.24e-05	6.35e-10	3.68e+15
244.375	254.15	001:30:47.890 	1.8e-08	1e-99	2.24e-05	6.34e-10	3.58e+15
244.688	254.475	001:30:48.203 	1.8e-08	1e-99	2.24e-05	6.44e-10	4.58e+15
245.0	254.8	001:30:48.515 	1.8e-08	1e-99	2.24e-05	6.39e-10	4.08e+15
245.313	255.125	001:30:48.828 	1.8e-08	1e-99	2.24e-05	6.41e-10	4.28e+15
245.625	255.45	001:30:49.140 	1.8e-08	1e-99	2.24e-05	6.31e-10	3.28e+15
245.938	255.775	001:30:49.453 	1.7e-08	1e-99	2.24e-05	6.38e-10	3.98e+15
246.25	256.1	001:30:49.765 	1.7e-08	1e-99	2.24e-05	6.32e-10	3.38e+15
246.563	256.425	001:30:50.078 	1.7e-08	1e-99	2.24e-05	6.3e-10	3.18e+15
246.875	256.75	001:30:50.390 	1.7e-08	1e-99	2.24e-05	6.38e-10	3.98e+15
247.188	257.075	001:30:50.703 	1.8e-08	1e-99	2.24e-05	6.39e-10	4.08e+15
247.5	257.4	001:30:51.015 	1.8e-08	1e-99	2.23e-05	6.3e-10	3.18e+15
247.813	257.725	001:30:51.328 	1.8e-08	1e-99	2.23e-05	6.34e-10	3.58e+15
248.125	258.05	001:30:51.640 	1.7e-08	1e-99	2.24e-05	6.44e-10	4.58e+15
248.438	258.375	001:30:51.953 	1.7e-08	1e-99	2.23e-05	6.31e-10	3.28e+15
248.75	258.7	001:30:52.265 	1.8e-08	1e-99	2.23e-05	6.32e-10	3.38e+15
249.063	259.025	001:30:52.578 	1.7e-08	1e-99	2.23e-05	6.3e-10	3.18e+15
249.375	259.35	001:30:52.890 	1.8e-08	1e-99	2.23e-05	6.38e-10	3.98e+15
249.688	259.675	001:30:53.203 	1.8e-08	1e-99	2.24e-05	6.4e-10	4.18e+15
250.0	260.0	001:30:53.515 	1.8e-08	1e-99	2.24e-05	6.39e-10	4.08e+15
250.313	260.325	001:30:53.828 	1.8e-08	1e-99	2.24e-05	6.35e-10	3.68e+15
250.625	260.65	001:30:54.140 	1.8e-08	1e-99	2.24e-05	6.33e-10	3.48e+15
250.938	260.975	001:30:54.453 	1.8e-08	1e-99	2.24e-05	6.35e-10	3.68e+15
251.25	261.3	001:30:54.765 	1.8e-08	1e-99	2.24e-05	6.47e-10	4.88e+15
251.563	261.625	001:30:55.078 	1.7e-08	1e-99	2.24e-05	6.34e-10	3.58e+15
251.875	261.95	001:30:55.390 	1.8e-08	1e-99	2.24e-05	6.41e-10	4.28e+15
252.188	262.275	001:30:55.703 	1.8e-08	1e-99	2.24e-05	6.32e-10	3.38e+15
252.5	262.6	001:30:56.015 	1.7e-08	1e-99	2.24e-05	6.33e-10	3.48e+15
252.813	262.925	001:30:56.328 	1.7e-08	1e-99	2.24e-05	6.39e-10	4.08e+15
253.125	263.25	001:30:56.640 	1.8e-08	1e-99	2.24e-05	6.46e-10	4.78e+15
253.438	263.575	001:30:56.953 	1.8e-08	1e-99	2.24e-05	6.29e-10	3.08e+15
253.75	263.9	001:30:57.265 	1.7e-08	1e-99	2.24e-05	6.41e-10	4.28e+15
254.063	264.225	001:30:57.578 	1.8e-08	1e-99	2.24e-05	6.19e-10	2.08e+15
254.375	264.55	001:30:57.890 	1.8e-08	1e-99	2.24e-05	6.42e-10	4.38e+15
254.688	264.875	001:30:58.203 	1.8e-08	1e-99	2.24e-05	6.33e-10	3.48e+15
255.0	265.2	001:30:58.515 	1.7e-08	1e-99	2.24e-05	6.34e-10	3.58e+15
255.313	265.525	001:30:58.828 	1.8e-08	1e-99	2.24e-05	6.32e-10	3.38e+15
255.625	265.85	001:30:59.140 	1.8e-08	1e-99	2.24e-05	6.3e-10	3.18e+15
255.938	266.175	001:30:59.453 	1.8e-08	1e-99	2.23e-05	6.27e-10	2.88e+15
256.25	266.5	001:30:59.765 	1.8e-08	1e-99	2.23e-05	6.3e-10	3.18e+15
256.563	266.825	001:31:00.078 	1.8e-08	1e-99	2.23e-05	6.3e-10	3.18e+15
256.875	267.15	001:31:00.390 	1.8e-08	1e-99	2.23e-05	6.27e-10	2.88e+15
257.188	267.475	001:31:00.703 	1.8e-08	1e-99	2.23e-05	6.25e-10	2.68e+15
257.5	267.8	001:31:01.015 	1.8e-08	1e-99	2.23e-05	6.31e-10	3.28e+15
257.813	268.125	001:31:01.328 	1.8e-08	1e-99	2.23e-05	6.32e-10	3.38e+15
258.125	268.45	001:31:01.640 	1.7e-08	1e-99	2.23e-05	6.3e-10	3.18e+15
258.438	268.775	001:31:01.953 	1.7e-08	1e-99	2.23e-05	6.37e-10	3.88e+15
258.75	269.1	001:31:02.265 	1.8e-08	1e-99	2.24e-05	6.29e-10	3.08e+15
259.063	269.425	001:31:02.578 	1.8e-08	1e-99	2.24e-05	6.12e-10	1.38e+15
259.375	269.75	001:31:02.890 	1.7e-08	1e-99	2.24e-05	6.25e-10	2.68e+15
259.688	270.075	001:31:03.203 	1.7e-08	1e-99	2.24e-05	6.32e-10	3.38e+15
260.0	270.4	001:31:03.515 	1.8e-08	1e-99	2.24e-05	6.29e-10	3.08e+15
260.313	270.725	001:31:03.828 	1.8e-08	1e-99	2.24e-05	6.23e-10	2.48e+15
260.625	271.05	001:31:04.140 	1.7e-08	1e-99	2.24e-05	6.21e-10	2.28e+15
260.938	271.375	001:31:04.453 	1.7e-08	1e-99	2.24e-05	6.23e-10	2.48e+15
261.25	271.7	001:31:04.765 	1.8e-08	1e-99	2.24e-05	6.27e-10	2.88e+15
261.563	272.025	001:31:05.078 	1.8e-08	1e-99	2.24e-05	6.26e-10	2.78e+15
261.875	272.35	001:31:05.390 	1.8e-08	1e-99	2.24e-05	6.25e-10	2.68e+15
262.188	272.675	001:31:05.703 	1.8e-08	1e-99	2.24e-05	6.22e-10	2.38e+15
262.5	273.0	001:31:06.015 	1.7e-08	1e-99	2.24e-05	6.33e-10	3.48e+15
262.813	273.325	001:31:06.328 	1.7e-08	1e-99	2.24e-05	6.27e-10	2.88e+15
263.125	273.65	001:31:06.640 	1.8e-08	1e-99	2.24e-05	6.24e-10	2.58e+15
263.438	273.975	001:31:06.953 	1.8e-08	1e-99	2.23e-05	6.15e-10	1.68e+15
263.75	274.3	001:31:07.265 	1.8e-08	1e-99	2.23e-05	6.1e-10	1.18e+15
264.063	274.625	001:31:07.578 	1.8e-08	1e-99	2.23e-05	6.28e-10	2.98e+15
264.375	274.95	001:31:07.890 	1.8e-08	1e-99	2.23e-05	6.25e-10	2.68e+15
264.688	275.275	001:31:08.203 	1.8e-08	1e-99	2.23e-05	6.24e-10	2.58e+15
265.0	275.6	001:31:08.515 	1.8e-08	1e-99	2.23e-05	6.28e-10	2.98e+15
265.313	275.925	001:31:08.828 	1.8e-08	1e-99	2.23e-05	6.28e-10	2.98e+15
265.625	276.25	001:31:09.140 	1.8e-08	1e-99	2.23e-05	6.23e-10	2.48e+15
265.938	276.575	001:31:09.453 	1.8e-08	1e-99	2.23e-05	6.21e-10	2.28e+15
266.25	276.9	001:31:09.765 	1.7e-08	1e-99	2.24e-05	6.17e-10	1.88e+15
266.563	277.225	001:31:10.078 	1.7e-08	1e-99	2.23e-05	6.15e-10	1.68e+15
266.875	277.55	001:31:10.390 	1.8e-08	1e-99	2.24e-05	6.22e-10	2.38e+15
267.188	277.875	001:31:10.703 	1.7e-08	1e-99	2.24e-05	6.14e-10	1.58e+15
267.5	278.2	001:31:11.015 	1.7e-08	1e-99	2.24e-05	6.07e-10	8.8e+14
267.813	278.525	001:31:11.328 	1.7e-08	1e-99	2.24e-05	6.13e-10	1.48e+15
268.125	278.85	001:31:11.640 	1.7e-08	1e-99	2.24e-05	6.25e-10	2.68e+15
268.438	279.175	001:31:11.953 	1.7e-08	1e-99	2.24e-05	6.14e-10	1.58e+15
268.75	279.5	001:31:12.265 	1.8e-08	1e-99	2.24e-05	6.21e-10	2.28e+15
269.063	279.825	001:31:12.578 	1.8e-08	1e-99	2.24e-05	6.17e-10	1.88e+15
269.375	280.15	001:31:12.890 	1.7e-08	1e-99	2.24e-05	6.09e-10	1.08e+15
269.688	280.475	001:31:13.203 	1.8e-08	1e-99	2.24e-05	6.18e-10	1.98e+15
